date,store_id,product_id,stock_on_hand,reorder_point,stockout_flag
2024-01-01,S001,P0001,54,20,0
2024-01-01,S001,P0002,53,20,0
2024-01-01,S001,P0003,69,20,0
2024-01-01,S001,P0004,53,20,0
2024-01-01,S001,P0005,87,20,0
2024-01-01,S001,P0006,82,20,0
2024-01-01,S001,P0007,86,20,0
2024-01-01,S001,P0008,61,20,0
2024-01-01,S001,P0009,96,20,0
2024-01-01,S001,P0010,80,20,0
2024-01-01,S002,P0001,74,20,0
2024-01-01,S002,P0002,92,20,0
2024-01-01,S002,P0003,88,20,0
2024-01-01,S002,P0004,79,20,0
2024-01-01,S002,P0005,98,20,0
2024-01-01,S002,P0006,53,20,0
2024-01-01,S002,P0007,96,20,0
2024-01-01,S002,P0008,60,20,0
2024-01-01,S002,P0009,90,20,0
2024-01-01,S002,P0010,61,20,0
2024-01-01,S003,P0001,76,20,0
2024-01-01,S003,P0002,71,20,0
2024-01-01,S003,P0003,76,20,0
2024-01-01,S003,P0004,73,20,0
2024-01-01,S003,P0005,63,20,0
2024-01-01,S003,P0006,92,20,0
2024-01-01,S003,P0007,72,20,0
2024-01-01,S003,P0008,96,20,0
2024-01-01,S003,P0009,66,20,0
2024-01-01,S003,P0010,84,20,0
2024-01-01,S004,P0001,53,20,0
2024-01-01,S004,P0002,74,20,0
2024-01-01,S004,P0003,75,20,0
2024-01-01,S004,P0004,70,20,0
2024-01-01,S004,P0005,92,20,0
2024-01-01,S004,P0006,73,20,0
2024-01-01,S004,P0007,90,20,0
2024-01-01,S004,P0008,83,20,0
2024-01-01,S004,P0009,74,20,0
2024-01-01,S004,P0010,50,20,0
2024-01-01,S005,P0001,78,20,0
2024-01-01,S005,P0002,70,20,0
2024-01-01,S005,P0003,87,20,0
2024-01-01,S005,P0004,77,20,0
2024-01-01,S005,P0005,87,20,0
2024-01-01,S005,P0006,97,20,0
2024-01-01,S005,P0007,74,20,0
2024-01-01,S005,P0008,74,20,0
2024-01-01,S005,P0009,75,20,0
2024-01-01,S005,P0010,82,20,0
2024-01-02,S001,P0001,54,20,0
2024-01-02,S001,P0002,52,20,0
2024-01-02,S001,P0003,68,20,0
2024-01-02,S001,P0004,53,20,0
2024-01-02,S001,P0005,84,20,0
2024-01-02,S001,P0006,81,20,0
2024-01-02,S001,P0007,86,20,0
2024-01-02,S001,P0008,60,20,0
2024-01-02,S001,P0009,96,20,0
2024-01-02,S001,P0010,79,20,0
2024-01-02,S002,P0001,72,20,0
2024-01-02,S002,P0002,91,20,0
2024-01-02,S002,P0003,88,20,0
2024-01-02,S002,P0004,78,20,0
2024-01-02,S002,P0005,97,20,0
2024-01-02,S002,P0006,52,20,0
2024-01-02,S002,P0007,92,20,0
2024-01-02,S002,P0008,58,20,0
2024-01-02,S002,P0009,88,20,0
2024-01-02,S002,P0010,59,20,0
2024-01-02,S003,P0001,75,20,0
2024-01-02,S003,P0002,69,20,0
2024-01-02,S003,P0003,75,20,0
2024-01-02,S003,P0004,72,20,0
2024-01-02,S003,P0005,61,20,0
2024-01-02,S003,P0006,92,20,0
2024-01-02,S003,P0007,70,20,0
2024-01-02,S003,P0008,94,20,0
2024-01-02,S003,P0009,64,20,0
2024-01-02,S003,P0010,83,20,0
2024-01-02,S004,P0001,49,20,0
2024-01-02,S004,P0002,72,20,0
2024-01-02,S004,P0003,73,20,0
2024-01-02,S004,P0004,69,20,0
2024-01-02,S004,P0005,90,20,0
2024-01-02,S004,P0006,72,20,0
2024-01-02,S004,P0007,90,20,0
2024-01-02,S004,P0008,81,20,0
2024-01-02,S004,P0009,70,20,0
2024-01-02,S004,P0010,48,20,0
2024-01-02,S005,P0001,78,20,0
2024-01-02,S005,P0002,69,20,0
2024-01-02,S005,P0003,86,20,0
2024-01-02,S005,P0004,76,20,0
2024-01-02,S005,P0005,84,20,0
2024-01-02,S005,P0006,96,20,0
2024-01-02,S005,P0007,72,20,0
2024-01-02,S005,P0008,74,20,0
2024-01-02,S005,P0009,74,20,0
2024-01-02,S005,P0010,81,20,0
2024-01-03,S001,P0001,53,20,0
2024-01-03,S001,P0002,51,20,0
2024-01-03,S001,P0003,68,20,0
2024-01-03,S001,P0004,53,20,0
2024-01-03,S001,P0005,79,20,0
2024-01-03,S001,P0006,79,20,0
2024-01-03,S001,P0007,85,20,0
2024-01-03,S001,P0008,57,20,0
2024-01-03,S001,P0009,94,20,0
2024-01-03,S001,P0010,79,20,0
2024-01-03,S002,P0001,69,20,0
2024-01-03,S002,P0002,91,20,0
2024-01-03,S002,P0003,87,20,0
2024-01-03,S002,P0004,77,20,0
2024-01-03,S002,P0005,94,20,0
2024-01-03,S002,P0006,51,20,0
2024-01-03,S002,P0007,89,20,0
2024-01-03,S002,P0008,58,20,0
2024-01-03,S002,P0009,87,20,0
2024-01-03,S002,P0010,59,20,0
2024-01-03,S003,P0001,75,20,0
2024-01-03,S003,P0002,66,20,0
2024-01-03,S003,P0003,74,20,0
2024-01-03,S003,P0004,71,20,0
2024-01-03,S003,P0005,59,20,0
2024-01-03,S003,P0006,91,20,0
2024-01-03,S003,P0007,66,20,0
2024-01-03,S003,P0008,92,20,0
2024-01-03,S003,P0009,63,20,0
2024-01-03,S003,P0010,80,20,0
2024-01-03,S004,P0001,46,20,0
2024-01-03,S004,P0002,70,20,0
2024-01-03,S004,P0003,72,20,0
2024-01-03,S004,P0004,68,20,0
2024-01-03,S004,P0005,88,20,0
2024-01-03,S004,P0006,72,20,0
2024-01-03,S004,P0007,90,20,0
2024-01-03,S004,P0008,80,20,0
2024-01-03,S004,P0009,68,20,0
2024-01-03,S004,P0010,47,20,0
2024-01-03,S005,P0001,78,20,0
2024-01-03,S005,P0002,66,20,0
2024-01-03,S005,P0003,86,20,0
2024-01-03,S005,P0004,72,20,0
2024-01-03,S005,P0005,82,20,0
2024-01-03,S005,P0006,96,20,0
2024-01-03,S005,P0007,70,20,0
2024-01-03,S005,P0008,74,20,0
2024-01-03,S005,P0009,70,20,0
2024-01-03,S005,P0010,79,20,0
2024-01-04,S001,P0001,53,20,0
2024-01-04,S001,P0002,50,20,0
2024-01-04,S001,P0003,68,20,0
2024-01-04,S001,P0004,51,20,0
2024-01-04,S001,P0005,78,20,0
2024-01-04,S001,P0006,78,20,0
2024-01-04,S001,P0007,84,20,0
2024-01-04,S001,P0008,55,20,0
2024-01-04,S001,P0009,93,20,0
2024-01-04,S001,P0010,74,20,0
2024-01-04,S002,P0001,68,20,0
2024-01-04,S002,P0002,88,20,0
2024-01-04,S002,P0003,87,20,0
2024-01-04,S002,P0004,77,20,0
2024-01-04,S002,P0005,91,20,0
2024-01-04,S002,P0006,49,20,0
2024-01-04,S002,P0007,88,20,0
2024-01-04,S002,P0008,55,20,0
2024-01-04,S002,P0009,82,20,0
2024-01-04,S002,P0010,57,20,0
2024-01-04,S003,P0001,75,20,0
2024-01-04,S003,P0002,66,20,0
2024-01-04,S003,P0003,73,20,0
2024-01-04,S003,P0004,71,20,0
2024-01-04,S003,P0005,57,20,0
2024-01-04,S003,P0006,90,20,0
2024-01-04,S003,P0007,65,20,0
2024-01-04,S003,P0008,92,20,0
2024-01-04,S003,P0009,61,20,0
2024-01-04,S003,P0010,79,20,0
2024-01-04,S004,P0001,45,20,0
2024-01-04,S004,P0002,68,20,0
2024-01-04,S004,P0003,70,20,0
2024-01-04,S004,P0004,67,20,0
2024-01-04,S004,P0005,87,20,0
2024-01-04,S004,P0006,71,20,0
2024-01-04,S004,P0007,90,20,0
2024-01-04,S004,P0008,79,20,0
2024-01-04,S004,P0009,65,20,0
2024-01-04,S004,P0010,44,20,0
2024-01-04,S005,P0001,78,20,0
2024-01-04,S005,P0002,65,20,0
2024-01-04,S005,P0003,85,20,0
2024-01-04,S005,P0004,71,20,0
2024-01-04,S005,P0005,81,20,0
2024-01-04,S005,P0006,96,20,0
2024-01-04,S005,P0007,70,20,0
2024-01-04,S005,P0008,71,20,0
2024-01-04,S005,P0009,69,20,0
2024-01-04,S005,P0010,76,20,0
2024-01-05,S001,P0001,50,20,0
2024-01-05,S001,P0002,47,20,0
2024-01-05,S001,P0003,67,20,0
2024-01-05,S001,P0004,51,20,0
2024-01-05,S001,P0005,76,20,0
2024-01-05,S001,P0006,75,20,0
2024-01-05,S001,P0007,84,20,0
2024-01-05,S001,P0008,53,20,0
2024-01-05,S001,P0009,90,20,0
2024-01-05,S001,P0010,72,20,0
2024-01-05,S002,P0001,66,20,0
2024-01-05,S002,P0002,85,20,0
2024-01-05,S002,P0003,86,20,0
2024-01-05,S002,P0004,76,20,0
2024-01-05,S002,P0005,91,20,0
2024-01-05,S002,P0006,49,20,0
2024-01-05,S002,P0007,87,20,0
2024-01-05,S002,P0008,53,20,0
2024-01-05,S002,P0009,80,20,0
2024-01-05,S002,P0010,55,20,0
2024-01-05,S003,P0001,74,20,0
2024-01-05,S003,P0002,66,20,0
2024-01-05,S003,P0003,72,20,0
2024-01-05,S003,P0004,71,20,0
2024-01-05,S003,P0005,54,20,0
2024-01-05,S003,P0006,90,20,0
2024-01-05,S003,P0007,63,20,0
2024-01-05,S003,P0008,91,20,0
2024-01-05,S003,P0009,60,20,0
2024-01-05,S003,P0010,78,20,0
2024-01-05,S004,P0001,45,20,0
2024-01-05,S004,P0002,66,20,0
2024-01-05,S004,P0003,69,20,0
2024-01-05,S004,P0004,67,20,0
2024-01-05,S004,P0005,83,20,0
2024-01-05,S004,P0006,71,20,0
2024-01-05,S004,P0007,89,20,0
2024-01-05,S004,P0008,78,20,0
2024-01-05,S004,P0009,64,20,0
2024-01-05,S004,P0010,44,20,0
2024-01-05,S005,P0001,77,20,0
2024-01-05,S005,P0002,65,20,0
2024-01-05,S005,P0003,85,20,0
2024-01-05,S005,P0004,71,20,0
2024-01-05,S005,P0005,80,20,0
2024-01-05,S005,P0006,96,20,0
2024-01-05,S005,P0007,69,20,0
2024-01-05,S005,P0008,69,20,0
2024-01-05,S005,P0009,66,20,0
2024-01-05,S005,P0010,76,20,0
2024-01-06,S001,P0001,50,20,0
2024-01-06,S001,P0002,47,20,0
2024-01-06,S001,P0003,67,20,0
2024-01-06,S001,P0004,50,20,0
2024-01-06,S001,P0005,73,20,0
2024-01-06,S001,P0006,74,20,0
2024-01-06,S001,P0007,84,20,0
2024-01-06,S001,P0008,53,20,0
2024-01-06,S001,P0009,87,20,0
2024-01-06,S001,P0010,72,20,0
2024-01-06,S002,P0001,65,20,0
2024-01-06,S002,P0002,84,20,0
2024-01-06,S002,P0003,84,20,0
2024-01-06,S002,P0004,73,20,0
2024-01-06,S002,P0005,88,20,0
2024-01-06,S002,P0006,49,20,0
2024-01-06,S002,P0007,85,20,0
2024-01-06,S002,P0008,51,20,0
2024-01-06,S002,P0009,76,20,0
2024-01-06,S002,P0010,55,20,0
2024-01-06,S003,P0001,73,20,0
2024-01-06,S003,P0002,64,20,0
2024-01-06,S003,P0003,69,20,0
2024-01-06,S003,P0004,71,20,0
2024-01-06,S003,P0005,49,20,0
2024-01-06,S003,P0006,90,20,0
2024-01-06,S003,P0007,61,20,0
2024-01-06,S003,P0008,90,20,0
2024-01-06,S003,P0009,58,20,0
2024-01-06,S003,P0010,77,20,0
2024-01-06,S004,P0001,42,20,0
2024-01-06,S004,P0002,65,20,0
2024-01-06,S004,P0003,69,20,0
2024-01-06,S004,P0004,67,20,0
2024-01-06,S004,P0005,80,20,0
2024-01-06,S004,P0006,69,20,0
2024-01-06,S004,P0007,89,20,0
2024-01-06,S004,P0008,77,20,0
2024-01-06,S004,P0009,61,20,0
2024-01-06,S004,P0010,42,20,0
2024-01-06,S005,P0001,77,20,0
2024-01-06,S005,P0002,64,20,0
2024-01-06,S005,P0003,85,20,0
2024-01-06,S005,P0004,71,20,0
2024-01-06,S005,P0005,79,20,0
2024-01-06,S005,P0006,96,20,0
2024-01-06,S005,P0007,68,20,0
2024-01-06,S005,P0008,68,20,0
2024-01-06,S005,P0009,65,20,0
2024-01-06,S005,P0010,76,20,0
2024-01-07,S001,P0001,49,20,0
2024-01-07,S001,P0002,40,20,0
2024-01-07,S001,P0003,64,20,0
2024-01-07,S001,P0004,50,20,0
2024-01-07,S001,P0005,70,20,0
2024-01-07,S001,P0006,74,20,0
2024-01-07,S001,P0007,84,20,0
2024-01-07,S001,P0008,53,20,0
2024-01-07,S001,P0009,85,20,0
2024-01-07,S001,P0010,70,20,0
2024-01-07,S002,P0001,62,20,0
2024-01-07,S002,P0002,83,20,0
2024-01-07,S002,P0003,82,20,0
2024-01-07,S002,P0004,73,20,0
2024-01-07,S002,P0005,86,20,0
2024-01-07,S002,P0006,48,20,0
2024-01-07,S002,P0007,84,20,0
2024-01-07,S002,P0008,51,20,0
2024-01-07,S002,P0009,74,20,0
2024-01-07,S002,P0010,55,20,0
2024-01-07,S003,P0001,71,20,0
2024-01-07,S003,P0002,63,20,0
2024-01-07,S003,P0003,68,20,0
2024-01-07,S003,P0004,69,20,0
2024-01-07,S003,P0005,48,20,0
2024-01-07,S003,P0006,89,20,0
2024-01-07,S003,P0007,61,20,0
2024-01-07,S003,P0008,89,20,0
2024-01-07,S003,P0009,56,20,0
2024-01-07,S003,P0010,76,20,0
2024-01-07,S004,P0001,40,20,0
2024-01-07,S004,P0002,64,20,0
2024-01-07,S004,P0003,68,20,0
2024-01-07,S004,P0004,67,20,0
2024-01-07,S004,P0005,79,20,0
2024-01-07,S004,P0006,68,20,0
2024-01-07,S004,P0007,88,20,0
2024-01-07,S004,P0008,75,20,0
2024-01-07,S004,P0009,57,20,0
2024-01-07,S004,P0010,39,20,0
2024-01-07,S005,P0001,74,20,0
2024-01-07,S005,P0002,60,20,0
2024-01-07,S005,P0003,85,20,0
2024-01-07,S005,P0004,70,20,0
2024-01-07,S005,P0005,77,20,0
2024-01-07,S005,P0006,95,20,0
2024-01-07,S005,P0007,65,20,0
2024-01-07,S005,P0008,67,20,0
2024-01-07,S005,P0009,61,20,0
2024-01-07,S005,P0010,76,20,0
2024-01-08,S001,P0001,46,20,0
2024-01-08,S001,P0002,40,20,0
2024-01-08,S001,P0003,63,20,0
2024-01-08,S001,P0004,49,20,0
2024-01-08,S001,P0005,68,20,0
2024-01-08,S001,P0006,74,20,0
2024-01-08,S001,P0007,84,20,0
2024-01-08,S001,P0008,52,20,0
2024-01-08,S001,P0009,82,20,0
2024-01-08,S001,P0010,70,20,0
2024-01-08,S002,P0001,60,20,0
2024-01-08,S002,P0002,82,20,0
2024-01-08,S002,P0003,81,20,0
2024-01-08,S002,P0004,71,20,0
2024-01-08,S002,P0005,84,20,0
2024-01-08,S002,P0006,46,20,0
2024-01-08,S002,P0007,82,20,0
2024-01-08,S002,P0008,50,20,0
2024-01-08,S002,P0009,71,20,0
2024-01-08,S002,P0010,55,20,0
2024-01-08,S003,P0001,70,20,0
2024-01-08,S003,P0002,61,20,0
2024-01-08,S003,P0003,65,20,0
2024-01-08,S003,P0004,69,20,0
2024-01-08,S003,P0005,46,20,0
2024-01-08,S003,P0006,89,20,0
2024-01-08,S003,P0007,60,20,0
2024-01-08,S003,P0008,88,20,0
2024-01-08,S003,P0009,53,20,0
2024-01-08,S003,P0010,76,20,0
2024-01-08,S004,P0001,39,20,0
2024-01-08,S004,P0002,64,20,0
2024-01-08,S004,P0003,66,20,0
2024-01-08,S004,P0004,66,20,0
2024-01-08,S004,P0005,78,20,0
2024-01-08,S004,P0006,68,20,0
2024-01-08,S004,P0007,87,20,0
2024-01-08,S004,P0008,74,20,0
2024-01-08,S004,P0009,51,20,0
2024-01-08,S004,P0010,39,20,0
2024-01-08,S005,P0001,73,20,0
2024-01-08,S005,P0002,57,20,0
2024-01-08,S005,P0003,85,20,0
2024-01-08,S005,P0004,69,20,0
2024-01-08,S005,P0005,74,20,0
2024-01-08,S005,P0006,94,20,0
2024-01-08,S005,P0007,63,20,0
2024-01-08,S005,P0008,66,20,0
2024-01-08,S005,P0009,60,20,0
2024-01-08,S005,P0010,76,20,0
2024-01-09,S001,P0001,42,20,0
2024-01-09,S001,P0002,38,20,0
2024-01-09,S001,P0003,62,20,0
2024-01-09,S001,P0004,45,20,0
2024-01-09,S001,P0005,67,20,0
2024-01-09,S001,P0006,73,20,0
2024-01-09,S001,P0007,84,20,0
2024-01-09,S001,P0008,52,20,0
2024-01-09,S001,P0009,81,20,0
2024-01-09,S001,P0010,69,20,0
2024-01-09,S002,P0001,58,20,0
2024-01-09,S002,P0002,80,20,0
2024-01-09,S002,P0003,79,20,0
2024-01-09,S002,P0004,70,20,0
2024-01-09,S002,P0005,83,20,0
2024-01-09,S002,P0006,46,20,0
2024-01-09,S002,P0007,80,20,0
2024-01-09,S002,P0008,50,20,0
2024-01-09,S002,P0009,71,20,0
2024-01-09,S002,P0010,54,20,0
2024-01-09,S003,P0001,66,20,0
2024-01-09,S003,P0002,61,20,0
2024-01-09,S003,P0003,63,20,0
2024-01-09,S003,P0004,67,20,0
2024-01-09,S003,P0005,46,20,0
2024-01-09,S003,P0006,87,20,0
2024-01-09,S003,P0007,60,20,0
2024-01-09,S003,P0008,87,20,0
2024-01-09,S003,P0009,51,20,0
2024-01-09,S003,P0010,75,20,0
2024-01-09,S004,P0001,39,20,0
2024-01-09,S004,P0002,64,20,0
2024-01-09,S004,P0003,65,20,0
2024-01-09,S004,P0004,63,20,0
2024-01-09,S004,P0005,77,20,0
2024-01-09,S004,P0006,67,20,0
2024-01-09,S004,P0007,85,20,0
2024-01-09,S004,P0008,73,20,0
2024-01-09,S004,P0009,48,20,0
2024-01-09,S004,P0010,38,20,0
2024-01-09,S005,P0001,71,20,0
2024-01-09,S005,P0002,56,20,0
2024-01-09,S005,P0003,84,20,0
2024-01-09,S005,P0004,67,20,0
2024-01-09,S005,P0005,71,20,0
2024-01-09,S005,P0006,94,20,0
2024-01-09,S005,P0007,62,20,0
2024-01-09,S005,P0008,64,20,0
2024-01-09,S005,P0009,57,20,0
2024-01-09,S005,P0010,73,20,0
2024-01-10,S001,P0001,42,20,0
2024-01-10,S001,P0002,35,20,0
2024-01-10,S001,P0003,61,20,0
2024-01-10,S001,P0004,43,20,0
2024-01-10,S001,P0005,62,20,0
2024-01-10,S001,P0006,72,20,0
2024-01-10,S001,P0007,84,20,0
2024-01-10,S001,P0008,52,20,0
2024-01-10,S001,P0009,79,20,0
2024-01-10,S001,P0010,69,20,0
2024-01-10,S002,P0001,56,20,0
2024-01-10,S002,P0002,80,20,0
2024-01-10,S002,P0003,79,20,0
2024-01-10,S002,P0004,70,20,0
2024-01-10,S002,P0005,80,20,0
2024-01-10,S002,P0006,45,20,0
2024-01-10,S002,P0007,80,20,0
2024-01-10,S002,P0008,48,20,0
2024-01-10,S002,P0009,70,20,0
2024-01-10,S002,P0010,54,20,0
2024-01-10,S003,P0001,62,20,0
2024-01-10,S003,P0002,60,20,0
2024-01-10,S003,P0003,62,20,0
2024-01-10,S003,P0004,64,20,0
2024-01-10,S003,P0005,43,20,0
2024-01-10,S003,P0006,87,20,0
2024-01-10,S003,P0007,59,20,0
2024-01-10,S003,P0008,86,20,0
2024-01-10,S003,P0009,49,20,0
2024-01-10,S003,P0010,73,20,0
2024-01-10,S004,P0001,37,20,0
2024-01-10,S004,P0002,62,20,0
2024-01-10,S004,P0003,63,20,0
2024-01-10,S004,P0004,63,20,0
2024-01-10,S004,P0005,75,20,0
2024-01-10,S004,P0006,65,20,0
2024-01-10,S004,P0007,84,20,0
2024-01-10,S004,P0008,72,20,0
2024-01-10,S004,P0009,48,20,0
2024-01-10,S004,P0010,35,20,0
2024-01-10,S005,P0001,70,20,0
2024-01-10,S005,P0002,56,20,0
2024-01-10,S005,P0003,82,20,0
2024-01-10,S005,P0004,67,20,0
2024-01-10,S005,P0005,64,20,0
2024-01-10,S005,P0006,94,20,0
2024-01-10,S005,P0007,61,20,0
2024-01-10,S005,P0008,63,20,0
2024-01-10,S005,P0009,56,20,0
2024-01-10,S005,P0010,72,20,0
2024-01-11,S001,P0001,40,20,0
2024-01-11,S001,P0002,30,20,0
2024-01-11,S001,P0003,61,20,0
2024-01-11,S001,P0004,42,20,0
2024-01-11,S001,P0005,60,20,0
2024-01-11,S001,P0006,72,20,0
2024-01-11,S001,P0007,83,20,0
2024-01-11,S001,P0008,50,20,0
2024-01-11,S001,P0009,77,20,0
2024-01-11,S001,P0010,67,20,0
2024-01-11,S002,P0001,55,20,0
2024-01-11,S002,P0002,79,20,0
2024-01-11,S002,P0003,79,20,0
2024-01-11,S002,P0004,67,20,0
2024-01-11,S002,P0005,79,20,0
2024-01-11,S002,P0006,45,20,0
2024-01-11,S002,P0007,80,20,0
2024-01-11,S002,P0008,47,20,0
2024-01-11,S002,P0009,68,20,0
2024-01-11,S002,P0010,54,20,0
2024-01-11,S003,P0001,60,20,0
2024-01-11,S003,P0002,60,20,0
2024-01-11,S003,P0003,62,20,0
2024-01-11,S003,P0004,62,20,0
2024-01-11,S003,P0005,42,20,0
2024-01-11,S003,P0006,86,20,0
2024-01-11,S003,P0007,58,20,0
2024-01-11,S003,P0008,86,20,0
2024-01-11,S003,P0009,46,20,0
2024-01-11,S003,P0010,71,20,0
2024-01-11,S004,P0001,33,20,0
2024-01-11,S004,P0002,61,20,0
2024-01-11,S004,P0003,63,20,0
2024-01-11,S004,P0004,60,20,0
2024-01-11,S004,P0005,72,20,0
2024-01-11,S004,P0006,65,20,0
2024-01-11,S004,P0007,82,20,0
2024-01-11,S004,P0008,70,20,0
2024-01-11,S004,P0009,47,20,0
2024-01-11,S004,P0010,32,20,0
2024-01-11,S005,P0001,70,20,0
2024-01-11,S005,P0002,54,20,0
2024-01-11,S005,P0003,78,20,0
2024-01-11,S005,P0004,64,20,0
2024-01-11,S005,P0005,61,20,0
2024-01-11,S005,P0006,93,20,0
2024-01-11,S005,P0007,61,20,0
2024-01-11,S005,P0008,59,20,0
2024-01-11,S005,P0009,55,20,0
2024-01-11,S005,P0010,71,20,0
2024-01-12,S001,P0001,38,20,0
2024-01-12,S001,P0002,29,20,0
2024-01-12,S001,P0003,58,20,0
2024-01-12,S001,P0004,41,20,0
2024-01-12,S001,P0005,56,20,0
2024-01-12,S001,P0006,71,20,0
2024-01-12,S001,P0007,82,20,0
2024-01-12,S001,P0008,50,20,0
2024-01-12,S001,P0009,77,20,0
2024-01-12,S001,P0010,67,20,0
2024-01-12,S002,P0001,53,20,0
2024-01-12,S002,P0002,73,20,0
2024-01-12,S002,P0003,76,20,0
2024-01-12,S002,P0004,66,20,0
2024-01-12,S002,P0005,77,20,0
2024-01-12,S002,P0006,45,20,0
2024-01-12,S002,P0007,79,20,0
2024-01-12,S002,P0008,44,20,0
2024-01-12,S002,P0009,68,20,0
2024-01-12,S002,P0010,51,20,0
2024-01-12,S003,P0001,58,20,0
2024-01-12,S003,P0002,58,20,0
2024-01-12,S003,P0003,61,20,0
2024-01-12,S003,P0004,61,20,0
2024-01-12,S003,P0005,39,20,0
2024-01-12,S003,P0006,84,20,0
2024-01-12,S003,P0007,57,20,0
2024-01-12,S003,P0008,85,20,0
2024-01-12,S003,P0009,45,20,0
2024-01-12,S003,P0010,71,20,0
2024-01-12,S004,P0001,30,20,0
2024-01-12,S004,P0002,61,20,0
2024-01-12,S004,P0003,63,20,0
2024-01-12,S004,P0004,56,20,0
2024-01-12,S004,P0005,66,20,0
2024-01-12,S004,P0006,65,20,0
2024-01-12,S004,P0007,80,20,0
2024-01-12,S004,P0008,70,20,0
2024-01-12,S004,P0009,46,20,0
2024-01-12,S004,P0010,32,20,0
2024-01-12,S005,P0001,68,20,0
2024-01-12,S005,P0002,52,20,0
2024-01-12,S005,P0003,77,20,0
2024-01-12,S005,P0004,63,20,0
2024-01-12,S005,P0005,57,20,0
2024-01-12,S005,P0006,93,20,0
2024-01-12,S005,P0007,61,20,0
2024-01-12,S005,P0008,59,20,0
2024-01-12,S005,P0009,51,20,0
2024-01-12,S005,P0010,71,20,0
2024-01-13,S001,P0001,37,20,0
2024-01-13,S001,P0002,27,20,0
2024-01-13,S001,P0003,56,20,0
2024-01-13,S001,P0004,41,20,0
2024-01-13,S001,P0005,54,20,0
2024-01-13,S001,P0006,71,20,0
2024-01-13,S001,P0007,82,20,0
2024-01-13,S001,P0008,47,20,0
2024-01-13,S001,P0009,75,20,0
2024-01-13,S001,P0010,63,20,0
2024-01-13,S002,P0001,51,20,0
2024-01-13,S002,P0002,70,20,0
2024-01-13,S002,P0003,75,20,0
2024-01-13,S002,P0004,66,20,0
2024-01-13,S002,P0005,72,20,0
2024-01-13,S002,P0006,44,20,0
2024-01-13,S002,P0007,78,20,0
2024-01-13,S002,P0008,44,20,0
2024-01-13,S002,P0009,65,20,0
2024-01-13,S002,P0010,48,20,0
2024-01-13,S003,P0001,56,20,0
2024-01-13,S003,P0002,56,20,0
2024-01-13,S003,P0003,60,20,0
2024-01-13,S003,P0004,60,20,0
2024-01-13,S003,P0005,36,20,0
2024-01-13,S003,P0006,84,20,0
2024-01-13,S003,P0007,55,20,0
2024-01-13,S003,P0008,84,20,0
2024-01-13,S003,P0009,42,20,0
2024-01-13,S003,P0010,68,20,0
2024-01-13,S004,P0001,29,20,0
2024-01-13,S004,P0002,61,20,0
2024-01-13,S004,P0003,59,20,0
2024-01-13,S004,P0004,53,20,0
2024-01-13,S004,P0005,64,20,0
2024-01-13,S004,P0006,64,20,0
2024-01-13,S004,P0007,80,20,0
2024-01-13,S004,P0008,69,20,0
2024-01-13,S004,P0009,45,20,0
2024-01-13,S004,P0010,31,20,0
2024-01-13,S005,P0001,66,20,0
2024-01-13,S005,P0002,52,20,0
2024-01-13,S005,P0003,77,20,0
2024-01-13,S005,P0004,62,20,0
2024-01-13,S005,P0005,56,20,0
2024-01-13,S005,P0006,93,20,0
2024-01-13,S005,P0007,59,20,0
2024-01-13,S005,P0008,59,20,0
2024-01-13,S005,P0009,50,20,0
2024-01-13,S005,P0010,71,20,0
2024-01-14,S001,P0001,37,20,0
2024-01-14,S001,P0002,26,20,0
2024-01-14,S001,P0003,52,20,0
2024-01-14,S001,P0004,41,20,0
2024-01-14,S001,P0005,53,20,0
2024-01-14,S001,P0006,71,20,0
2024-01-14,S001,P0007,79,20,0
2024-01-14,S001,P0008,47,20,0
2024-01-14,S001,P0009,72,20,0
2024-01-14,S001,P0010,63,20,0
2024-01-14,S002,P0001,49,20,0
2024-01-14,S002,P0002,70,20,0
2024-01-14,S002,P0003,75,20,0
2024-01-14,S002,P0004,63,20,0
2024-01-14,S002,P0005,69,20,0
2024-01-14,S002,P0006,44,20,0
2024-01-14,S002,P0007,78,20,0
2024-01-14,S002,P0008,44,20,0
2024-01-14,S002,P0009,62,20,0
2024-01-14,S002,P0010,48,20,0
2024-01-14,S003,P0001,55,20,0
2024-01-14,S003,P0002,55,20,0
2024-01-14,S003,P0003,59,20,0
2024-01-14,S003,P0004,58,20,0
2024-01-14,S003,P0005,35,20,0
2024-01-14,S003,P0006,84,20,0
2024-01-14,S003,P0007,53,20,0
2024-01-14,S003,P0008,81,20,0
2024-01-14,S003,P0009,40,20,0
2024-01-14,S003,P0010,67,20,0
2024-01-14,S004,P0001,28,20,0
2024-01-14,S004,P0002,60,20,0
2024-01-14,S004,P0003,54,20,0
2024-01-14,S004,P0004,53,20,0
2024-01-14,S004,P0005,62,20,0
2024-01-14,S004,P0006,63,20,0
2024-01-14,S004,P0007,79,20,0
2024-01-14,S004,P0008,67,20,0
2024-01-14,S004,P0009,44,20,0
2024-01-14,S004,P0010,29,20,0
2024-01-14,S005,P0001,66,20,0
2024-01-14,S005,P0002,52,20,0
2024-01-14,S005,P0003,76,20,0
2024-01-14,S005,P0004,62,20,0
2024-01-14,S005,P0005,54,20,0
2024-01-14,S005,P0006,93,20,0
2024-01-14,S005,P0007,57,20,0
2024-01-14,S005,P0008,58,20,0
2024-01-14,S005,P0009,47,20,0
2024-01-14,S005,P0010,71,20,0
2024-01-15,S001,P0001,35,20,0
2024-01-15,S001,P0002,24,20,0
2024-01-15,S001,P0003,52,20,0
2024-01-15,S001,P0004,41,20,0
2024-01-15,S001,P0005,49,20,0
2024-01-15,S001,P0006,71,20,0
2024-01-15,S001,P0007,78,20,0
2024-01-15,S001,P0008,45,20,0
2024-01-15,S001,P0009,71,20,0
2024-01-15,S001,P0010,60,20,0
2024-01-15,S002,P0001,47,20,0
2024-01-15,S002,P0002,67,20,0
2024-01-15,S002,P0003,75,20,0
2024-01-15,S002,P0004,63,20,0
2024-01-15,S002,P0005,67,20,0
2024-01-15,S002,P0006,43,20,0
2024-01-15,S002,P0007,77,20,0
2024-01-15,S002,P0008,43,20,0
2024-01-15,S002,P0009,61,20,0
2024-01-15,S002,P0010,47,20,0
2024-01-15,S003,P0001,54,20,0
2024-01-15,S003,P0002,54,20,0
2024-01-15,S003,P0003,57,20,0
2024-01-15,S003,P0004,56,20,0
2024-01-15,S003,P0005,31,20,0
2024-01-15,S003,P0006,81,20,0
2024-01-15,S003,P0007,51,20,0
2024-01-15,S003,P0008,79,20,0
2024-01-15,S003,P0009,40,20,0
2024-01-15,S003,P0010,63,20,0
2024-01-15,S004,P0001,26,20,0
2024-01-15,S004,P0002,57,20,0
2024-01-15,S004,P0003,53,20,0
2024-01-15,S004,P0004,53,20,0
2024-01-15,S004,P0005,61,20,0
2024-01-15,S004,P0006,63,20,0
2024-01-15,S004,P0007,79,20,0
2024-01-15,S004,P0008,66,20,0
2024-01-15,S004,P0009,41,20,0
2024-01-15,S004,P0010,29,20,0
2024-01-15,S005,P0001,66,20,0
2024-01-15,S005,P0002,51,20,0
2024-01-15,S005,P0003,72,20,0
2024-01-15,S005,P0004,61,20,0
2024-01-15,S005,P0005,51,20,0
2024-01-15,S005,P0006,93,20,0
2024-01-15,S005,P0007,56,20,0
2024-01-15,S005,P0008,56,20,0
2024-01-15,S005,P0009,46,20,0
2024-01-15,S005,P0010,70,20,0
2024-01-16,S001,P0001,33,20,0
2024-01-16,S001,P0002,20,20,0
2024-01-16,S001,P0003,52,20,0
2024-01-16,S001,P0004,40,20,0
2024-01-16,S001,P0005,49,20,0
2024-01-16,S001,P0006,69,20,0
2024-01-16,S001,P0007,78,20,0
2024-01-16,S001,P0008,45,20,0
2024-01-16,S001,P0009,70,20,0
2024-01-16,S001,P0010,60,20,0
2024-01-16,S002,P0001,45,20,0
2024-01-16,S002,P0002,65,20,0
2024-01-16,S002,P0003,75,20,0
2024-01-16,S002,P0004,60,20,0
2024-01-16,S002,P0005,65,20,0
2024-01-16,S002,P0006,42,20,0
2024-01-16,S002,P0007,77,20,0
2024-01-16,S002,P0008,43,20,0
2024-01-16,S002,P0009,59,20,0
2024-01-16,S002,P0010,45,20,0
2024-01-16,S003,P0001,54,20,0
2024-01-16,S003,P0002,53,20,0
2024-01-16,S003,P0003,56,20,0
2024-01-16,S003,P0004,54,20,0
2024-01-16,S003,P0005,31,20,0
2024-01-16,S003,P0006,81,20,0
2024-01-16,S003,P0007,50,20,0
2024-01-16,S003,P0008,78,20,0
2024-01-16,S003,P0009,38,20,0
2024-01-16,S003,P0010,62,20,0
2024-01-16,S004,P0001,24,20,0
2024-01-16,S004,P0002,56,20,0
2024-01-16,S004,P0003,52,20,0
2024-01-16,S004,P0004,52,20,0
2024-01-16,S004,P0005,58,20,0
2024-01-16,S004,P0006,63,20,0
2024-01-16,S004,P0007,76,20,0
2024-01-16,S004,P0008,63,20,0
2024-01-16,S004,P0009,41,20,0
2024-01-16,S004,P0010,27,20,0
2024-01-16,S005,P0001,66,20,0
2024-01-16,S005,P0002,50,20,0
2024-01-16,S005,P0003,69,20,0
2024-01-16,S005,P0004,58,20,0
2024-01-16,S005,P0005,48,20,0
2024-01-16,S005,P0006,93,20,0
2024-01-16,S005,P0007,55,20,0
2024-01-16,S005,P0008,55,20,0
2024-01-16,S005,P0009,43,20,0
2024-01-16,S005,P0010,69,20,0
2024-01-17,S001,P0001,32,20,0
2024-01-17,S001,P0002,117,20,0
2024-01-17,S001,P0003,51,20,0
2024-01-17,S001,P0004,40,20,0
2024-01-17,S001,P0005,47,20,0
2024-01-17,S001,P0006,69,20,0
2024-01-17,S001,P0007,75,20,0
2024-01-17,S001,P0008,45,20,0
2024-01-17,S001,P0009,68,20,0
2024-01-17,S001,P0010,60,20,0
2024-01-17,S002,P0001,44,20,0
2024-01-17,S002,P0002,65,20,0
2024-01-17,S002,P0003,73,20,0
2024-01-17,S002,P0004,56,20,0
2024-01-17,S002,P0005,61,20,0
2024-01-17,S002,P0006,41,20,0
2024-01-17,S002,P0007,76,20,0
2024-01-17,S002,P0008,42,20,0
2024-01-17,S002,P0009,56,20,0
2024-01-17,S002,P0010,44,20,0
2024-01-17,S003,P0001,53,20,0
2024-01-17,S003,P0002,50,20,0
2024-01-17,S003,P0003,55,20,0
2024-01-17,S003,P0004,53,20,0
2024-01-17,S003,P0005,28,20,0
2024-01-17,S003,P0006,80,20,0
2024-01-17,S003,P0007,50,20,0
2024-01-17,S003,P0008,77,20,0
2024-01-17,S003,P0009,38,20,0
2024-01-17,S003,P0010,62,20,0
2024-01-17,S004,P0001,24,20,0
2024-01-17,S004,P0002,55,20,0
2024-01-17,S004,P0003,50,20,0
2024-01-17,S004,P0004,52,20,0
2024-01-17,S004,P0005,57,20,0
2024-01-17,S004,P0006,61,20,0
2024-01-17,S004,P0007,73,20,0
2024-01-17,S004,P0008,61,20,0
2024-01-17,S004,P0009,41,20,0
2024-01-17,S004,P0010,26,20,0
2024-01-17,S005,P0001,64,20,0
2024-01-17,S005,P0002,50,20,0
2024-01-17,S005,P0003,65,20,0
2024-01-17,S005,P0004,57,20,0
2024-01-17,S005,P0005,44,20,0
2024-01-17,S005,P0006,91,20,0
2024-01-17,S005,P0007,55,20,0
2024-01-17,S005,P0008,54,20,0
2024-01-17,S005,P0009,39,20,0
2024-01-17,S005,P0010,66,20,0
2024-01-18,S001,P0001,32,20,0
2024-01-18,S001,P0002,114,20,0
2024-01-18,S001,P0003,49,20,0
2024-01-18,S001,P0004,40,20,0
2024-01-18,S001,P0005,46,20,0
2024-01-18,S001,P0006,68,20,0
2024-01-18,S001,P0007,74,20,0
2024-01-18,S001,P0008,43,20,0
2024-01-18,S001,P0009,68,20,0
2024-01-18,S001,P0010,57,20,0
2024-01-18,S002,P0001,43,20,0
2024-01-18,S002,P0002,64,20,0
2024-01-18,S002,P0003,71,20,0
2024-01-18,S002,P0004,56,20,0
2024-01-18,S002,P0005,56,20,0
2024-01-18,S002,P0006,40,20,0
2024-01-18,S002,P0007,76,20,0
2024-01-18,S002,P0008,39,20,0
2024-01-18,S002,P0009,54,20,0
2024-01-18,S002,P0010,41,20,0
2024-01-18,S003,P0001,51,20,0
2024-01-18,S003,P0002,49,20,0
2024-01-18,S003,P0003,55,20,0
2024-01-18,S003,P0004,52,20,0
2024-01-18,S003,P0005,28,20,0
2024-01-18,S003,P0006,78,20,0
2024-01-18,S003,P0007,48,20,0
2024-01-18,S003,P0008,77,20,0
2024-01-18,S003,P0009,35,20,0
2024-01-18,S003,P0010,62,20,0
2024-01-18,S004,P0001,24,20,0
2024-01-18,S004,P0002,53,20,0
2024-01-18,S004,P0003,49,20,0
2024-01-18,S004,P0004,52,20,0
2024-01-18,S004,P0005,57,20,0
2024-01-18,S004,P0006,61,20,0
2024-01-18,S004,P0007,72,20,0
2024-01-18,S004,P0008,60,20,0
2024-01-18,S004,P0009,40,20,0
2024-01-18,S004,P0010,25,20,0
2024-01-18,S005,P0001,62,20,0
2024-01-18,S005,P0002,50,20,0
2024-01-18,S005,P0003,64,20,0
2024-01-18,S005,P0004,55,20,0
2024-01-18,S005,P0005,39,20,0
2024-01-18,S005,P0006,91,20,0
2024-01-18,S005,P0007,53,20,0
2024-01-18,S005,P0008,53,20,0
2024-01-18,S005,P0009,37,20,0
2024-01-18,S005,P0010,66,20,0
2024-01-19,S001,P0001,31,20,0
2024-01-19,S001,P0002,114,20,0
2024-01-19,S001,P0003,49,20,0
2024-01-19,S001,P0004,39,20,0
2024-01-19,S001,P0005,43,20,0
2024-01-19,S001,P0006,68,20,0
2024-01-19,S001,P0007,73,20,0
2024-01-19,S001,P0008,43,20,0
2024-01-19,S001,P0009,67,20,0
2024-01-19,S001,P0010,57,20,0
2024-01-19,S002,P0001,40,20,0
2024-01-19,S002,P0002,63,20,0
2024-01-19,S002,P0003,70,20,0
2024-01-19,S002,P0004,56,20,0
2024-01-19,S002,P0005,53,20,0
2024-01-19,S002,P0006,40,20,0
2024-01-19,S002,P0007,75,20,0
2024-01-19,S002,P0008,36,20,0
2024-01-19,S002,P0009,50,20,0
2024-01-19,S002,P0010,40,20,0
2024-01-19,S003,P0001,49,20,0
2024-01-19,S003,P0002,47,20,0
2024-01-19,S003,P0003,53,20,0
2024-01-19,S003,P0004,51,20,0
2024-01-19,S003,P0005,26,20,0
2024-01-19,S003,P0006,78,20,0
2024-01-19,S003,P0007,46,20,0
2024-01-19,S003,P0008,76,20,0
2024-01-19,S003,P0009,33,20,0
2024-01-19,S003,P0010,61,20,0
2024-01-19,S004,P0001,23,20,0
2024-01-19,S004,P0002,50,20,0
2024-01-19,S004,P0003,48,20,0
2024-01-19,S004,P0004,50,20,0
2024-01-19,S004,P0005,54,20,0
2024-01-19,S004,P0006,60,20,0
2024-01-19,S004,P0007,68,20,0
2024-01-19,S004,P0008,58,20,0
2024-01-19,S004,P0009,39,20,0
2024-01-19,S004,P0010,24,20,0
2024-01-19,S005,P0001,61,20,0
2024-01-19,S005,P0002,48,20,0
2024-01-19,S005,P0003,64,20,0
2024-01-19,S005,P0004,55,20,0
2024-01-19,S005,P0005,35,20,0
2024-01-19,S005,P0006,90,20,0
2024-01-19,S005,P0007,51,20,0
2024-01-19,S005,P0008,52,20,0
2024-01-19,S005,P0009,33,20,0
2024-01-19,S005,P0010,64,20,0
2024-01-20,S001,P0001,29,20,0
2024-01-20,S001,P0002,114,20,0
2024-01-20,S001,P0003,49,20,0
2024-01-20,S001,P0004,37,20,0
2024-01-20,S001,P0005,42,20,0
2024-01-20,S001,P0006,68,20,0
2024-01-20,S001,P0007,70,20,0
2024-01-20,S001,P0008,43,20,0
2024-01-20,S001,P0009,63,20,0
2024-01-20,S001,P0010,57,20,0
2024-01-20,S002,P0001,39,20,0
2024-01-20,S002,P0002,62,20,0
2024-01-20,S002,P0003,69,20,0
2024-01-20,S002,P0004,55,20,0
2024-01-20,S002,P0005,50,20,0
2024-01-20,S002,P0006,39,20,0
2024-01-20,S002,P0007,75,20,0
2024-01-20,S002,P0008,33,20,0
2024-01-20,S002,P0009,44,20,0
2024-01-20,S002,P0010,40,20,0
2024-01-20,S003,P0001,47,20,0
2024-01-20,S003,P0002,43,20,0
2024-01-20,S003,P0003,51,20,0
2024-01-20,S003,P0004,49,20,0
2024-01-20,S003,P0005,26,20,0
2024-01-20,S003,P0006,78,20,0
2024-01-20,S003,P0007,45,20,0
2024-01-20,S003,P0008,76,20,0
2024-01-20,S003,P0009,32,20,0
2024-01-20,S003,P0010,60,20,0
2024-01-20,S004,P0001,22,20,0
2024-01-20,S004,P0002,47,20,0
2024-01-20,S004,P0003,45,20,0
2024-01-20,S004,P0004,49,20,0
2024-01-20,S004,P0005,50,20,0
2024-01-20,S004,P0006,60,20,0
2024-01-20,S004,P0007,68,20,0
2024-01-20,S004,P0008,58,20,0
2024-01-20,S004,P0009,39,20,0
2024-01-20,S004,P0010,24,20,0
2024-01-20,S005,P0001,61,20,0
2024-01-20,S005,P0002,48,20,0
2024-01-20,S005,P0003,62,20,0
2024-01-20,S005,P0004,53,20,0
2024-01-20,S005,P0005,32,20,0
2024-01-20,S005,P0006,89,20,0
2024-01-20,S005,P0007,50,20,0
2024-01-20,S005,P0008,52,20,0
2024-01-20,S005,P0009,30,20,0
2024-01-20,S005,P0010,63,20,0
2024-01-21,S001,P0001,27,20,0
2024-01-21,S001,P0002,113,20,0
2024-01-21,S001,P0003,48,20,0
2024-01-21,S001,P0004,37,20,0
2024-01-21,S001,P0005,41,20,0
2024-01-21,S001,P0006,68,20,0
2024-01-21,S001,P0007,70,20,0
2024-01-21,S001,P0008,41,20,0
2024-01-21,S001,P0009,62,20,0
2024-01-21,S001,P0010,57,20,0
2024-01-21,S002,P0001,37,20,0
2024-01-21,S002,P0002,59,20,0
2024-01-21,S002,P0003,67,20,0
2024-01-21,S002,P0004,54,20,0
2024-01-21,S002,P0005,45,20,0
2024-01-21,S002,P0006,39,20,0
2024-01-21,S002,P0007,74,20,0
2024-01-21,S002,P0008,32,20,0
2024-01-21,S002,P0009,43,20,0
2024-01-21,S002,P0010,37,20,0
2024-01-21,S003,P0001,46,20,0
2024-01-21,S003,P0002,41,20,0
2024-01-21,S003,P0003,46,20,0
2024-01-21,S003,P0004,49,20,0
2024-01-21,S003,P0005,24,20,0
2024-01-21,S003,P0006,77,20,0
2024-01-21,S003,P0007,44,20,0
2024-01-21,S003,P0008,73,20,0
2024-01-21,S003,P0009,31,20,0
2024-01-21,S003,P0010,58,20,0
2024-01-21,S004,P0001,118,20,0
2024-01-21,S004,P0002,46,20,0
2024-01-21,S004,P0003,43,20,0
2024-01-21,S004,P0004,48,20,0
2024-01-21,S004,P0005,49,20,0
2024-01-21,S004,P0006,58,20,0
2024-01-21,S004,P0007,66,20,0
2024-01-21,S004,P0008,56,20,0
2024-01-21,S004,P0009,37,20,0
2024-01-21,S004,P0010,22,20,0
2024-01-21,S005,P0001,58,20,0
2024-01-21,S005,P0002,47,20,0
2024-01-21,S005,P0003,60,20,0
2024-01-21,S005,P0004,52,20,0
2024-01-21,S005,P0005,31,20,0
2024-01-21,S005,P0006,89,20,0
2024-01-21,S005,P0007,50,20,0
2024-01-21,S005,P0008,52,20,0
2024-01-21,S005,P0009,28,20,0
2024-01-21,S005,P0010,61,20,0
2024-01-22,S001,P0001,26,20,0
2024-01-22,S001,P0002,113,20,0
2024-01-22,S001,P0003,48,20,0
2024-01-22,S001,P0004,37,20,0
2024-01-22,S001,P0005,40,20,0
2024-01-22,S001,P0006,67,20,0
2024-01-22,S001,P0007,69,20,0
2024-01-22,S001,P0008,38,20,0
2024-01-22,S001,P0009,58,20,0
2024-01-22,S001,P0010,56,20,0
2024-01-22,S002,P0001,33,20,0
2024-01-22,S002,P0002,57,20,0
2024-01-22,S002,P0003,65,20,0
2024-01-22,S002,P0004,53,20,0
2024-01-22,S002,P0005,44,20,0
2024-01-22,S002,P0006,39,20,0
2024-01-22,S002,P0007,73,20,0
2024-01-22,S002,P0008,30,20,0
2024-01-22,S002,P0009,41,20,0
2024-01-22,S002,P0010,36,20,0
2024-01-22,S003,P0001,46,20,0
2024-01-22,S003,P0002,40,20,0
2024-01-22,S003,P0003,46,20,0
2024-01-22,S003,P0004,48,20,0
2024-01-22,S003,P0005,21,20,0
2024-01-22,S003,P0006,75,20,0
2024-01-22,S003,P0007,43,20,0
2024-01-22,S003,P0008,72,20,0
2024-01-22,S003,P0009,27,20,0
2024-01-22,S003,P0010,57,20,0
2024-01-22,S004,P0001,118,20,0
2024-01-22,S004,P0002,42,20,0
2024-01-22,S004,P0003,43,20,0
2024-01-22,S004,P0004,44,20,0
2024-01-22,S004,P0005,47,20,0
2024-01-22,S004,P0006,57,20,0
2024-01-22,S004,P0007,66,20,0
2024-01-22,S004,P0008,55,20,0
2024-01-22,S004,P0009,35,20,0
2024-01-22,S004,P0010,21,20,0
2024-01-22,S005,P0001,57,20,0
2024-01-22,S005,P0002,44,20,0
2024-01-22,S005,P0003,55,20,0
2024-01-22,S005,P0004,50,20,0
2024-01-22,S005,P0005,29,20,0
2024-01-22,S005,P0006,89,20,0
2024-01-22,S005,P0007,50,20,0
2024-01-22,S005,P0008,52,20,0
2024-01-22,S005,P0009,28,20,0
2024-01-22,S005,P0010,59,20,0
2024-01-23,S001,P0001,23,20,0
2024-01-23,S001,P0002,112,20,0
2024-01-23,S001,P0003,45,20,0
2024-01-23,S001,P0004,37,20,0
2024-01-23,S001,P0005,36,20,0
2024-01-23,S001,P0006,67,20,0
2024-01-23,S001,P0007,68,20,0
2024-01-23,S001,P0008,38,20,0
2024-01-23,S001,P0009,57,20,0
2024-01-23,S001,P0010,53,20,0
2024-01-23,S002,P0001,31,20,0
2024-01-23,S002,P0002,55,20,0
2024-01-23,S002,P0003,64,20,0
2024-01-23,S002,P0004,52,20,0
2024-01-23,S002,P0005,42,20,0
2024-01-23,S002,P0006,38,20,0
2024-01-23,S002,P0007,73,20,0
2024-01-23,S002,P0008,29,20,0
2024-01-23,S002,P0009,41,20,0
2024-01-23,S002,P0010,35,20,0
2024-01-23,S003,P0001,43,20,0
2024-01-23,S003,P0002,37,20,0
2024-01-23,S003,P0003,44,20,0
2024-01-23,S003,P0004,46,20,0
2024-01-23,S003,P0005,118,20,0
2024-01-23,S003,P0006,72,20,0
2024-01-23,S003,P0007,43,20,0
2024-01-23,S003,P0008,71,20,0
2024-01-23,S003,P0009,26,20,0
2024-01-23,S003,P0010,57,20,0
2024-01-23,S004,P0001,118,20,0
2024-01-23,S004,P0002,40,20,0
2024-01-23,S004,P0003,42,20,0
2024-01-23,S004,P0004,44,20,0
2024-01-23,S004,P0005,45,20,0
2024-01-23,S004,P0006,56,20,0
2024-01-23,S004,P0007,66,20,0
2024-01-23,S004,P0008,53,20,0
2024-01-23,S004,P0009,35,20,0
2024-01-23,S004,P0010,21,20,0
2024-01-23,S005,P0001,54,20,0
2024-01-23,S005,P0002,43,20,0
2024-01-23,S005,P0003,55,20,0
2024-01-23,S005,P0004,49,20,0
2024-01-23,S005,P0005,27,20,0
2024-01-23,S005,P0006,88,20,0
2024-01-23,S005,P0007,49,20,0
2024-01-23,S005,P0008,49,20,0
2024-01-23,S005,P0009,28,20,0
2024-01-23,S005,P0010,55,20,0
2024-01-24,S001,P0001,21,20,0
2024-01-24,S001,P0002,111,20,0
2024-01-24,S001,P0003,43,20,0
2024-01-24,S001,P0004,35,20,0
2024-01-24,S001,P0005,33,20,0
2024-01-24,S001,P0006,66,20,0
2024-01-24,S001,P0007,68,20,0
2024-01-24,S001,P0008,37,20,0
2024-01-24,S001,P0009,54,20,0
2024-01-24,S001,P0010,52,20,0
2024-01-24,S002,P0001,30,20,0
2024-01-24,S002,P0002,52,20,0
2024-01-24,S002,P0003,63,20,0
2024-01-24,S002,P0004,52,20,0
2024-01-24,S002,P0005,36,20,0
2024-01-24,S002,P0006,38,20,0
2024-01-24,S002,P0007,73,20,0
2024-01-24,S002,P0008,28,20,0
2024-01-24,S002,P0009,40,20,0
2024-01-24,S002,P0010,35,20,0
2024-01-24,S003,P0001,43,20,0
2024-01-24,S003,P0002,35,20,0
2024-01-24,S003,P0003,43,20,0
2024-01-24,S003,P0004,46,20,0
2024-01-24,S003,P0005,116,20,0
2024-01-24,S003,P0006,71,20,0
2024-01-24,S003,P0007,42,20,0
2024-01-24,S003,P0008,68,20,0
2024-01-24,S003,P0009,25,20,0
2024-01-24,S003,P0010,57,20,0
2024-01-24,S004,P0001,116,20,0
2024-01-24,S004,P0002,40,20,0
2024-01-24,S004,P0003,42,20,0
2024-01-24,S004,P0004,43,20,0
2024-01-24,S004,P0005,44,20,0
2024-01-24,S004,P0006,56,20,0
2024-01-24,S004,P0007,65,20,0
2024-01-24,S004,P0008,51,20,0
2024-01-24,S004,P0009,35,20,0
2024-01-24,S004,P0010,118,20,0
2024-01-24,S005,P0001,52,20,0
2024-01-24,S005,P0002,42,20,0
2024-01-24,S005,P0003,53,20,0
2024-01-24,S005,P0004,49,20,0
2024-01-24,S005,P0005,26,20,0
2024-01-24,S005,P0006,87,20,0
2024-01-24,S005,P0007,48,20,0
2024-01-24,S005,P0008,46,20,0
2024-01-24,S005,P0009,26,20,0
2024-01-24,S005,P0010,54,20,0
2024-01-25,S001,P0001,20,20,0
2024-01-25,S001,P0002,110,20,0
2024-01-25,S001,P0003,42,20,0
2024-01-25,S001,P0004,33,20,0
2024-01-25,S001,P0005,32,20,0
2024-01-25,S001,P0006,66,20,0
2024-01-25,S001,P0007,68,20,0
2024-01-25,S001,P0008,36,20,0
2024-01-25,S001,P0009,53,20,0
2024-01-25,S001,P0010,50,20,0
2024-01-25,S002,P0001,26,20,0
2024-01-25,S002,P0002,49,20,0
2024-01-25,S002,P0003,61,20,0
2024-01-25,S002,P0004,51,20,0
2024-01-25,S002,P0005,35,20,0
2024-01-25,S002,P0006,37,20,0
2024-01-25,S002,P0007,72,20,0
2024-01-25,S002,P0008,25,20,0
2024-01-25,S002,P0009,39,20,0
2024-01-25,S002,P0010,34,20,0
2024-01-25,S003,P0001,41,20,0
2024-01-25,S003,P0002,35,20,0
2024-01-25,S003,P0003,42,20,0
2024-01-25,S003,P0004,46,20,0
2024-01-25,S003,P0005,116,20,0
2024-01-25,S003,P0006,69,20,0
2024-01-25,S003,P0007,41,20,0
2024-01-25,S003,P0008,68,20,0
2024-01-25,S003,P0009,23,20,0
2024-01-25,S003,P0010,55,20,0
2024-01-25,S004,P0001,110,20,0
2024-01-25,S004,P0002,38,20,0
2024-01-25,S004,P0003,39,20,0
2024-01-25,S004,P0004,43,20,0
2024-01-25,S004,P0005,42,20,0
2024-01-25,S004,P0006,56,20,0
2024-01-25,S004,P0007,65,20,0
2024-01-25,S004,P0008,50,20,0
2024-01-25,S004,P0009,34,20,0
2024-01-25,S004,P0010,116,20,0
2024-01-25,S005,P0001,51,20,0
2024-01-25,S005,P0002,39,20,0
2024-01-25,S005,P0003,51,20,0
2024-01-25,S005,P0004,47,20,0
2024-01-25,S005,P0005,26,20,0
2024-01-25,S005,P0006,86,20,0
2024-01-25,S005,P0007,47,20,0
2024-01-25,S005,P0008,44,20,0
2024-01-25,S005,P0009,22,20,0
2024-01-25,S005,P0010,52,20,0
2024-01-26,S001,P0001,20,20,0
2024-01-26,S001,P0002,109,20,0
2024-01-26,S001,P0003,41,20,0
2024-01-26,S001,P0004,33,20,0
2024-01-26,S001,P0005,30,20,0
2024-01-26,S001,P0006,66,20,0
2024-01-26,S001,P0007,65,20,0
2024-01-26,S001,P0008,36,20,0
2024-01-26,S001,P0009,53,20,0
2024-01-26,S001,P0010,49,20,0
2024-01-26,S002,P0001,23,20,0
2024-01-26,S002,P0002,46,20,0
2024-01-26,S002,P0003,61,20,0
2024-01-26,S002,P0004,50,20,0
2024-01-26,S002,P0005,28,20,0
2024-01-26,S002,P0006,36,20,0
2024-01-26,S002,P0007,72,20,0
2024-01-26,S002,P0008,24,20,0
2024-01-26,S002,P0009,37,20,0
2024-01-26,S002,P0010,32,20,0
2024-01-26,S003,P0001,40,20,0
2024-01-26,S003,P0002,31,20,0
2024-01-26,S003,P0003,41,20,0
2024-01-26,S003,P0004,46,20,0
2024-01-26,S003,P0005,112,20,0
2024-01-26,S003,P0006,69,20,0
2024-01-26,S003,P0007,40,20,0
2024-01-26,S003,P0008,68,20,0
2024-01-26,S003,P0009,119,20,0
2024-01-26,S003,P0010,51,20,0
2024-01-26,S004,P0001,108,20,0
2024-01-26,S004,P0002,38,20,0
2024-01-26,S004,P0003,38,20,0
2024-01-26,S004,P0004,43,20,0
2024-01-26,S004,P0005,41,20,0
2024-01-26,S004,P0006,55,20,0
2024-01-26,S004,P0007,63,20,0
2024-01-26,S004,P0008,47,20,0
2024-01-26,S004,P0009,32,20,0
2024-01-26,S004,P0010,115,20,0
2024-01-26,S005,P0001,50,20,0
2024-01-26,S005,P0002,38,20,0
2024-01-26,S005,P0003,51,20,0
2024-01-26,S005,P0004,47,20,0
2024-01-26,S005,P0005,24,20,0
2024-01-26,S005,P0006,85,20,0
2024-01-26,S005,P0007,45,20,0
2024-01-26,S005,P0008,41,20,0
2024-01-26,S005,P0009,20,20,0
2024-01-26,S005,P0010,52,20,0
2024-01-27,S001,P0001,20,20,0
2024-01-27,S001,P0002,107,20,0
2024-01-27,S001,P0003,40,20,0
2024-01-27,S001,P0004,33,20,0
2024-01-27,S001,P0005,27,20,0
2024-01-27,S001,P0006,66,20,0
2024-01-27,S001,P0007,64,20,0
2024-01-27,S001,P0008,36,20,0
2024-01-27,S001,P0009,53,20,0
2024-01-27,S001,P0010,47,20,0
2024-01-27,S002,P0001,22,20,0
2024-01-27,S002,P0002,45,20,0
2024-01-27,S002,P0003,60,20,0
2024-01-27,S002,P0004,46,20,0
2024-01-27,S002,P0005,25,20,0
2024-01-27,S002,P0006,36,20,0
2024-01-27,S002,P0007,71,20,0
2024-01-27,S002,P0008,22,20,0
2024-01-27,S002,P0009,35,20,0
2024-01-27,S002,P0010,29,20,0
2024-01-27,S003,P0001,40,20,0
2024-01-27,S003,P0002,29,20,0
2024-01-27,S003,P0003,41,20,0
2024-01-27,S003,P0004,46,20,0
2024-01-27,S003,P0005,111,20,0
2024-01-27,S003,P0006,69,20,0
2024-01-27,S003,P0007,40,20,0
2024-01-27,S003,P0008,66,20,0
2024-01-27,S003,P0009,116,20,0
2024-01-27,S003,P0010,49,20,0
2024-01-27,S004,P0001,108,20,0
2024-01-27,S004,P0002,36,20,0
2024-01-27,S004,P0003,38,20,0
2024-01-27,S004,P0004,43,20,0
2024-01-27,S004,P0005,38,20,0
2024-01-27,S004,P0006,55,20,0
2024-01-27,S004,P0007,60,20,0
2024-01-27,S004,P0008,46,20,0
2024-01-27,S004,P0009,29,20,0
2024-01-27,S004,P0010,115,20,0
2024-01-27,S005,P0001,46,20,0
2024-01-27,S005,P0002,34,20,0
2024-01-27,S005,P0003,50,20,0
2024-01-27,S005,P0004,45,20,0
2024-01-27,S005,P0005,24,20,0
2024-01-27,S005,P0006,85,20,0
2024-01-27,S005,P0007,45,20,0
2024-01-27,S005,P0008,41,20,0
2024-01-27,S005,P0009,117,20,0
2024-01-27,S005,P0010,52,20,0
2024-01-28,S001,P0001,118,20,0
2024-01-28,S001,P0002,105,20,0
2024-01-28,S001,P0003,40,20,0
2024-01-28,S001,P0004,33,20,0
2024-01-28,S001,P0005,25,20,0
2024-01-28,S001,P0006,66,20,0
2024-01-28,S001,P0007,62,20,0
2024-01-28,S001,P0008,33,20,0
2024-01-28,S001,P0009,51,20,0
2024-01-28,S001,P0010,45,20,0
2024-01-28,S002,P0001,22,20,0
2024-01-28,S002,P0002,44,20,0
2024-01-28,S002,P0003,58,20,0
2024-01-28,S002,P0004,46,20,0
2024-01-28,S002,P0005,25,20,0
2024-01-28,S002,P0006,35,20,0
2024-01-28,S002,P0007,71,20,0
2024-01-28,S002,P0008,20,20,0
2024-01-28,S002,P0009,35,20,0
2024-01-28,S002,P0010,29,20,0
2024-01-28,S003,P0001,39,20,0
2024-01-28,S003,P0002,26,20,0
2024-01-28,S003,P0003,40,20,0
2024-01-28,S003,P0004,45,20,0
2024-01-28,S003,P0005,108,20,0
2024-01-28,S003,P0006,69,20,0
2024-01-28,S003,P0007,39,20,0
2024-01-28,S003,P0008,64,20,0
2024-01-28,S003,P0009,116,20,0
2024-01-28,S003,P0010,48,20,0
2024-01-28,S004,P0001,107,20,0
2024-01-28,S004,P0002,36,20,0
2024-01-28,S004,P0003,36,20,0
2024-01-28,S004,P0004,43,20,0
2024-01-28,S004,P0005,35,20,0
2024-01-28,S004,P0006,55,20,0
2024-01-28,S004,P0007,60,20,0
2024-01-28,S004,P0008,45,20,0
2024-01-28,S004,P0009,28,20,0
2024-01-28,S004,P0010,114,20,0
2024-01-28,S005,P0001,45,20,0
2024-01-28,S005,P0002,32,20,0
2024-01-28,S005,P0003,49,20,0
2024-01-28,S005,P0004,44,20,0
2024-01-28,S005,P0005,24,20,0
2024-01-28,S005,P0006,85,20,0
2024-01-28,S005,P0007,44,20,0
2024-01-28,S005,P0008,39,20,0
2024-01-28,S005,P0009,115,20,0
2024-01-28,S005,P0010,52,20,0
2024-01-29,S001,P0001,118,20,0
2024-01-29,S001,P0002,104,20,0
2024-01-29,S001,P0003,39,20,0
2024-01-29,S001,P0004,32,20,0
2024-01-29,S001,P0005,22,20,0
2024-01-29,S001,P0006,65,20,0
2024-01-29,S001,P0007,61,20,0
2024-01-29,S001,P0008,28,20,0
2024-01-29,S001,P0009,48,20,0
2024-01-29,S001,P0010,45,20,0
2024-01-29,S002,P0001,118,20,0
2024-01-29,S002,P0002,43,20,0
2024-01-29,S002,P0003,58,20,0
2024-01-29,S002,P0004,42,20,0
2024-01-29,S002,P0005,23,20,0
2024-01-29,S002,P0006,35,20,0
2024-01-29,S002,P0007,70,20,0
2024-01-29,S002,P0008,119,20,0
2024-01-29,S002,P0009,32,20,0
2024-01-29,S002,P0010,26,20,0
2024-01-29,S003,P0001,38,20,0
2024-01-29,S003,P0002,26,20,0
2024-01-29,S003,P0003,40,20,0
2024-01-29,S003,P0004,43,20,0
2024-01-29,S003,P0005,107,20,0
2024-01-29,S003,P0006,69,20,0
2024-01-29,S003,P0007,39,20,0
2024-01-29,S003,P0008,62,20,0
2024-01-29,S003,P0009,113,20,0
2024-01-29,S003,P0010,48,20,0
2024-01-29,S004,P0001,107,20,0
2024-01-29,S004,P0002,34,20,0
2024-01-29,S004,P0003,35,20,0
2024-01-29,S004,P0004,41,20,0
2024-01-29,S004,P0005,32,20,0
2024-01-29,S004,P0006,55,20,0
2024-01-29,S004,P0007,60,20,0
2024-01-29,S004,P0008,45,20,0
2024-01-29,S004,P0009,24,20,0
2024-01-29,S004,P0010,113,20,0
2024-01-29,S005,P0001,43,20,0
2024-01-29,S005,P0002,29,20,0
2024-01-29,S005,P0003,49,20,0
2024-01-29,S005,P0004,44,20,0
2024-01-29,S005,P0005,22,20,0
2024-01-29,S005,P0006,83,20,0
2024-01-29,S005,P0007,41,20,0
2024-01-29,S005,P0008,38,20,0
2024-01-29,S005,P0009,114,20,0
2024-01-29,S005,P0010,51,20,0
2024-01-30,S001,P0001,116,20,0
2024-01-30,S001,P0002,102,20,0
2024-01-30,S001,P0003,38,20,0
2024-01-30,S001,P0004,32,20,0
2024-01-30,S001,P0005,119,20,0
2024-01-30,S001,P0006,64,20,0
2024-01-30,S001,P0007,61,20,0
2024-01-30,S001,P0008,27,20,0
2024-01-30,S001,P0009,48,20,0
2024-01-30,S001,P0010,43,20,0
2024-01-30,S002,P0001,116,20,0
2024-01-30,S002,P0002,42,20,0
2024-01-30,S002,P0003,57,20,0
2024-01-30,S002,P0004,41,20,0
2024-01-30,S002,P0005,22,20,0
2024-01-30,S002,P0006,33,20,0
2024-01-30,S002,P0007,68,20,0
2024-01-30,S002,P0008,119,20,0
2024-01-30,S002,P0009,31,20,0
2024-01-30,S002,P0010,26,20,0
2024-01-30,S003,P0001,35,20,0
2024-01-30,S003,P0002,26,20,0
2024-01-30,S003,P0003,39,20,0
2024-01-30,S003,P0004,42,20,0
2024-01-30,S003,P0005,106,20,0
2024-01-30,S003,P0006,69,20,0
2024-01-30,S003,P0007,38,20,0
2024-01-30,S003,P0008,60,20,0
2024-01-30,S003,P0009,111,20,0
2024-01-30,S003,P0010,46,20,0
2024-01-30,S004,P0001,105,20,0
2024-01-30,S004,P0002,33,20,0
2024-01-30,S004,P0003,35,20,0
2024-01-30,S004,P0004,39,20,0
2024-01-30,S004,P0005,29,20,0
2024-01-30,S004,P0006,54,20,0
2024-01-30,S004,P0007,60,20,0
2024-01-30,S004,P0008,44,20,0
2024-01-30,S004,P0009,24,20,0
2024-01-30,S004,P0010,112,20,0
2024-01-30,S005,P0001,42,20,0
2024-01-30,S005,P0002,28,20,0
2024-01-30,S005,P0003,48,20,0
2024-01-30,S005,P0004,44,20,0
2024-01-30,S005,P0005,22,20,0
2024-01-30,S005,P0006,83,20,0
2024-01-30,S005,P0007,40,20,0
2024-01-30,S005,P0008,38,20,0
2024-01-30,S005,P0009,113,20,0
2024-01-30,S005,P0010,51,20,0
2024-01-31,S001,P0001,114,20,0
2024-01-31,S001,P0002,101,20,0
2024-01-31,S001,P0003,38,20,0
2024-01-31,S001,P0004,32,20,0
2024-01-31,S001,P0005,117,20,0
2024-01-31,S001,P0006,64,20,0
2024-01-31,S001,P0007,60,20,0
2024-01-31,S001,P0008,27,20,0
2024-01-31,S001,P0009,47,20,0
2024-01-31,S001,P0010,41,20,0
2024-01-31,S002,P0001,114,20,0
2024-01-31,S002,P0002,41,20,0
2024-01-31,S002,P0003,57,20,0
2024-01-31,S002,P0004,40,20,0
2024-01-31,S002,P0005,20,20,0
2024-01-31,S002,P0006,31,20,0
2024-01-31,S002,P0007,67,20,0
2024-01-31,S002,P0008,119,20,0
2024-01-31,S002,P0009,26,20,0
2024-01-31,S002,P0010,24,20,0
2024-01-31,S003,P0001,33,20,0
2024-01-31,S003,P0002,26,20,0
2024-01-31,S003,P0003,39,20,0
2024-01-31,S003,P0004,42,20,0
2024-01-31,S003,P0005,104,20,0
2024-01-31,S003,P0006,69,20,0
2024-01-31,S003,P0007,37,20,0
2024-01-31,S003,P0008,57,20,0
2024-01-31,S003,P0009,110,20,0
2024-01-31,S003,P0010,46,20,0
2024-01-31,S004,P0001,103,20,0
2024-01-31,S004,P0002,29,20,0
2024-01-31,S004,P0003,35,20,0
2024-01-31,S004,P0004,37,20,0
2024-01-31,S004,P0005,27,20,0
2024-01-31,S004,P0006,54,20,0
2024-01-31,S004,P0007,60,20,0
2024-01-31,S004,P0008,44,20,0
2024-01-31,S004,P0009,21,20,0
2024-01-31,S004,P0010,112,20,0
2024-01-31,S005,P0001,40,20,0
2024-01-31,S005,P0002,28,20,0
2024-01-31,S005,P0003,47,20,0
2024-01-31,S005,P0004,44,20,0
2024-01-31,S005,P0005,21,20,0
2024-01-31,S005,P0006,83,20,0
2024-01-31,S005,P0007,39,20,0
2024-01-31,S005,P0008,37,20,0
2024-01-31,S005,P0009,111,20,0
2024-01-31,S005,P0010,50,20,0
2024-02-01,S001,P0001,111,20,0
2024-02-01,S001,P0002,100,20,0
2024-02-01,S001,P0003,33,20,0
2024-02-01,S001,P0004,30,20,0
2024-02-01,S001,P0005,112,20,0
2024-02-01,S001,P0006,63,20,0
2024-02-01,S001,P0007,59,20,0
2024-02-01,S001,P0008,26,20,0
2024-02-01,S001,P0009,46,20,0
2024-02-01,S001,P0010,39,20,0
2024-02-01,S002,P0001,113,20,0
2024-02-01,S002,P0002,41,20,0
2024-02-01,S002,P0003,56,20,0
2024-02-01,S002,P0004,40,20,0
2024-02-01,S002,P0005,117,20,0
2024-02-01,S002,P0006,31,20,0
2024-02-01,S002,P0007,66,20,0
2024-02-01,S002,P0008,117,20,0
2024-02-01,S002,P0009,23,20,0
2024-02-01,S002,P0010,21,20,0
2024-02-01,S003,P0001,31,20,0
2024-02-01,S003,P0002,26,20,0
2024-02-01,S003,P0003,38,20,0
2024-02-01,S003,P0004,42,20,0
2024-02-01,S003,P0005,103,20,0
2024-02-01,S003,P0006,69,20,0
2024-02-01,S003,P0007,37,20,0
2024-02-01,S003,P0008,57,20,0
2024-02-01,S003,P0009,109,20,0
2024-02-01,S003,P0010,46,20,0
2024-02-01,S004,P0001,102,20,0
2024-02-01,S004,P0002,29,20,0
2024-02-01,S004,P0003,33,20,0
2024-02-01,S004,P0004,37,20,0
2024-02-01,S004,P0005,23,20,0
2024-02-01,S004,P0006,52,20,0
2024-02-01,S004,P0007,58,20,0
2024-02-01,S004,P0008,43,20,0
2024-02-01,S004,P0009,119,20,0
2024-02-01,S004,P0010,111,20,0
2024-02-01,S005,P0001,39,20,0
2024-02-01,S005,P0002,27,20,0
2024-02-01,S005,P0003,46,20,0
2024-02-01,S005,P0004,44,20,0
2024-02-01,S005,P0005,119,20,0
2024-02-01,S005,P0006,83,20,0
2024-02-01,S005,P0007,38,20,0
2024-02-01,S005,P0008,37,20,0
2024-02-01,S005,P0009,106,20,0
2024-02-01,S005,P0010,47,20,0
2024-02-02,S001,P0001,108,20,0
2024-02-02,S001,P0002,98,20,0
2024-02-02,S001,P0003,31,20,0
2024-02-02,S001,P0004,29,20,0
2024-02-02,S001,P0005,110,20,0
2024-02-02,S001,P0006,62,20,0
2024-02-02,S001,P0007,59,20,0
2024-02-02,S001,P0008,23,20,0
2024-02-02,S001,P0009,42,20,0
2024-02-02,S001,P0010,38,20,0
2024-02-02,S002,P0001,111,20,0
2024-02-02,S002,P0002,40,20,0
2024-02-02,S002,P0003,56,20,0
2024-02-02,S002,P0004,39,20,0
2024-02-02,S002,P0005,113,20,0
2024-02-02,S002,P0006,29,20,0
2024-02-02,S002,P0007,66,20,0
2024-02-02,S002,P0008,115,20,0
2024-02-02,S002,P0009,23,20,0
2024-02-02,S002,P0010,119,20,0
2024-02-02,S003,P0001,29,20,0
2024-02-02,S003,P0002,26,20,0
2024-02-02,S003,P0003,38,20,0
2024-02-02,S003,P0004,41,20,0
2024-02-02,S003,P0005,102,20,0
2024-02-02,S003,P0006,67,20,0
2024-02-02,S003,P0007,37,20,0
2024-02-02,S003,P0008,57,20,0
2024-02-02,S003,P0009,108,20,0
2024-02-02,S003,P0010,46,20,0
2024-02-02,S004,P0001,101,20,0
2024-02-02,S004,P0002,27,20,0
2024-02-02,S004,P0003,30,20,0
2024-02-02,S004,P0004,34,20,0
2024-02-02,S004,P0005,118,20,0
2024-02-02,S004,P0006,50,20,0
2024-02-02,S004,P0007,58,20,0
2024-02-02,S004,P0008,43,20,0
2024-02-02,S004,P0009,119,20,0
2024-02-02,S004,P0010,109,20,0
2024-02-02,S005,P0001,37,20,0
2024-02-02,S005,P0002,26,20,0
2024-02-02,S005,P0003,45,20,0
2024-02-02,S005,P0004,44,20,0
2024-02-02,S005,P0005,116,20,0
2024-02-02,S005,P0006,83,20,0
2024-02-02,S005,P0007,37,20,0
2024-02-02,S005,P0008,37,20,0
2024-02-02,S005,P0009,104,20,0
2024-02-02,S005,P0010,44,20,0
2024-02-03,S001,P0001,107,20,0
2024-02-03,S001,P0002,96,20,0
2024-02-03,S001,P0003,28,20,0
2024-02-03,S001,P0004,26,20,0
2024-02-03,S001,P0005,108,20,0
2024-02-03,S001,P0006,62,20,0
2024-02-03,S001,P0007,57,20,0
2024-02-03,S001,P0008,22,20,0
2024-02-03,S001,P0009,41,20,0
2024-02-03,S001,P0010,38,20,0
2024-02-03,S002,P0001,110,20,0
2024-02-03,S002,P0002,39,20,0
2024-02-03,S002,P0003,56,20,0
2024-02-03,S002,P0004,39,20,0
2024-02-03,S002,P0005,110,20,0
2024-02-03,S002,P0006,29,20,0
2024-02-03,S002,P0007,66,20,0
2024-02-03,S002,P0008,115,20,0
2024-02-03,S002,P0009,21,20,0
2024-02-03,S002,P0010,119,20,0
2024-02-03,S003,P0001,27,20,0
2024-02-03,S003,P0002,25,20,0
2024-02-03,S003,P0003,36,20,0
2024-02-03,S003,P0004,40,20,0
2024-02-03,S003,P0005,97,20,0
2024-02-03,S003,P0006,66,20,0
2024-02-03,S003,P0007,36,20,0
2024-02-03,S003,P0008,54,20,0
2024-02-03,S003,P0009,107,20,0
2024-02-03,S003,P0010,46,20,0
2024-02-03,S004,P0001,99,20,0
2024-02-03,S004,P0002,24,20,0
2024-02-03,S004,P0003,29,20,0
2024-02-03,S004,P0004,32,20,0
2024-02-03,S004,P0005,117,20,0
2024-02-03,S004,P0006,50,20,0
2024-02-03,S004,P0007,58,20,0
2024-02-03,S004,P0008,40,20,0
2024-02-03,S004,P0009,116,20,0
2024-02-03,S004,P0010,108,20,0
2024-02-03,S005,P0001,34,20,0
2024-02-03,S005,P0002,24,20,0
2024-02-03,S005,P0003,44,20,0
2024-02-03,S005,P0004,44,20,0
2024-02-03,S005,P0005,116,20,0
2024-02-03,S005,P0006,83,20,0
2024-02-03,S005,P0007,35,20,0
2024-02-03,S005,P0008,36,20,0
2024-02-03,S005,P0009,103,20,0
2024-02-03,S005,P0010,41,20,0
2024-02-04,S001,P0001,107,20,0
2024-02-04,S001,P0002,96,20,0
2024-02-04,S001,P0003,27,20,0
2024-02-04,S001,P0004,25,20,0
2024-02-04,S001,P0005,106,20,0
2024-02-04,S001,P0006,62,20,0
2024-02-04,S001,P0007,56,20,0
2024-02-04,S001,P0008,20,20,0
2024-02-04,S001,P0009,40,20,0
2024-02-04,S001,P0010,38,20,0
2024-02-04,S002,P0001,108,20,0
2024-02-04,S002,P0002,38,20,0
2024-02-04,S002,P0003,56,20,0
2024-02-04,S002,P0004,38,20,0
2024-02-04,S002,P0005,105,20,0
2024-02-04,S002,P0006,29,20,0
2024-02-04,S002,P0007,65,20,0
2024-02-04,S002,P0008,113,20,0
2024-02-04,S002,P0009,119,20,0
2024-02-04,S002,P0010,119,20,0
2024-02-04,S003,P0001,26,20,0
2024-02-04,S003,P0002,22,20,0
2024-02-04,S003,P0003,34,20,0
2024-02-04,S003,P0004,39,20,0
2024-02-04,S003,P0005,96,20,0
2024-02-04,S003,P0006,66,20,0
2024-02-04,S003,P0007,35,20,0
2024-02-04,S003,P0008,54,20,0
2024-02-04,S003,P0009,106,20,0
2024-02-04,S003,P0010,44,20,0
2024-02-04,S004,P0001,98,20,0
2024-02-04,S004,P0002,22,20,0
2024-02-04,S004,P0003,27,20,0
2024-02-04,S004,P0004,32,20,0
2024-02-04,S004,P0005,113,20,0
2024-02-04,S004,P0006,48,20,0
2024-02-04,S004,P0007,58,20,0
2024-02-04,S004,P0008,40,20,0
2024-02-04,S004,P0009,113,20,0
2024-02-04,S004,P0010,106,20,0
2024-02-04,S005,P0001,32,20,0
2024-02-04,S005,P0002,23,20,0
2024-02-04,S005,P0003,43,20,0
2024-02-04,S005,P0004,44,20,0
2024-02-04,S005,P0005,114,20,0
2024-02-04,S005,P0006,82,20,0
2024-02-04,S005,P0007,35,20,0
2024-02-04,S005,P0008,35,20,0
2024-02-04,S005,P0009,103,20,0
2024-02-04,S005,P0010,41,20,0
2024-02-05,S001,P0001,106,20,0
2024-02-05,S001,P0002,93,20,0
2024-02-05,S001,P0003,25,20,0
2024-02-05,S001,P0004,25,20,0
2024-02-05,S001,P0005,103,20,0
2024-02-05,S001,P0006,62,20,0
2024-02-05,S001,P0007,54,20,0
2024-02-05,S001,P0008,20,20,0
2024-02-05,S001,P0009,38,20,0
2024-02-05,S001,P0010,38,20,0
2024-02-05,S002,P0001,107,20,0
2024-02-05,S002,P0002,35,20,0
2024-02-05,S002,P0003,54,20,0
2024-02-05,S002,P0004,36,20,0
2024-02-05,S002,P0005,103,20,0
2024-02-05,S002,P0006,28,20,0
2024-02-05,S002,P0007,65,20,0
2024-02-05,S002,P0008,112,20,0
2024-02-05,S002,P0009,117,20,0
2024-02-05,S002,P0010,118,20,0
2024-02-05,S003,P0001,26,20,0
2024-02-05,S003,P0002,22,20,0
2024-02-05,S003,P0003,33,20,0
2024-02-05,S003,P0004,39,20,0
2024-02-05,S003,P0005,91,20,0
2024-02-05,S003,P0006,66,20,0
2024-02-05,S003,P0007,34,20,0
2024-02-05,S003,P0008,53,20,0
2024-02-05,S003,P0009,105,20,0
2024-02-05,S003,P0010,44,20,0
2024-02-05,S004,P0001,98,20,0
2024-02-05,S004,P0002,21,20,0
2024-02-05,S004,P0003,25,20,0
2024-02-05,S004,P0004,30,20,0
2024-02-05,S004,P0005,109,20,0
2024-02-05,S004,P0006,48,20,0
2024-02-05,S004,P0007,57,20,0
2024-02-05,S004,P0008,39,20,0
2024-02-05,S004,P0009,111,20,0
2024-02-05,S004,P0010,101,20,0
2024-02-05,S005,P0001,31,20,0
2024-02-05,S005,P0002,22,20,0
2024-02-05,S005,P0003,42,20,0
2024-02-05,S005,P0004,41,20,0
2024-02-05,S005,P0005,111,20,0
2024-02-05,S005,P0006,82,20,0
2024-02-05,S005,P0007,35,20,0
2024-02-05,S005,P0008,35,20,0
2024-02-05,S005,P0009,102,20,0
2024-02-05,S005,P0010,39,20,0
2024-02-06,S001,P0001,106,20,0
2024-02-06,S001,P0002,91,20,0
2024-02-06,S001,P0003,25,20,0
2024-02-06,S001,P0004,23,20,0
2024-02-06,S001,P0005,103,20,0
2024-02-06,S001,P0006,61,20,0
2024-02-06,S001,P0007,53,20,0
2024-02-06,S001,P0008,118,20,0
2024-02-06,S001,P0009,37,20,0
2024-02-06,S001,P0010,38,20,0
2024-02-06,S002,P0001,106,20,0
2024-02-06,S002,P0002,34,20,0
2024-02-06,S002,P0003,54,20,0
2024-02-06,S002,P0004,36,20,0
2024-02-06,S002,P0005,101,20,0
2024-02-06,S002,P0006,27,20,0
2024-02-06,S002,P0007,64,20,0
2024-02-06,S002,P0008,111,20,0
2024-02-06,S002,P0009,117,20,0
2024-02-06,S002,P0010,115,20,0
2024-02-06,S003,P0001,23,20,0
2024-02-06,S003,P0002,22,20,0
2024-02-06,S003,P0003,30,20,0
2024-02-06,S003,P0004,38,20,0
2024-02-06,S003,P0005,90,20,0
2024-02-06,S003,P0006,66,20,0
2024-02-06,S003,P0007,31,20,0
2024-02-06,S003,P0008,53,20,0
2024-02-06,S003,P0009,104,20,0
2024-02-06,S003,P0010,42,20,0
2024-02-06,S004,P0001,97,20,0
2024-02-06,S004,P0002,119,20,0
2024-02-06,S004,P0003,24,20,0
2024-02-06,S004,P0004,28,20,0
2024-02-06,S004,P0005,107,20,0
2024-02-06,S004,P0006,47,20,0
2024-02-06,S004,P0007,56,20,0
2024-02-06,S004,P0008,36,20,0
2024-02-06,S004,P0009,110,20,0
2024-02-06,S004,P0010,99,20,0
2024-02-06,S005,P0001,30,20,0
2024-02-06,S005,P0002,22,20,0
2024-02-06,S005,P0003,42,20,0
2024-02-06,S005,P0004,41,20,0
2024-02-06,S005,P0005,107,20,0
2024-02-06,S005,P0006,81,20,0
2024-02-06,S005,P0007,34,20,0
2024-02-06,S005,P0008,31,20,0
2024-02-06,S005,P0009,100,20,0
2024-02-06,S005,P0010,38,20,0
2024-02-07,S001,P0001,106,20,0
2024-02-07,S001,P0002,88,20,0
2024-02-07,S001,P0003,23,20,0
2024-02-07,S001,P0004,118,20,0
2024-02-07,S001,P0005,100,20,0
2024-02-07,S001,P0006,61,20,0
2024-02-07,S001,P0007,52,20,0
2024-02-07,S001,P0008,117,20,0
2024-02-07,S001,P0009,33,20,0
2024-02-07,S001,P0010,37,20,0
2024-02-07,S002,P0001,105,20,0
2024-02-07,S002,P0002,34,20,0
2024-02-07,S002,P0003,54,20,0
2024-02-07,S002,P0004,36,20,0
2024-02-07,S002,P0005,97,20,0
2024-02-07,S002,P0006,26,20,0
2024-02-07,S002,P0007,64,20,0
2024-02-07,S002,P0008,109,20,0
2024-02-07,S002,P0009,116,20,0
2024-02-07,S002,P0010,114,20,0
2024-02-07,S003,P0001,119,20,0
2024-02-07,S003,P0002,119,20,0
2024-02-07,S003,P0003,30,20,0
2024-02-07,S003,P0004,36,20,0
2024-02-07,S003,P0005,87,20,0
2024-02-07,S003,P0006,66,20,0
2024-02-07,S003,P0007,31,20,0
2024-02-07,S003,P0008,53,20,0
2024-02-07,S003,P0009,102,20,0
2024-02-07,S003,P0010,41,20,0
2024-02-07,S004,P0001,97,20,0
2024-02-07,S004,P0002,118,20,0
2024-02-07,S004,P0003,23,20,0
2024-02-07,S004,P0004,28,20,0
2024-02-07,S004,P0005,106,20,0
2024-02-07,S004,P0006,46,20,0
2024-02-07,S004,P0007,55,20,0
2024-02-07,S004,P0008,32,20,0
2024-02-07,S004,P0009,108,20,0
2024-02-07,S004,P0010,99,20,0
2024-02-07,S005,P0001,30,20,0
2024-02-07,S005,P0002,21,20,0
2024-02-07,S005,P0003,40,20,0
2024-02-07,S005,P0004,40,20,0
2024-02-07,S005,P0005,105,20,0
2024-02-07,S005,P0006,81,20,0
2024-02-07,S005,P0007,34,20,0
2024-02-07,S005,P0008,29,20,0
2024-02-07,S005,P0009,100,20,0
2024-02-07,S005,P0010,37,20,0
2024-02-08,S001,P0001,105,20,0
2024-02-08,S001,P0002,88,20,0
2024-02-08,S001,P0003,23,20,0
2024-02-08,S001,P0004,118,20,0
2024-02-08,S001,P0005,97,20,0
2024-02-08,S001,P0006,61,20,0
2024-02-08,S001,P0007,50,20,0
2024-02-08,S001,P0008,116,20,0
2024-02-08,S001,P0009,31,20,0
2024-02-08,S001,P0010,35,20,0
2024-02-08,S002,P0001,105,20,0
2024-02-08,S002,P0002,33,20,0
2024-02-08,S002,P0003,54,20,0
2024-02-08,S002,P0004,34,20,0
2024-02-08,S002,P0005,95,20,0
2024-02-08,S002,P0006,25,20,0
2024-02-08,S002,P0007,63,20,0
2024-02-08,S002,P0008,109,20,0
2024-02-08,S002,P0009,114,20,0
2024-02-08,S002,P0010,113,20,0
2024-02-08,S003,P0001,118,20,0
2024-02-08,S003,P0002,119,20,0
2024-02-08,S003,P0003,28,20,0
2024-02-08,S003,P0004,36,20,0
2024-02-08,S003,P0005,86,20,0
2024-02-08,S003,P0006,66,20,0
2024-02-08,S003,P0007,28,20,0
2024-02-08,S003,P0008,49,20,0
2024-02-08,S003,P0009,102,20,0
2024-02-08,S003,P0010,40,20,0
2024-02-08,S004,P0001,97,20,0
2024-02-08,S004,P0002,115,20,0
2024-02-08,S004,P0003,20,20,0
2024-02-08,S004,P0004,28,20,0
2024-02-08,S004,P0005,104,20,0
2024-02-08,S004,P0006,46,20,0
2024-02-08,S004,P0007,55,20,0
2024-02-08,S004,P0008,31,20,0
2024-02-08,S004,P0009,105,20,0
2024-02-08,S004,P0010,96,20,0
2024-02-08,S005,P0001,30,20,0
2024-02-08,S005,P0002,20,20,0
2024-02-08,S005,P0003,38,20,0
2024-02-08,S005,P0004,39,20,0
2024-02-08,S005,P0005,100,20,0
2024-02-08,S005,P0006,80,20,0
2024-02-08,S005,P0007,33,20,0
2024-02-08,S005,P0008,28,20,0
2024-02-08,S005,P0009,96,20,0
2024-02-08,S005,P0010,35,20,0
2024-02-09,S001,P0001,105,20,0
2024-02-09,S001,P0002,88,20,0
2024-02-09,S001,P0003,20,20,0
2024-02-09,S001,P0004,118,20,0
2024-02-09,S001,P0005,95,20,0
2024-02-09,S001,P0006,61,20,0
2024-02-09,S001,P0007,49,20,0
2024-02-09,S001,P0008,115,20,0
2024-02-09,S001,P0009,26,20,0
2024-02-09,S001,P0010,33,20,0
2024-02-09,S002,P0001,103,20,0
2024-02-09,S002,P0002,31,20,0
2024-02-09,S002,P0003,53,20,0
2024-02-09,S002,P0004,34,20,0
2024-02-09,S002,P0005,93,20,0
2024-02-09,S002,P0006,24,20,0
2024-02-09,S002,P0007,63,20,0
2024-02-09,S002,P0008,106,20,0
2024-02-09,S002,P0009,112,20,0
2024-02-09,S002,P0010,113,20,0
2024-02-09,S003,P0001,117,20,0
2024-02-09,S003,P0002,116,20,0
2024-02-09,S003,P0003,28,20,0
2024-02-09,S003,P0004,35,20,0
2024-02-09,S003,P0005,82,20,0
2024-02-09,S003,P0006,66,20,0
2024-02-09,S003,P0007,27,20,0
2024-02-09,S003,P0008,47,20,0
2024-02-09,S003,P0009,102,20,0
2024-02-09,S003,P0010,39,20,0
2024-02-09,S004,P0001,95,20,0
2024-02-09,S004,P0002,112,20,0
2024-02-09,S004,P0003,119,20,0
2024-02-09,S004,P0004,27,20,0
2024-02-09,S004,P0005,98,20,0
2024-02-09,S004,P0006,45,20,0
2024-02-09,S004,P0007,54,20,0
2024-02-09,S004,P0008,30,20,0
2024-02-09,S004,P0009,104,20,0
2024-02-09,S004,P0010,96,20,0
2024-02-09,S005,P0001,30,20,0
2024-02-09,S005,P0002,119,20,0
2024-02-09,S005,P0003,35,20,0
2024-02-09,S005,P0004,39,20,0
2024-02-09,S005,P0005,96,20,0
2024-02-09,S005,P0006,79,20,0
2024-02-09,S005,P0007,31,20,0
2024-02-09,S005,P0008,28,20,0
2024-02-09,S005,P0009,92,20,0
2024-02-09,S005,P0010,32,20,0
2024-02-10,S001,P0001,104,20,0
2024-02-10,S001,P0002,87,20,0
2024-02-10,S001,P0003,118,20,0
2024-02-10,S001,P0004,115,20,0
2024-02-10,S001,P0005,94,20,0
2024-02-10,S001,P0006,61,20,0
2024-02-10,S001,P0007,49,20,0
2024-02-10,S001,P0008,114,20,0
2024-02-10,S001,P0009,24,20,0
2024-02-10,S001,P0010,32,20,0
2024-02-10,S002,P0001,101,20,0
2024-02-10,S002,P0002,31,20,0
2024-02-10,S002,P0003,49,20,0
2024-02-10,S002,P0004,33,20,0
2024-02-10,S002,P0005,92,20,0
2024-02-10,S002,P0006,24,20,0
2024-02-10,S002,P0007,62,20,0
2024-02-10,S002,P0008,104,20,0
2024-02-10,S002,P0009,110,20,0
2024-02-10,S002,P0010,113,20,0
2024-02-10,S003,P0001,117,20,0
2024-02-10,S003,P0002,115,20,0
2024-02-10,S003,P0003,26,20,0
2024-02-10,S003,P0004,33,20,0
2024-02-10,S003,P0005,79,20,0
2024-02-10,S003,P0006,64,20,0
2024-02-10,S003,P0007,26,20,0
2024-02-10,S003,P0008,46,20,0
2024-02-10,S003,P0009,101,20,0
2024-02-10,S003,P0010,38,20,0
2024-02-10,S004,P0001,95,20,0
2024-02-10,S004,P0002,111,20,0
2024-02-10,S004,P0003,118,20,0
2024-02-10,S004,P0004,25,20,0
2024-02-10,S004,P0005,94,20,0
2024-02-10,S004,P0006,45,20,0
2024-02-10,S004,P0007,51,20,0
2024-02-10,S004,P0008,30,20,0
2024-02-10,S004,P0009,102,20,0
2024-02-10,S004,P0010,94,20,0
2024-02-10,S005,P0001,27,20,0
2024-02-10,S005,P0002,117,20,0
2024-02-10,S005,P0003,33,20,0
2024-02-10,S005,P0004,38,20,0
2024-02-10,S005,P0005,94,20,0
2024-02-10,S005,P0006,79,20,0
2024-02-10,S005,P0007,30,20,0
2024-02-10,S005,P0008,27,20,0
2024-02-10,S005,P0009,89,20,0
2024-02-10,S005,P0010,29,20,0
2024-02-11,S001,P0001,104,20,0
2024-02-11,S001,P0002,85,20,0
2024-02-11,S001,P0003,118,20,0
2024-02-11,S001,P0004,114,20,0
2024-02-11,S001,P0005,92,20,0
2024-02-11,S001,P0006,59,20,0
2024-02-11,S001,P0007,48,20,0
2024-02-11,S001,P0008,112,20,0
2024-02-11,S001,P0009,23,20,0
2024-02-11,S001,P0010,32,20,0
2024-02-11,S002,P0001,101,20,0
2024-02-11,S002,P0002,31,20,0
2024-02-11,S002,P0003,48,20,0
2024-02-11,S002,P0004,32,20,0
2024-02-11,S002,P0005,89,20,0
2024-02-11,S002,P0006,21,20,0
2024-02-11,S002,P0007,60,20,0
2024-02-11,S002,P0008,104,20,0
2024-02-11,S002,P0009,109,20,0
2024-02-11,S002,P0010,111,20,0
2024-02-11,S003,P0001,117,20,0
2024-02-11,S003,P0002,115,20,0
2024-02-11,S003,P0003,24,20,0
2024-02-11,S003,P0004,32,20,0
2024-02-11,S003,P0005,78,20,0
2024-02-11,S003,P0006,63,20,0
2024-02-11,S003,P0007,25,20,0
2024-02-11,S003,P0008,45,20,0
2024-02-11,S003,P0009,101,20,0
2024-02-11,S003,P0010,36,20,0
2024-02-11,S004,P0001,94,20,0
2024-02-11,S004,P0002,110,20,0
2024-02-11,S004,P0003,117,20,0
2024-02-11,S004,P0004,24,20,0
2024-02-11,S004,P0005,93,20,0
2024-02-11,S004,P0006,44,20,0
2024-02-11,S004,P0007,49,20,0
2024-02-11,S004,P0008,30,20,0
2024-02-11,S004,P0009,101,20,0
2024-02-11,S004,P0010,93,20,0
2024-02-11,S005,P0001,25,20,0
2024-02-11,S005,P0002,117,20,0
2024-02-11,S005,P0003,33,20,0
2024-02-11,S005,P0004,37,20,0
2024-02-11,S005,P0005,91,20,0
2024-02-11,S005,P0006,78,20,0
2024-02-11,S005,P0007,29,20,0
2024-02-11,S005,P0008,27,20,0
2024-02-11,S005,P0009,89,20,0
2024-02-11,S005,P0010,29,20,0
2024-02-12,S001,P0001,104,20,0
2024-02-12,S001,P0002,84,20,0
2024-02-12,S001,P0003,118,20,0
2024-02-12,S001,P0004,114,20,0
2024-02-12,S001,P0005,89,20,0
2024-02-12,S001,P0006,59,20,0
2024-02-12,S001,P0007,47,20,0
2024-02-12,S001,P0008,109,20,0
2024-02-12,S001,P0009,22,20,0
2024-02-12,S001,P0010,32,20,0
2024-02-12,S002,P0001,99,20,0
2024-02-12,S002,P0002,30,20,0
2024-02-12,S002,P0003,48,20,0
2024-02-12,S002,P0004,31,20,0
2024-02-12,S002,P0005,87,20,0
2024-02-12,S002,P0006,20,20,0
2024-02-12,S002,P0007,59,20,0
2024-02-12,S002,P0008,104,20,0
2024-02-12,S002,P0009,106,20,0
2024-02-12,S002,P0010,111,20,0
2024-02-12,S003,P0001,115,20,0
2024-02-12,S003,P0002,114,20,0
2024-02-12,S003,P0003,24,20,0
2024-02-12,S003,P0004,32,20,0
2024-02-12,S003,P0005,76,20,0
2024-02-12,S003,P0006,63,20,0
2024-02-12,S003,P0007,25,20,0
2024-02-12,S003,P0008,44,20,0
2024-02-12,S003,P0009,100,20,0
2024-02-12,S003,P0010,34,20,0
2024-02-12,S004,P0001,92,20,0
2024-02-12,S004,P0002,109,20,0
2024-02-12,S004,P0003,115,20,0
2024-02-12,S004,P0004,24,20,0
2024-02-12,S004,P0005,90,20,0
2024-02-12,S004,P0006,42,20,0
2024-02-12,S004,P0007,49,20,0
2024-02-12,S004,P0008,29,20,0
2024-02-12,S004,P0009,99,20,0
2024-02-12,S004,P0010,91,20,0
2024-02-12,S005,P0001,25,20,0
2024-02-12,S005,P0002,117,20,0
2024-02-12,S005,P0003,33,20,0
2024-02-12,S005,P0004,36,20,0
2024-02-12,S005,P0005,88,20,0
2024-02-12,S005,P0006,78,20,0
2024-02-12,S005,P0007,28,20,0
2024-02-12,S005,P0008,27,20,0
2024-02-12,S005,P0009,88,20,0
2024-02-12,S005,P0010,28,20,0
2024-02-13,S001,P0001,103,20,0
2024-02-13,S001,P0002,82,20,0
2024-02-13,S001,P0003,116,20,0
2024-02-13,S001,P0004,113,20,0
2024-02-13,S001,P0005,84,20,0
2024-02-13,S001,P0006,59,20,0
2024-02-13,S001,P0007,47,20,0
2024-02-13,S001,P0008,107,20,0
2024-02-13,S001,P0009,118,20,0
2024-02-13,S001,P0010,32,20,0
2024-02-13,S002,P0001,96,20,0
2024-02-13,S002,P0002,27,20,0
2024-02-13,S002,P0003,44,20,0
2024-02-13,S002,P0004,29,20,0
2024-02-13,S002,P0005,81,20,0
2024-02-13,S002,P0006,119,20,0
2024-02-13,S002,P0007,59,20,0
2024-02-13,S002,P0008,104,20,0
2024-02-13,S002,P0009,106,20,0
2024-02-13,S002,P0010,108,20,0
2024-02-13,S003,P0001,114,20,0
2024-02-13,S003,P0002,113,20,0
2024-02-13,S003,P0003,23,20,0
2024-02-13,S003,P0004,31,20,0
2024-02-13,S003,P0005,75,20,0
2024-02-13,S003,P0006,63,20,0
2024-02-13,S003,P0007,24,20,0
2024-02-13,S003,P0008,44,20,0
2024-02-13,S003,P0009,98,20,0
2024-02-13,S003,P0010,34,20,0
2024-02-13,S004,P0001,90,20,0
2024-02-13,S004,P0002,108,20,0
2024-02-13,S004,P0003,114,20,0
2024-02-13,S004,P0004,23,20,0
2024-02-13,S004,P0005,88,20,0
2024-02-13,S004,P0006,42,20,0
2024-02-13,S004,P0007,49,20,0
2024-02-13,S004,P0008,29,20,0
2024-02-13,S004,P0009,96,20,0
2024-02-13,S004,P0010,91,20,0
2024-02-13,S005,P0001,25,20,0
2024-02-13,S005,P0002,116,20,0
2024-02-13,S005,P0003,31,20,0
2024-02-13,S005,P0004,35,20,0
2024-02-13,S005,P0005,86,20,0
2024-02-13,S005,P0006,78,20,0
2024-02-13,S005,P0007,27,20,0
2024-02-13,S005,P0008,26,20,0
2024-02-13,S005,P0009,87,20,0
2024-02-13,S005,P0010,28,20,0
2024-02-14,S001,P0001,100,20,0
2024-02-14,S001,P0002,82,20,0
2024-02-14,S001,P0003,115,20,0
2024-02-14,S001,P0004,113,20,0
2024-02-14,S001,P0005,83,20,0
2024-02-14,S001,P0006,57,20,0
2024-02-14,S001,P0007,46,20,0
2024-02-14,S001,P0008,106,20,0
2024-02-14,S001,P0009,116,20,0
2024-02-14,S001,P0010,31,20,0
2024-02-14,S002,P0001,96,20,0
2024-02-14,S002,P0002,27,20,0
2024-02-14,S002,P0003,44,20,0
2024-02-14,S002,P0004,27,20,0
2024-02-14,S002,P0005,81,20,0
2024-02-14,S002,P0006,116,20,0
2024-02-14,S002,P0007,58,20,0
2024-02-14,S002,P0008,104,20,0
2024-02-14,S002,P0009,105,20,0
2024-02-14,S002,P0010,106,20,0
2024-02-14,S003,P0001,112,20,0
2024-02-14,S003,P0002,111,20,0
2024-02-14,S003,P0003,21,20,0
2024-02-14,S003,P0004,31,20,0
2024-02-14,S003,P0005,73,20,0
2024-02-14,S003,P0006,63,20,0
2024-02-14,S003,P0007,24,20,0
2024-02-14,S003,P0008,41,20,0
2024-02-14,S003,P0009,95,20,0
2024-02-14,S003,P0010,31,20,0
2024-02-14,S004,P0001,89,20,0
2024-02-14,S004,P0002,105,20,0
2024-02-14,S004,P0003,114,20,0
2024-02-14,S004,P0004,23,20,0
2024-02-14,S004,P0005,85,20,0
2024-02-14,S004,P0006,41,20,0
2024-02-14,S004,P0007,49,20,0
2024-02-14,S004,P0008,27,20,0
2024-02-14,S004,P0009,94,20,0
2024-02-14,S004,P0010,89,20,0
2024-02-14,S005,P0001,22,20,0
2024-02-14,S005,P0002,114,20,0
2024-02-14,S005,P0003,31,20,0
2024-02-14,S005,P0004,35,20,0
2024-02-14,S005,P0005,82,20,0
2024-02-14,S005,P0006,77,20,0
2024-02-14,S005,P0007,24,20,0
2024-02-14,S005,P0008,24,20,0
2024-02-14,S005,P0009,85,20,0
2024-02-14,S005,P0010,25,20,0
2024-02-15,S001,P0001,98,20,0
2024-02-15,S001,P0002,80,20,0
2024-02-15,S001,P0003,115,20,0
2024-02-15,S001,P0004,112,20,0
2024-02-15,S001,P0005,80,20,0
2024-02-15,S001,P0006,57,20,0
2024-02-15,S001,P0007,46,20,0
2024-02-15,S001,P0008,105,20,0
2024-02-15,S001,P0009,115,20,0
2024-02-15,S001,P0010,30,20,0
2024-02-15,S002,P0001,93,20,0
2024-02-15,S002,P0002,26,20,0
2024-02-15,S002,P0003,40,20,0
2024-02-15,S002,P0004,27,20,0
2024-02-15,S002,P0005,74,20,0
2024-02-15,S002,P0006,116,20,0
2024-02-15,S002,P0007,57,20,0
2024-02-15,S002,P0008,102,20,0
2024-02-15,S002,P0009,105,20,0
2024-02-15,S002,P0010,105,20,0
2024-02-15,S003,P0001,109,20,0
2024-02-15,S003,P0002,111,20,0
2024-02-15,S003,P0003,20,20,0
2024-02-15,S003,P0004,30,20,0
2024-02-15,S003,P0005,72,20,0
2024-02-15,S003,P0006,63,20,0
2024-02-15,S003,P0007,22,20,0
2024-02-15,S003,P0008,41,20,0
2024-02-15,S003,P0009,94,20,0
2024-02-15,S003,P0010,31,20,0
2024-02-15,S004,P0001,87,20,0
2024-02-15,S004,P0002,105,20,0
2024-02-15,S004,P0003,113,20,0
2024-02-15,S004,P0004,23,20,0
2024-02-15,S004,P0005,84,20,0
2024-02-15,S004,P0006,40,20,0
2024-02-15,S004,P0007,49,20,0
2024-02-15,S004,P0008,27,20,0
2024-02-15,S004,P0009,89,20,0
2024-02-15,S004,P0010,89,20,0
2024-02-15,S005,P0001,20,20,0
2024-02-15,S005,P0002,113,20,0
2024-02-15,S005,P0003,29,20,0
2024-02-15,S005,P0004,35,20,0
2024-02-15,S005,P0005,78,20,0
2024-02-15,S005,P0006,77,20,0
2024-02-15,S005,P0007,24,20,0
2024-02-15,S005,P0008,23,20,0
2024-02-15,S005,P0009,84,20,0
2024-02-15,S005,P0010,25,20,0
2024-02-16,S001,P0001,98,20,0
2024-02-16,S001,P0002,80,20,0
2024-02-16,S001,P0003,114,20,0
2024-02-16,S001,P0004,109,20,0
2024-02-16,S001,P0005,75,20,0
2024-02-16,S001,P0006,56,20,0
2024-02-16,S001,P0007,44,20,0
2024-02-16,S001,P0008,103,20,0
2024-02-16,S001,P0009,113,20,0
2024-02-16,S001,P0010,29,20,0
2024-02-16,S002,P0001,93,20,0
2024-02-16,S002,P0002,24,20,0
2024-02-16,S002,P0003,38,20,0
2024-02-16,S002,P0004,27,20,0
2024-02-16,S002,P0005,70,20,0
2024-02-16,S002,P0006,115,20,0
2024-02-16,S002,P0007,56,20,0
2024-02-16,S002,P0008,102,20,0
2024-02-16,S002,P0009,103,20,0
2024-02-16,S002,P0010,104,20,0
2024-02-16,S003,P0001,107,20,0
2024-02-16,S003,P0002,111,20,0
2024-02-16,S003,P0003,119,20,0
2024-02-16,S003,P0004,28,20,0
2024-02-16,S003,P0005,67,20,0
2024-02-16,S003,P0006,61,20,0
2024-02-16,S003,P0007,21,20,0
2024-02-16,S003,P0008,41,20,0
2024-02-16,S003,P0009,93,20,0
2024-02-16,S003,P0010,30,20,0
2024-02-16,S004,P0001,86,20,0
2024-02-16,S004,P0002,103,20,0
2024-02-16,S004,P0003,113,20,0
2024-02-16,S004,P0004,20,20,0
2024-02-16,S004,P0005,83,20,0
2024-02-16,S004,P0006,39,20,0
2024-02-16,S004,P0007,48,20,0
2024-02-16,S004,P0008,25,20,0
2024-02-16,S004,P0009,85,20,0
2024-02-16,S004,P0010,89,20,0
2024-02-16,S005,P0001,20,20,0
2024-02-16,S005,P0002,111,20,0
2024-02-16,S005,P0003,26,20,0
2024-02-16,S005,P0004,35,20,0
2024-02-16,S005,P0005,77,20,0
2024-02-16,S005,P0006,77,20,0
2024-02-16,S005,P0007,23,20,0
2024-02-16,S005,P0008,119,20,0
2024-02-16,S005,P0009,79,20,0
2024-02-16,S005,P0010,24,20,0
2024-02-17,S001,P0001,97,20,0
2024-02-17,S001,P0002,80,20,0
2024-02-17,S001,P0003,111,20,0
2024-02-17,S001,P0004,109,20,0
2024-02-17,S001,P0005,74,20,0
2024-02-17,S001,P0006,54,20,0
2024-02-17,S001,P0007,44,20,0
2024-02-17,S001,P0008,102,20,0
2024-02-17,S001,P0009,111,20,0
2024-02-17,S001,P0010,28,20,0
2024-02-17,S002,P0001,93,20,0
2024-02-17,S002,P0002,22,20,0
2024-02-17,S002,P0003,37,20,0
2024-02-17,S002,P0004,27,20,0
2024-02-17,S002,P0005,64,20,0
2024-02-17,S002,P0006,113,20,0
2024-02-17,S002,P0007,55,20,0
2024-02-17,S002,P0008,99,20,0
2024-02-17,S002,P0009,102,20,0
2024-02-17,S002,P0010,103,20,0
2024-02-17,S003,P0001,107,20,0
2024-02-17,S003,P0002,111,20,0
2024-02-17,S003,P0003,118,20,0
2024-02-17,S003,P0004,27,20,0
2024-02-17,S003,P0005,64,20,0
2024-02-17,S003,P0006,60,20,0
2024-02-17,S003,P0007,21,20,0
2024-02-17,S003,P0008,37,20,0
2024-02-17,S003,P0009,90,20,0
2024-02-17,S003,P0010,28,20,0
2024-02-17,S004,P0001,84,20,0
2024-02-17,S004,P0002,102,20,0
2024-02-17,S004,P0003,111,20,0
2024-02-17,S004,P0004,117,20,0
2024-02-17,S004,P0005,80,20,0
2024-02-17,S004,P0006,39,20,0
2024-02-17,S004,P0007,48,20,0
2024-02-17,S004,P0008,24,20,0
2024-02-17,S004,P0009,81,20,0
2024-02-17,S004,P0010,89,20,0
2024-02-17,S005,P0001,119,20,0
2024-02-17,S005,P0002,109,20,0
2024-02-17,S005,P0003,25,20,0
2024-02-17,S005,P0004,35,20,0
2024-02-17,S005,P0005,75,20,0
2024-02-17,S005,P0006,77,20,0
2024-02-17,S005,P0007,22,20,0
2024-02-17,S005,P0008,117,20,0
2024-02-17,S005,P0009,79,20,0
2024-02-17,S005,P0010,24,20,0
2024-02-18,S001,P0001,95,20,0
2024-02-18,S001,P0002,80,20,0
2024-02-18,S001,P0003,108,20,0
2024-02-18,S001,P0004,109,20,0
2024-02-18,S001,P0005,70,20,0
2024-02-18,S001,P0006,54,20,0
2024-02-18,S001,P0007,43,20,0
2024-02-18,S001,P0008,102,20,0
2024-02-18,S001,P0009,108,20,0
2024-02-18,S001,P0010,27,20,0
2024-02-18,S002,P0001,92,20,0
2024-02-18,S002,P0002,20,20,0
2024-02-18,S002,P0003,35,20,0
2024-02-18,S002,P0004,27,20,0
2024-02-18,S002,P0005,63,20,0
2024-02-18,S002,P0006,113,20,0
2024-02-18,S002,P0007,53,20,0
2024-02-18,S002,P0008,97,20,0
2024-02-18,S002,P0009,101,20,0
2024-02-18,S002,P0010,102,20,0
2024-02-18,S003,P0001,106,20,0
2024-02-18,S003,P0002,109,20,0
2024-02-18,S003,P0003,115,20,0
2024-02-18,S003,P0004,27,20,0
2024-02-18,S003,P0005,63,20,0
2024-02-18,S003,P0006,60,20,0
2024-02-18,S003,P0007,21,20,0
2024-02-18,S003,P0008,36,20,0
2024-02-18,S003,P0009,89,20,0
2024-02-18,S003,P0010,28,20,0
2024-02-18,S004,P0001,83,20,0
2024-02-18,S004,P0002,96,20,0
2024-02-18,S004,P0003,110,20,0
2024-02-18,S004,P0004,117,20,0
2024-02-18,S004,P0005,78,20,0
2024-02-18,S004,P0006,39,20,0
2024-02-18,S004,P0007,45,20,0
2024-02-18,S004,P0008,23,20,0
2024-02-18,S004,P0009,79,20,0
2024-02-18,S004,P0010,88,20,0
2024-02-18,S005,P0001,117,20,0
2024-02-18,S005,P0002,107,20,0
2024-02-18,S005,P0003,24,20,0
2024-02-18,S005,P0004,34,20,0
2024-02-18,S005,P0005,73,20,0
2024-02-18,S005,P0006,75,20,0
2024-02-18,S005,P0007,22,20,0
2024-02-18,S005,P0008,116,20,0
2024-02-18,S005,P0009,77,20,0
2024-02-18,S005,P0010,21,20,0
2024-02-19,S001,P0001,93,20,0
2024-02-19,S001,P0002,79,20,0
2024-02-19,S001,P0003,107,20,0
2024-02-19,S001,P0004,107,20,0
2024-02-19,S001,P0005,65,20,0
2024-02-19,S001,P0006,52,20,0
2024-02-19,S001,P0007,42,20,0
2024-02-19,S001,P0008,101,20,0
2024-02-19,S001,P0009,106,20,0
2024-02-19,S001,P0010,25,20,0
2024-02-19,S002,P0001,92,20,0
2024-02-19,S002,P0002,118,20,0
2024-02-19,S002,P0003,34,20,0
2024-02-19,S002,P0004,24,20,0
2024-02-19,S002,P0005,62,20,0
2024-02-19,S002,P0006,113,20,0
2024-02-19,S002,P0007,53,20,0
2024-02-19,S002,P0008,95,20,0
2024-02-19,S002,P0009,97,20,0
2024-02-19,S002,P0010,99,20,0
2024-02-19,S003,P0001,106,20,0
2024-02-19,S003,P0002,109,20,0
2024-02-19,S003,P0003,112,20,0
2024-02-19,S003,P0004,26,20,0
2024-02-19,S003,P0005,62,20,0
2024-02-19,S003,P0006,59,20,0
2024-02-19,S003,P0007,20,20,0
2024-02-19,S003,P0008,35,20,0
2024-02-19,S003,P0009,87,20,0
2024-02-19,S003,P0010,27,20,0
2024-02-19,S004,P0001,82,20,0
2024-02-19,S004,P0002,95,20,0
2024-02-19,S004,P0003,109,20,0
2024-02-19,S004,P0004,117,20,0
2024-02-19,S004,P0005,77,20,0
2024-02-19,S004,P0006,38,20,0
2024-02-19,S004,P0007,44,20,0
2024-02-19,S004,P0008,22,20,0
2024-02-19,S004,P0009,78,20,0
2024-02-19,S004,P0010,84,20,0
2024-02-19,S005,P0001,114,20,0
2024-02-19,S005,P0002,102,20,0
2024-02-19,S005,P0003,23,20,0
2024-02-19,S005,P0004,32,20,0
2024-02-19,S005,P0005,73,20,0
2024-02-19,S005,P0006,75,20,0
2024-02-19,S005,P0007,20,20,0
2024-02-19,S005,P0008,114,20,0
2024-02-19,S005,P0009,74,20,0
2024-02-19,S005,P0010,20,20,0
2024-02-20,S001,P0001,91,20,0
2024-02-20,S001,P0002,78,20,0
2024-02-20,S001,P0003,106,20,0
2024-02-20,S001,P0004,105,20,0
2024-02-20,S001,P0005,61,20,0
2024-02-20,S001,P0006,52,20,0
2024-02-20,S001,P0007,41,20,0
2024-02-20,S001,P0008,101,20,0
2024-02-20,S001,P0009,104,20,0
2024-02-20,S001,P0010,25,20,0
2024-02-20,S002,P0001,89,20,0
2024-02-20,S002,P0002,118,20,0
2024-02-20,S002,P0003,33,20,0
2024-02-20,S002,P0004,23,20,0
2024-02-20,S002,P0005,60,20,0
2024-02-20,S002,P0006,112,20,0
2024-02-20,S002,P0007,52,20,0
2024-02-20,S002,P0008,93,20,0
2024-02-20,S002,P0009,96,20,0
2024-02-20,S002,P0010,98,20,0
2024-02-20,S003,P0001,104,20,0
2024-02-20,S003,P0002,109,20,0
2024-02-20,S003,P0003,112,20,0
2024-02-20,S003,P0004,22,20,0
2024-02-20,S003,P0005,57,20,0
2024-02-20,S003,P0006,59,20,0
2024-02-20,S003,P0007,119,20,0
2024-02-20,S003,P0008,35,20,0
2024-02-20,S003,P0009,85,20,0
2024-02-20,S003,P0010,23,20,0
2024-02-20,S004,P0001,80,20,0
2024-02-20,S004,P0002,95,20,0
2024-02-20,S004,P0003,108,20,0
2024-02-20,S004,P0004,117,20,0
2024-02-20,S004,P0005,75,20,0
2024-02-20,S004,P0006,37,20,0
2024-02-20,S004,P0007,44,20,0
2024-02-20,S004,P0008,20,20,0
2024-02-20,S004,P0009,76,20,0
2024-02-20,S004,P0010,84,20,0
2024-02-20,S005,P0001,111,20,0
2024-02-20,S005,P0002,100,20,0
2024-02-20,S005,P0003,23,20,0
2024-02-20,S005,P0004,32,20,0
2024-02-20,S005,P0005,69,20,0
2024-02-20,S005,P0006,73,20,0
2024-02-20,S005,P0007,119,20,0
2024-02-20,S005,P0008,114,20,0
2024-02-20,S005,P0009,73,20,0
2024-02-20,S005,P0010,116,20,0
2024-02-21,S001,P0001,89,20,0
2024-02-21,S001,P0002,77,20,0
2024-02-21,S001,P0003,105,20,0
2024-02-21,S001,P0004,104,20,0
2024-02-21,S001,P0005,59,20,0
2024-02-21,S001,P0006,50,20,0
2024-02-21,S001,P0007,39,20,0
2024-02-21,S001,P0008,101,20,0
2024-02-21,S001,P0009,103,20,0
2024-02-21,S001,P0010,24,20,0
2024-02-21,S002,P0001,88,20,0
2024-02-21,S002,P0002,118,20,0
2024-02-21,S002,P0003,33,20,0
2024-02-21,S002,P0004,23,20,0
2024-02-21,S002,P0005,60,20,0
2024-02-21,S002,P0006,112,20,0
2024-02-21,S002,P0007,52,20,0
2024-02-21,S002,P0008,93,20,0
2024-02-21,S002,P0009,94,20,0
2024-02-21,S002,P0010,97,20,0
2024-02-21,S003,P0001,102,20,0
2024-02-21,S003,P0002,107,20,0
2024-02-21,S003,P0003,111,20,0
2024-02-21,S003,P0004,22,20,0
2024-02-21,S003,P0005,54,20,0
2024-02-21,S003,P0006,58,20,0
2024-02-21,S003,P0007,118,20,0
2024-02-21,S003,P0008,35,20,0
2024-02-21,S003,P0009,85,20,0
2024-02-21,S003,P0010,21,20,0
2024-02-21,S004,P0001,80,20,0
2024-02-21,S004,P0002,94,20,0
2024-02-21,S004,P0003,107,20,0
2024-02-21,S004,P0004,117,20,0
2024-02-21,S004,P0005,75,20,0
2024-02-21,S004,P0006,37,20,0
2024-02-21,S004,P0007,43,20,0
2024-02-21,S004,P0008,119,20,0
2024-02-21,S004,P0009,76,20,0
2024-02-21,S004,P0010,82,20,0
2024-02-21,S005,P0001,111,20,0
2024-02-21,S005,P0002,100,20,0
2024-02-21,S005,P0003,20,20,0
2024-02-21,S005,P0004,32,20,0
2024-02-21,S005,P0005,66,20,0
2024-02-21,S005,P0006,73,20,0
2024-02-21,S005,P0007,118,20,0
2024-02-21,S005,P0008,114,20,0
2024-02-21,S005,P0009,70,20,0
2024-02-21,S005,P0010,114,20,0
2024-02-22,S001,P0001,89,20,0
2024-02-22,S001,P0002,74,20,0
2024-02-22,S001,P0003,102,20,0
2024-02-22,S001,P0004,104,20,0
2024-02-22,S001,P0005,57,20,0
2024-02-22,S001,P0006,49,20,0
2024-02-22,S001,P0007,37,20,0
2024-02-22,S001,P0008,101,20,0
2024-02-22,S001,P0009,103,20,0
2024-02-22,S001,P0010,24,20,0
2024-02-22,S002,P0001,88,20,0
2024-02-22,S002,P0002,117,20,0
2024-02-22,S002,P0003,31,20,0
2024-02-22,S002,P0004,119,20,0
2024-02-22,S002,P0005,58,20,0
2024-02-22,S002,P0006,112,20,0
2024-02-22,S002,P0007,50,20,0
2024-02-22,S002,P0008,93,20,0
2024-02-22,S002,P0009,92,20,0
2024-02-22,S002,P0010,94,20,0
2024-02-22,S003,P0001,98,20,0
2024-02-22,S003,P0002,103,20,0
2024-02-22,S003,P0003,109,20,0
2024-02-22,S003,P0004,21,20,0
2024-02-22,S003,P0005,50,20,0
2024-02-22,S003,P0006,57,20,0
2024-02-22,S003,P0007,118,20,0
2024-02-22,S003,P0008,35,20,0
2024-02-22,S003,P0009,84,20,0
2024-02-22,S003,P0010,117,20,0
2024-02-22,S004,P0001,77,20,0
2024-02-22,S004,P0002,93,20,0
2024-02-22,S004,P0003,105,20,0
2024-02-22,S004,P0004,117,20,0
2024-02-22,S004,P0005,71,20,0
2024-02-22,S004,P0006,37,20,0
2024-02-22,S004,P0007,43,20,0
2024-02-22,S004,P0008,119,20,0
2024-02-22,S004,P0009,73,20,0
2024-02-22,S004,P0010,80,20,0
2024-02-22,S005,P0001,110,20,0
2024-02-22,S005,P0002,98,20,0
2024-02-22,S005,P0003,118,20,0
2024-02-22,S005,P0004,31,20,0
2024-02-22,S005,P0005,62,20,0
2024-02-22,S005,P0006,71,20,0
2024-02-22,S005,P0007,117,20,0
2024-02-22,S005,P0008,113,20,0
2024-02-22,S005,P0009,67,20,0
2024-02-22,S005,P0010,113,20,0
2024-02-23,S001,P0001,89,20,0
2024-02-23,S001,P0002,73,20,0
2024-02-23,S001,P0003,101,20,0
2024-02-23,S001,P0004,102,20,0
2024-02-23,S001,P0005,56,20,0
2024-02-23,S001,P0006,49,20,0
2024-02-23,S001,P0007,37,20,0
2024-02-23,S001,P0008,101,20,0
2024-02-23,S001,P0009,100,20,0
2024-02-23,S001,P0010,23,20,0
2024-02-23,S002,P0001,87,20,0
2024-02-23,S002,P0002,116,20,0
2024-02-23,S002,P0003,30,20,0
2024-02-23,S002,P0004,117,20,0
2024-02-23,S002,P0005,56,20,0
2024-02-23,S002,P0006,112,20,0
2024-02-23,S002,P0007,49,20,0
2024-02-23,S002,P0008,89,20,0
2024-02-23,S002,P0009,91,20,0
2024-02-23,S002,P0010,93,20,0
2024-02-23,S003,P0001,95,20,0
2024-02-23,S003,P0002,103,20,0
2024-02-23,S003,P0003,108,20,0
2024-02-23,S003,P0004,20,20,0
2024-02-23,S003,P0005,50,20,0
2024-02-23,S003,P0006,55,20,0
2024-02-23,S003,P0007,117,20,0
2024-02-23,S003,P0008,33,20,0
2024-02-23,S003,P0009,84,20,0
2024-02-23,S003,P0010,116,20,0
2024-02-23,S004,P0001,74,20,0
2024-02-23,S004,P0002,92,20,0
2024-02-23,S004,P0003,103,20,0
2024-02-23,S004,P0004,115,20,0
2024-02-23,S004,P0005,68,20,0
2024-02-23,S004,P0006,35,20,0
2024-02-23,S004,P0007,40,20,0
2024-02-23,S004,P0008,117,20,0
2024-02-23,S004,P0009,71,20,0
2024-02-23,S004,P0010,78,20,0
2024-02-23,S005,P0001,109,20,0
2024-02-23,S005,P0002,98,20,0
2024-02-23,S005,P0003,116,20,0
2024-02-23,S005,P0004,29,20,0
2024-02-23,S005,P0005,57,20,0
2024-02-23,S005,P0006,71,20,0
2024-02-23,S005,P0007,116,20,0
2024-02-23,S005,P0008,112,20,0
2024-02-23,S005,P0009,66,20,0
2024-02-23,S005,P0010,110,20,0
2024-02-24,S001,P0001,89,20,0
2024-02-24,S001,P0002,73,20,0
2024-02-24,S001,P0003,101,20,0
2024-02-24,S001,P0004,101,20,0
2024-02-24,S001,P0005,56,20,0
2024-02-24,S001,P0006,49,20,0
2024-02-24,S001,P0007,37,20,0
2024-02-24,S001,P0008,101,20,0
2024-02-24,S001,P0009,96,20,0
2024-02-24,S001,P0010,23,20,0
2024-02-24,S002,P0001,83,20,0
2024-02-24,S002,P0002,115,20,0
2024-02-24,S002,P0003,30,20,0
2024-02-24,S002,P0004,117,20,0
2024-02-24,S002,P0005,54,20,0
2024-02-24,S002,P0006,112,20,0
2024-02-24,S002,P0007,49,20,0
2024-02-24,S002,P0008,88,20,0
2024-02-24,S002,P0009,91,20,0
2024-02-24,S002,P0010,93,20,0
2024-02-24,S003,P0001,94,20,0
2024-02-24,S003,P0002,101,20,0
2024-02-24,S003,P0003,106,20,0
2024-02-24,S003,P0004,20,20,0
2024-02-24,S003,P0005,47,20,0
2024-02-24,S003,P0006,54,20,0
2024-02-24,S003,P0007,116,20,0
2024-02-24,S003,P0008,32,20,0
2024-02-24,S003,P0009,83,20,0
2024-02-24,S003,P0010,116,20,0
2024-02-24,S004,P0001,72,20,0
2024-02-24,S004,P0002,90,20,0
2024-02-24,S004,P0003,101,20,0
2024-02-24,S004,P0004,115,20,0
2024-02-24,S004,P0005,67,20,0
2024-02-24,S004,P0006,35,20,0
2024-02-24,S004,P0007,38,20,0
2024-02-24,S004,P0008,116,20,0
2024-02-24,S004,P0009,69,20,0
2024-02-24,S004,P0010,78,20,0
2024-02-24,S005,P0001,108,20,0
2024-02-24,S005,P0002,96,20,0
2024-02-24,S005,P0003,116,20,0
2024-02-24,S005,P0004,29,20,0
2024-02-24,S005,P0005,56,20,0
2024-02-24,S005,P0006,71,20,0
2024-02-24,S005,P0007,116,20,0
2024-02-24,S005,P0008,109,20,0
2024-02-24,S005,P0009,63,20,0
2024-02-24,S005,P0010,109,20,0
2024-02-25,S001,P0001,88,20,0
2024-02-25,S001,P0002,72,20,0
2024-02-25,S001,P0003,101,20,0
2024-02-25,S001,P0004,100,20,0
2024-02-25,S001,P0005,53,20,0
2024-02-25,S001,P0006,47,20,0
2024-02-25,S001,P0007,35,20,0
2024-02-25,S001,P0008,100,20,0
2024-02-25,S001,P0009,95,20,0
2024-02-25,S001,P0010,23,20,0
2024-02-25,S002,P0001,81,20,0
2024-02-25,S002,P0002,115,20,0
2024-02-25,S002,P0003,29,20,0
2024-02-25,S002,P0004,117,20,0
2024-02-25,S002,P0005,50,20,0
2024-02-25,S002,P0006,111,20,0
2024-02-25,S002,P0007,49,20,0
2024-02-25,S002,P0008,87,20,0
2024-02-25,S002,P0009,91,20,0
2024-02-25,S002,P0010,93,20,0
2024-02-25,S003,P0001,94,20,0
2024-02-25,S003,P0002,99,20,0
2024-02-25,S003,P0003,106,20,0
2024-02-25,S003,P0004,118,20,0
2024-02-25,S003,P0005,44,20,0
2024-02-25,S003,P0006,53,20,0
2024-02-25,S003,P0007,116,20,0
2024-02-25,S003,P0008,31,20,0
2024-02-25,S003,P0009,81,20,0
2024-02-25,S003,P0010,116,20,0
2024-02-25,S004,P0001,71,20,0
2024-02-25,S004,P0002,89,20,0
2024-02-25,S004,P0003,99,20,0
2024-02-25,S004,P0004,115,20,0
2024-02-25,S004,P0005,65,20,0
2024-02-25,S004,P0006,33,20,0
2024-02-25,S004,P0007,38,20,0
2024-02-25,S004,P0008,115,20,0
2024-02-25,S004,P0009,67,20,0
2024-02-25,S004,P0010,77,20,0
2024-02-25,S005,P0001,108,20,0
2024-02-25,S005,P0002,95,20,0
2024-02-25,S005,P0003,115,20,0
2024-02-25,S005,P0004,29,20,0
2024-02-25,S005,P0005,53,20,0
2024-02-25,S005,P0006,70,20,0
2024-02-25,S005,P0007,116,20,0
2024-02-25,S005,P0008,105,20,0
2024-02-25,S005,P0009,60,20,0
2024-02-25,S005,P0010,105,20,0
2024-02-26,S001,P0001,87,20,0
2024-02-26,S001,P0002,71,20,0
2024-02-26,S001,P0003,99,20,0
2024-02-26,S001,P0004,99,20,0
2024-02-26,S001,P0005,49,20,0
2024-02-26,S001,P0006,47,20,0
2024-02-26,S001,P0007,35,20,0
2024-02-26,S001,P0008,98,20,0
2024-02-26,S001,P0009,91,20,0
2024-02-26,S001,P0010,23,20,0
2024-02-26,S002,P0001,81,20,0
2024-02-26,S002,P0002,114,20,0
2024-02-26,S002,P0003,28,20,0
2024-02-26,S002,P0004,115,20,0
2024-02-26,S002,P0005,46,20,0
2024-02-26,S002,P0006,111,20,0
2024-02-26,S002,P0007,49,20,0
2024-02-26,S002,P0008,84,20,0
2024-02-26,S002,P0009,91,20,0
2024-02-26,S002,P0010,91,20,0
2024-02-26,S003,P0001,94,20,0
2024-02-26,S003,P0002,98,20,0
2024-02-26,S003,P0003,101,20,0
2024-02-26,S003,P0004,116,20,0
2024-02-26,S003,P0005,41,20,0
2024-02-26,S003,P0006,52,20,0
2024-02-26,S003,P0007,114,20,0
2024-02-26,S003,P0008,31,20,0
2024-02-26,S003,P0009,77,20,0
2024-02-26,S003,P0010,115,20,0
2024-02-26,S004,P0001,71,20,0
2024-02-26,S004,P0002,87,20,0
2024-02-26,S004,P0003,98,20,0
2024-02-26,S004,P0004,115,20,0
2024-02-26,S004,P0005,63,20,0
2024-02-26,S004,P0006,33,20,0
2024-02-26,S004,P0007,34,20,0
2024-02-26,S004,P0008,115,20,0
2024-02-26,S004,P0009,66,20,0
2024-02-26,S004,P0010,77,20,0
2024-02-26,S005,P0001,107,20,0
2024-02-26,S005,P0002,94,20,0
2024-02-26,S005,P0003,114,20,0
2024-02-26,S005,P0004,29,20,0
2024-02-26,S005,P0005,51,20,0
2024-02-26,S005,P0006,68,20,0
2024-02-26,S005,P0007,115,20,0
2024-02-26,S005,P0008,103,20,0
2024-02-26,S005,P0009,57,20,0
2024-02-26,S005,P0010,103,20,0
2024-02-27,S001,P0001,87,20,0
2024-02-27,S001,P0002,71,20,0
2024-02-27,S001,P0003,97,20,0
2024-02-27,S001,P0004,99,20,0
2024-02-27,S001,P0005,47,20,0
2024-02-27,S001,P0006,45,20,0
2024-02-27,S001,P0007,35,20,0
2024-02-27,S001,P0008,95,20,0
2024-02-27,S001,P0009,89,20,0
2024-02-27,S001,P0010,22,20,0
2024-02-27,S002,P0001,79,20,0
2024-02-27,S002,P0002,114,20,0
2024-02-27,S002,P0003,27,20,0
2024-02-27,S002,P0004,112,20,0
2024-02-27,S002,P0005,39,20,0
2024-02-27,S002,P0006,111,20,0
2024-02-27,S002,P0007,46,20,0
2024-02-27,S002,P0008,79,20,0
2024-02-27,S002,P0009,90,20,0
2024-02-27,S002,P0010,89,20,0
2024-02-27,S003,P0001,92,20,0
2024-02-27,S003,P0002,93,20,0
2024-02-27,S003,P0003,99,20,0
2024-02-27,S003,P0004,111,20,0
2024-02-27,S003,P0005,39,20,0
2024-02-27,S003,P0006,52,20,0
2024-02-27,S003,P0007,113,20,0
2024-02-27,S003,P0008,28,20,0
2024-02-27,S003,P0009,76,20,0
2024-02-27,S003,P0010,115,20,0
2024-02-27,S004,P0001,68,20,0
2024-02-27,S004,P0002,85,20,0
2024-02-27,S004,P0003,98,20,0
2024-02-27,S004,P0004,114,20,0
2024-02-27,S004,P0005,62,20,0
2024-02-27,S004,P0006,32,20,0
2024-02-27,S004,P0007,33,20,0
2024-02-27,S004,P0008,113,20,0
2024-02-27,S004,P0009,63,20,0
2024-02-27,S004,P0010,74,20,0
2024-02-27,S005,P0001,106,20,0
2024-02-27,S005,P0002,92,20,0
2024-02-27,S005,P0003,114,20,0
2024-02-27,S005,P0004,28,20,0
2024-02-27,S005,P0005,45,20,0
2024-02-27,S005,P0006,65,20,0
2024-02-27,S005,P0007,114,20,0
2024-02-27,S005,P0008,102,20,0
2024-02-27,S005,P0009,55,20,0
2024-02-27,S005,P0010,101,20,0
2024-02-28,S001,P0001,86,20,0
2024-02-28,S001,P0002,71,20,0
2024-02-28,S001,P0003,97,20,0
2024-02-28,S001,P0004,99,20,0
2024-02-28,S001,P0005,44,20,0
2024-02-28,S001,P0006,45,20,0
2024-02-28,S001,P0007,35,20,0
2024-02-28,S001,P0008,94,20,0
2024-02-28,S001,P0009,87,20,0
2024-02-28,S001,P0010,20,20,0
2024-02-28,S002,P0001,78,20,0
2024-02-28,S002,P0002,111,20,0
2024-02-28,S002,P0003,26,20,0
2024-02-28,S002,P0004,111,20,0
2024-02-28,S002,P0005,38,20,0
2024-02-28,S002,P0006,109,20,0
2024-02-28,S002,P0007,46,20,0
2024-02-28,S002,P0008,78,20,0
2024-02-28,S002,P0009,88,20,0
2024-02-28,S002,P0010,88,20,0
2024-02-28,S003,P0001,90,20,0
2024-02-28,S003,P0002,91,20,0
2024-02-28,S003,P0003,97,20,0
2024-02-28,S003,P0004,109,20,0
2024-02-28,S003,P0005,38,20,0
2024-02-28,S003,P0006,52,20,0
2024-02-28,S003,P0007,112,20,0
2024-02-28,S003,P0008,27,20,0
2024-02-28,S003,P0009,73,20,0
2024-02-28,S003,P0010,115,20,0
2024-02-28,S004,P0001,65,20,0
2024-02-28,S004,P0002,85,20,0
2024-02-28,S004,P0003,96,20,0
2024-02-28,S004,P0004,113,20,0
2024-02-28,S004,P0005,61,20,0
2024-02-28,S004,P0006,32,20,0
2024-02-28,S004,P0007,31,20,0
2024-02-28,S004,P0008,113,20,0
2024-02-28,S004,P0009,62,20,0
2024-02-28,S004,P0010,73,20,0
2024-02-28,S005,P0001,104,20,0
2024-02-28,S005,P0002,91,20,0
2024-02-28,S005,P0003,113,20,0
2024-02-28,S005,P0004,28,20,0
2024-02-28,S005,P0005,45,20,0
2024-02-28,S005,P0006,64,20,0
2024-02-28,S005,P0007,113,20,0
2024-02-28,S005,P0008,99,20,0
2024-02-28,S005,P0009,54,20,0
2024-02-28,S005,P0010,99,20,0
2024-02-29,S001,P0001,86,20,0
2024-02-29,S001,P0002,71,20,0
2024-02-29,S001,P0003,95,20,0
2024-02-29,S001,P0004,97,20,0
2024-02-29,S001,P0005,41,20,0
2024-02-29,S001,P0006,45,20,0
2024-02-29,S001,P0007,33,20,0
2024-02-29,S001,P0008,92,20,0
2024-02-29,S001,P0009,87,20,0
2024-02-29,S001,P0010,119,20,0
2024-02-29,S002,P0001,77,20,0
2024-02-29,S002,P0002,110,20,0
2024-02-29,S002,P0003,24,20,0
2024-02-29,S002,P0004,111,20,0
2024-02-29,S002,P0005,32,20,0
2024-02-29,S002,P0006,109,20,0
2024-02-29,S002,P0007,45,20,0
2024-02-29,S002,P0008,78,20,0
2024-02-29,S002,P0009,86,20,0
2024-02-29,S002,P0010,85,20,0
2024-02-29,S003,P0001,90,20,0
2024-02-29,S003,P0002,90,20,0
2024-02-29,S003,P0003,96,20,0
2024-02-29,S003,P0004,108,20,0
2024-02-29,S003,P0005,37,20,0
2024-02-29,S003,P0006,52,20,0
2024-02-29,S003,P0007,110,20,0
2024-02-29,S003,P0008,27,20,0
2024-02-29,S003,P0009,70,20,0
2024-02-29,S003,P0010,115,20,0
2024-02-29,S004,P0001,64,20,0
2024-02-29,S004,P0002,84,20,0
2024-02-29,S004,P0003,96,20,0
2024-02-29,S004,P0004,112,20,0
2024-02-29,S004,P0005,58,20,0
2024-02-29,S004,P0006,32,20,0
2024-02-29,S004,P0007,31,20,0
2024-02-29,S004,P0008,112,20,0
2024-02-29,S004,P0009,60,20,0
2024-02-29,S004,P0010,70,20,0
2024-02-29,S005,P0001,103,20,0
2024-02-29,S005,P0002,91,20,0
2024-02-29,S005,P0003,113,20,0
2024-02-29,S005,P0004,26,20,0
2024-02-29,S005,P0005,44,20,0
2024-02-29,S005,P0006,63,20,0
2024-02-29,S005,P0007,112,20,0
2024-02-29,S005,P0008,97,20,0
2024-02-29,S005,P0009,53,20,0
2024-02-29,S005,P0010,98,20,0
2024-03-01,S001,P0001,83,20,0
2024-03-01,S001,P0002,66,20,0
2024-03-01,S001,P0003,94,20,0
2024-03-01,S001,P0004,96,20,0
2024-03-01,S001,P0005,37,20,0
2024-03-01,S001,P0006,45,20,0
2024-03-01,S001,P0007,32,20,0
2024-03-01,S001,P0008,92,20,0
2024-03-01,S001,P0009,82,20,0
2024-03-01,S001,P0010,116,20,0
2024-03-01,S002,P0001,76,20,0
2024-03-01,S002,P0002,109,20,0
2024-03-01,S002,P0003,21,20,0
2024-03-01,S002,P0004,111,20,0
2024-03-01,S002,P0005,29,20,0
2024-03-01,S002,P0006,108,20,0
2024-03-01,S002,P0007,43,20,0
2024-03-01,S002,P0008,75,20,0
2024-03-01,S002,P0009,86,20,0
2024-03-01,S002,P0010,83,20,0
2024-03-01,S003,P0001,87,20,0
2024-03-01,S003,P0002,90,20,0
2024-03-01,S003,P0003,95,20,0
2024-03-01,S003,P0004,107,20,0
2024-03-01,S003,P0005,35,20,0
2024-03-01,S003,P0006,52,20,0
2024-03-01,S003,P0007,109,20,0
2024-03-01,S003,P0008,23,20,0
2024-03-01,S003,P0009,68,20,0
2024-03-01,S003,P0010,112,20,0
2024-03-01,S004,P0001,63,20,0
2024-03-01,S004,P0002,84,20,0
2024-03-01,S004,P0003,96,20,0
2024-03-01,S004,P0004,112,20,0
2024-03-01,S004,P0005,56,20,0
2024-03-01,S004,P0006,32,20,0
2024-03-01,S004,P0007,31,20,0
2024-03-01,S004,P0008,110,20,0
2024-03-01,S004,P0009,60,20,0
2024-03-01,S004,P0010,68,20,0
2024-03-01,S005,P0001,100,20,0
2024-03-01,S005,P0002,91,20,0
2024-03-01,S005,P0003,110,20,0
2024-03-01,S005,P0004,24,20,0
2024-03-01,S005,P0005,40,20,0
2024-03-01,S005,P0006,63,20,0
2024-03-01,S005,P0007,112,20,0
2024-03-01,S005,P0008,96,20,0
2024-03-01,S005,P0009,52,20,0
2024-03-01,S005,P0010,95,20,0
2024-03-02,S001,P0001,82,20,0
2024-03-02,S001,P0002,65,20,0
2024-03-02,S001,P0003,94,20,0
2024-03-02,S001,P0004,95,20,0
2024-03-02,S001,P0005,35,20,0
2024-03-02,S001,P0006,43,20,0
2024-03-02,S001,P0007,30,20,0
2024-03-02,S001,P0008,90,20,0
2024-03-02,S001,P0009,82,20,0
2024-03-02,S001,P0010,115,20,0
2024-03-02,S002,P0001,75,20,0
2024-03-02,S002,P0002,108,20,0
2024-03-02,S002,P0003,119,20,0
2024-03-02,S002,P0004,111,20,0
2024-03-02,S002,P0005,27,20,0
2024-03-02,S002,P0006,106,20,0
2024-03-02,S002,P0007,42,20,0
2024-03-02,S002,P0008,75,20,0
2024-03-02,S002,P0009,84,20,0
2024-03-02,S002,P0010,81,20,0
2024-03-02,S003,P0001,86,20,0
2024-03-02,S003,P0002,89,20,0
2024-03-02,S003,P0003,93,20,0
2024-03-02,S003,P0004,106,20,0
2024-03-02,S003,P0005,35,20,0
2024-03-02,S003,P0006,51,20,0
2024-03-02,S003,P0007,108,20,0
2024-03-02,S003,P0008,22,20,0
2024-03-02,S003,P0009,66,20,0
2024-03-02,S003,P0010,109,20,0
2024-03-02,S004,P0001,60,20,0
2024-03-02,S004,P0002,81,20,0
2024-03-02,S004,P0003,96,20,0
2024-03-02,S004,P0004,111,20,0
2024-03-02,S004,P0005,54,20,0
2024-03-02,S004,P0006,31,20,0
2024-03-02,S004,P0007,31,20,0
2024-03-02,S004,P0008,110,20,0
2024-03-02,S004,P0009,59,20,0
2024-03-02,S004,P0010,66,20,0
2024-03-02,S005,P0001,98,20,0
2024-03-02,S005,P0002,89,20,0
2024-03-02,S005,P0003,107,20,0
2024-03-02,S005,P0004,24,20,0
2024-03-02,S005,P0005,38,20,0
2024-03-02,S005,P0006,63,20,0
2024-03-02,S005,P0007,111,20,0
2024-03-02,S005,P0008,96,20,0
2024-03-02,S005,P0009,52,20,0
2024-03-02,S005,P0010,94,20,0
2024-03-03,S001,P0001,78,20,0
2024-03-03,S001,P0002,64,20,0
2024-03-03,S001,P0003,93,20,0
2024-03-03,S001,P0004,93,20,0
2024-03-03,S001,P0005,34,20,0
2024-03-03,S001,P0006,43,20,0
2024-03-03,S001,P0007,30,20,0
2024-03-03,S001,P0008,88,20,0
2024-03-03,S001,P0009,81,20,0
2024-03-03,S001,P0010,113,20,0
2024-03-03,S002,P0001,72,20,0
2024-03-03,S002,P0002,108,20,0
2024-03-03,S002,P0003,117,20,0
2024-03-03,S002,P0004,111,20,0
2024-03-03,S002,P0005,23,20,0
2024-03-03,S002,P0006,105,20,0
2024-03-03,S002,P0007,41,20,0
2024-03-03,S002,P0008,75,20,0
2024-03-03,S002,P0009,84,20,0
2024-03-03,S002,P0010,81,20,0
2024-03-03,S003,P0001,86,20,0
2024-03-03,S003,P0002,89,20,0
2024-03-03,S003,P0003,93,20,0
2024-03-03,S003,P0004,105,20,0
2024-03-03,S003,P0005,33,20,0
2024-03-03,S003,P0006,50,20,0
2024-03-03,S003,P0007,107,20,0
2024-03-03,S003,P0008,21,20,0
2024-03-03,S003,P0009,63,20,0
2024-03-03,S003,P0010,108,20,0
2024-03-03,S004,P0001,60,20,0
2024-03-03,S004,P0002,80,20,0
2024-03-03,S004,P0003,96,20,0
2024-03-03,S004,P0004,110,20,0
2024-03-03,S004,P0005,52,20,0
2024-03-03,S004,P0006,31,20,0
2024-03-03,S004,P0007,30,20,0
2024-03-03,S004,P0008,109,20,0
2024-03-03,S004,P0009,56,20,0
2024-03-03,S004,P0010,66,20,0
2024-03-03,S005,P0001,97,20,0
2024-03-03,S005,P0002,87,20,0
2024-03-03,S005,P0003,107,20,0
2024-03-03,S005,P0004,22,20,0
2024-03-03,S005,P0005,35,20,0
2024-03-03,S005,P0006,63,20,0
2024-03-03,S005,P0007,111,20,0
2024-03-03,S005,P0008,93,20,0
2024-03-03,S005,P0009,49,20,0
2024-03-03,S005,P0010,93,20,0
2024-03-04,S001,P0001,76,20,0
2024-03-04,S001,P0002,64,20,0
2024-03-04,S001,P0003,93,20,0
2024-03-04,S001,P0004,93,20,0
2024-03-04,S001,P0005,30,20,0
2024-03-04,S001,P0006,42,20,0
2024-03-04,S001,P0007,30,20,0
2024-03-04,S001,P0008,87,20,0
2024-03-04,S001,P0009,80,20,0
2024-03-04,S001,P0010,112,20,0
2024-03-04,S002,P0001,71,20,0
2024-03-04,S002,P0002,106,20,0
2024-03-04,S002,P0003,116,20,0
2024-03-04,S002,P0004,110,20,0
2024-03-04,S002,P0005,21,20,0
2024-03-04,S002,P0006,104,20,0
2024-03-04,S002,P0007,41,20,0
2024-03-04,S002,P0008,74,20,0
2024-03-04,S002,P0009,81,20,0
2024-03-04,S002,P0010,77,20,0
2024-03-04,S003,P0001,83,20,0
2024-03-04,S003,P0002,88,20,0
2024-03-04,S003,P0003,90,20,0
2024-03-04,S003,P0004,103,20,0
2024-03-04,S003,P0005,30,20,0
2024-03-04,S003,P0006,48,20,0
2024-03-04,S003,P0007,104,20,0
2024-03-04,S003,P0008,21,20,0
2024-03-04,S003,P0009,63,20,0
2024-03-04,S003,P0010,104,20,0
2024-03-04,S004,P0001,57,20,0
2024-03-04,S004,P0002,76,20,0
2024-03-04,S004,P0003,94,20,0
2024-03-04,S004,P0004,110,20,0
2024-03-04,S004,P0005,49,20,0
2024-03-04,S004,P0006,31,20,0
2024-03-04,S004,P0007,30,20,0
2024-03-04,S004,P0008,109,20,0
2024-03-04,S004,P0009,53,20,0
2024-03-04,S004,P0010,66,20,0
2024-03-04,S005,P0001,94,20,0
2024-03-04,S005,P0002,86,20,0
2024-03-04,S005,P0003,107,20,0
2024-03-04,S005,P0004,22,20,0
2024-03-04,S005,P0005,32,20,0
2024-03-04,S005,P0006,61,20,0
2024-03-04,S005,P0007,110,20,0
2024-03-04,S005,P0008,92,20,0
2024-03-04,S005,P0009,47,20,0
2024-03-04,S005,P0010,92,20,0
2024-03-05,S001,P0001,73,20,0
2024-03-05,S001,P0002,63,20,0
2024-03-05,S001,P0003,91,20,0
2024-03-05,S001,P0004,93,20,0
2024-03-05,S001,P0005,27,20,0
2024-03-05,S001,P0006,42,20,0
2024-03-05,S001,P0007,29,20,0
2024-03-05,S001,P0008,86,20,0
2024-03-05,S001,P0009,74,20,0
2024-03-05,S001,P0010,112,20,0
2024-03-05,S002,P0001,70,20,0
2024-03-05,S002,P0002,106,20,0
2024-03-05,S002,P0003,112,20,0
2024-03-05,S002,P0004,109,20,0
2024-03-05,S002,P0005,118,20,0
2024-03-05,S002,P0006,104,20,0
2024-03-05,S002,P0007,40,20,0
2024-03-05,S002,P0008,72,20,0
2024-03-05,S002,P0009,81,20,0
2024-03-05,S002,P0010,75,20,0
2024-03-05,S003,P0001,80,20,0
2024-03-05,S003,P0002,87,20,0
2024-03-05,S003,P0003,89,20,0
2024-03-05,S003,P0004,102,20,0
2024-03-05,S003,P0005,25,20,0
2024-03-05,S003,P0006,47,20,0
2024-03-05,S003,P0007,103,20,0
2024-03-05,S003,P0008,119,20,0
2024-03-05,S003,P0009,63,20,0
2024-03-05,S003,P0010,103,20,0
2024-03-05,S004,P0001,56,20,0
2024-03-05,S004,P0002,73,20,0
2024-03-05,S004,P0003,94,20,0
2024-03-05,S004,P0004,110,20,0
2024-03-05,S004,P0005,46,20,0
2024-03-05,S004,P0006,31,20,0
2024-03-05,S004,P0007,28,20,0
2024-03-05,S004,P0008,103,20,0
2024-03-05,S004,P0009,48,20,0
2024-03-05,S004,P0010,66,20,0
2024-03-05,S005,P0001,92,20,0
2024-03-05,S005,P0002,83,20,0
2024-03-05,S005,P0003,105,20,0
2024-03-05,S005,P0004,119,20,0
2024-03-05,S005,P0005,27,20,0
2024-03-05,S005,P0006,61,20,0
2024-03-05,S005,P0007,109,20,0
2024-03-05,S005,P0008,91,20,0
2024-03-05,S005,P0009,46,20,0
2024-03-05,S005,P0010,91,20,0
2024-03-06,S001,P0001,73,20,0
2024-03-06,S001,P0002,62,20,0
2024-03-06,S001,P0003,90,20,0
2024-03-06,S001,P0004,93,20,0
2024-03-06,S001,P0005,27,20,0
2024-03-06,S001,P0006,41,20,0
2024-03-06,S001,P0007,29,20,0
2024-03-06,S001,P0008,83,20,0
2024-03-06,S001,P0009,73,20,0
2024-03-06,S001,P0010,110,20,0
2024-03-06,S002,P0001,67,20,0
2024-03-06,S002,P0002,106,20,0
2024-03-06,S002,P0003,111,20,0
2024-03-06,S002,P0004,109,20,0
2024-03-06,S002,P0005,116,20,0
2024-03-06,S002,P0006,103,20,0
2024-03-06,S002,P0007,39,20,0
2024-03-06,S002,P0008,72,20,0
2024-03-06,S002,P0009,79,20,0
2024-03-06,S002,P0010,74,20,0
2024-03-06,S003,P0001,79,20,0
2024-03-06,S003,P0002,87,20,0
2024-03-06,S003,P0003,86,20,0
2024-03-06,S003,P0004,101,20,0
2024-03-06,S003,P0005,20,20,0
2024-03-06,S003,P0006,47,20,0
2024-03-06,S003,P0007,103,20,0
2024-03-06,S003,P0008,118,20,0
2024-03-06,S003,P0009,61,20,0
2024-03-06,S003,P0010,102,20,0
2024-03-06,S004,P0001,56,20,0
2024-03-06,S004,P0002,70,20,0
2024-03-06,S004,P0003,93,20,0
2024-03-06,S004,P0004,108,20,0
2024-03-06,S004,P0005,42,20,0
2024-03-06,S004,P0006,30,20,0
2024-03-06,S004,P0007,28,20,0
2024-03-06,S004,P0008,103,20,0
2024-03-06,S004,P0009,46,20,0
2024-03-06,S004,P0010,65,20,0
2024-03-06,S005,P0001,90,20,0
2024-03-06,S005,P0002,81,20,0
2024-03-06,S005,P0003,101,20,0
2024-03-06,S005,P0004,119,20,0
2024-03-06,S005,P0005,26,20,0
2024-03-06,S005,P0006,61,20,0
2024-03-06,S005,P0007,108,20,0
2024-03-06,S005,P0008,90,20,0
2024-03-06,S005,P0009,44,20,0
2024-03-06,S005,P0010,90,20,0
2024-03-07,S001,P0001,70,20,0
2024-03-07,S001,P0002,58,20,0
2024-03-07,S001,P0003,89,20,0
2024-03-07,S001,P0004,91,20,0
2024-03-07,S001,P0005,24,20,0
2024-03-07,S001,P0006,41,20,0
2024-03-07,S001,P0007,29,20,0
2024-03-07,S001,P0008,82,20,0
2024-03-07,S001,P0009,71,20,0
2024-03-07,S001,P0010,110,20,0
2024-03-07,S002,P0001,66,20,0
2024-03-07,S002,P0002,105,20,0
2024-03-07,S002,P0003,110,20,0
2024-03-07,S002,P0004,108,20,0
2024-03-07,S002,P0005,113,20,0
2024-03-07,S002,P0006,102,20,0
2024-03-07,S002,P0007,38,20,0
2024-03-07,S002,P0008,70,20,0
2024-03-07,S002,P0009,76,20,0
2024-03-07,S002,P0010,72,20,0
2024-03-07,S003,P0001,79,20,0
2024-03-07,S003,P0002,86,20,0
2024-03-07,S003,P0003,82,20,0
2024-03-07,S003,P0004,100,20,0
2024-03-07,S003,P0005,119,20,0
2024-03-07,S003,P0006,46,20,0
2024-03-07,S003,P0007,103,20,0
2024-03-07,S003,P0008,118,20,0
2024-03-07,S003,P0009,59,20,0
2024-03-07,S003,P0010,101,20,0
2024-03-07,S004,P0001,55,20,0
2024-03-07,S004,P0002,68,20,0
2024-03-07,S004,P0003,93,20,0
2024-03-07,S004,P0004,108,20,0
2024-03-07,S004,P0005,41,20,0
2024-03-07,S004,P0006,29,20,0
2024-03-07,S004,P0007,26,20,0
2024-03-07,S004,P0008,102,20,0
2024-03-07,S004,P0009,45,20,0
2024-03-07,S004,P0010,65,20,0
2024-03-07,S005,P0001,89,20,0
2024-03-07,S005,P0002,80,20,0
2024-03-07,S005,P0003,98,20,0
2024-03-07,S005,P0004,118,20,0
2024-03-07,S005,P0005,24,20,0
2024-03-07,S005,P0006,60,20,0
2024-03-07,S005,P0007,107,20,0
2024-03-07,S005,P0008,89,20,0
2024-03-07,S005,P0009,43,20,0
2024-03-07,S005,P0010,88,20,0
2024-03-08,S001,P0001,68,20,0
2024-03-08,S001,P0002,57,20,0
2024-03-08,S001,P0003,87,20,0
2024-03-08,S001,P0004,90,20,0
2024-03-08,S001,P0005,21,20,0
2024-03-08,S001,P0006,41,20,0
2024-03-08,S001,P0007,29,20,0
2024-03-08,S001,P0008,81,20,0
2024-03-08,S001,P0009,70,20,0
2024-03-08,S001,P0010,109,20,0
2024-03-08,S002,P0001,66,20,0
2024-03-08,S002,P0002,104,20,0
2024-03-08,S002,P0003,109,20,0
2024-03-08,S002,P0004,108,20,0
2024-03-08,S002,P0005,109,20,0
2024-03-08,S002,P0006,100,20,0
2024-03-08,S002,P0007,36,20,0
2024-03-08,S002,P0008,69,20,0
2024-03-08,S002,P0009,72,20,0
2024-03-08,S002,P0010,71,20,0
2024-03-08,S003,P0001,75,20,0
2024-03-08,S003,P0002,83,20,0
2024-03-08,S003,P0003,82,20,0
2024-03-08,S003,P0004,100,20,0
2024-03-08,S003,P0005,116,20,0
2024-03-08,S003,P0006,45,20,0
2024-03-08,S003,P0007,103,20,0
2024-03-08,S003,P0008,118,20,0
2024-03-08,S003,P0009,56,20,0
2024-03-08,S003,P0010,101,20,0
2024-03-08,S004,P0001,55,20,0
2024-03-08,S004,P0002,67,20,0
2024-03-08,S004,P0003,90,20,0
2024-03-08,S004,P0004,107,20,0
2024-03-08,S004,P0005,41,20,0
2024-03-08,S004,P0006,29,20,0
2024-03-08,S004,P0007,26,20,0
2024-03-08,S004,P0008,101,20,0
2024-03-08,S004,P0009,45,20,0
2024-03-08,S004,P0010,62,20,0
2024-03-08,S005,P0001,89,20,0
2024-03-08,S005,P0002,77,20,0
2024-03-08,S005,P0003,98,20,0
2024-03-08,S005,P0004,117,20,0
2024-03-08,S005,P0005,22,20,0
2024-03-08,S005,P0006,59,20,0
2024-03-08,S005,P0007,106,20,0
2024-03-08,S005,P0008,87,20,0
2024-03-08,S005,P0009,43,20,0
2024-03-08,S005,P0010,88,20,0
2024-03-09,S001,P0001,67,20,0
2024-03-09,S001,P0002,57,20,0
2024-03-09,S001,P0003,85,20,0
2024-03-09,S001,P0004,90,20,0
2024-03-09,S001,P0005,118,20,0
2024-03-09,S001,P0006,41,20,0
2024-03-09,S001,P0007,29,20,0
2024-03-09,S001,P0008,81,20,0
2024-03-09,S001,P0009,68,20,0
2024-03-09,S001,P0010,108,20,0
2024-03-09,S002,P0001,65,20,0
2024-03-09,S002,P0002,103,20,0
2024-03-09,S002,P0003,108,20,0
2024-03-09,S002,P0004,108,20,0
2024-03-09,S002,P0005,103,20,0
2024-03-09,S002,P0006,100,20,0
2024-03-09,S002,P0007,35,20,0
2024-03-09,S002,P0008,69,20,0
2024-03-09,S002,P0009,70,20,0
2024-03-09,S002,P0010,69,20,0
2024-03-09,S003,P0001,74,20,0
2024-03-09,S003,P0002,80,20,0
2024-03-09,S003,P0003,82,20,0
2024-03-09,S003,P0004,98,20,0
2024-03-09,S003,P0005,115,20,0
2024-03-09,S003,P0006,45,20,0
2024-03-09,S003,P0007,103,20,0
2024-03-09,S003,P0008,117,20,0
2024-03-09,S003,P0009,55,20,0
2024-03-09,S003,P0010,100,20,0
2024-03-09,S004,P0001,54,20,0
2024-03-09,S004,P0002,66,20,0
2024-03-09,S004,P0003,89,20,0
2024-03-09,S004,P0004,105,20,0
2024-03-09,S004,P0005,40,20,0
2024-03-09,S004,P0006,26,20,0
2024-03-09,S004,P0007,23,20,0
2024-03-09,S004,P0008,101,20,0
2024-03-09,S004,P0009,42,20,0
2024-03-09,S004,P0010,61,20,0
2024-03-09,S005,P0001,87,20,0
2024-03-09,S005,P0002,76,20,0
2024-03-09,S005,P0003,96,20,0
2024-03-09,S005,P0004,117,20,0
2024-03-09,S005,P0005,20,20,0
2024-03-09,S005,P0006,59,20,0
2024-03-09,S005,P0007,105,20,0
2024-03-09,S005,P0008,86,20,0
2024-03-09,S005,P0009,43,20,0
2024-03-09,S005,P0010,86,20,0
2024-03-10,S001,P0001,67,20,0
2024-03-10,S001,P0002,57,20,0
2024-03-10,S001,P0003,83,20,0
2024-03-10,S001,P0004,90,20,0
2024-03-10,S001,P0005,118,20,0
2024-03-10,S001,P0006,41,20,0
2024-03-10,S001,P0007,27,20,0
2024-03-10,S001,P0008,78,20,0
2024-03-10,S001,P0009,63,20,0
2024-03-10,S001,P0010,106,20,0
2024-03-10,S002,P0001,63,20,0
2024-03-10,S002,P0002,103,20,0
2024-03-10,S002,P0003,108,20,0
2024-03-10,S002,P0004,106,20,0
2024-03-10,S002,P0005,102,20,0
2024-03-10,S002,P0006,98,20,0
2024-03-10,S002,P0007,34,20,0
2024-03-10,S002,P0008,69,20,0
2024-03-10,S002,P0009,69,20,0
2024-03-10,S002,P0010,68,20,0
2024-03-10,S003,P0001,74,20,0
2024-03-10,S003,P0002,79,20,0
2024-03-10,S003,P0003,78,20,0
2024-03-10,S003,P0004,98,20,0
2024-03-10,S003,P0005,111,20,0
2024-03-10,S003,P0006,43,20,0
2024-03-10,S003,P0007,101,20,0
2024-03-10,S003,P0008,117,20,0
2024-03-10,S003,P0009,52,20,0
2024-03-10,S003,P0010,99,20,0
2024-03-10,S004,P0001,53,20,0
2024-03-10,S004,P0002,64,20,0
2024-03-10,S004,P0003,86,20,0
2024-03-10,S004,P0004,103,20,0
2024-03-10,S004,P0005,40,20,0
2024-03-10,S004,P0006,26,20,0
2024-03-10,S004,P0007,22,20,0
2024-03-10,S004,P0008,101,20,0
2024-03-10,S004,P0009,42,20,0
2024-03-10,S004,P0010,60,20,0
2024-03-10,S005,P0001,87,20,0
2024-03-10,S005,P0002,74,20,0
2024-03-10,S005,P0003,93,20,0
2024-03-10,S005,P0004,116,20,0
2024-03-10,S005,P0005,117,20,0
2024-03-10,S005,P0006,58,20,0
2024-03-10,S005,P0007,105,20,0
2024-03-10,S005,P0008,84,20,0
2024-03-10,S005,P0009,42,20,0
2024-03-10,S005,P0010,86,20,0
2024-03-11,S001,P0001,65,20,0
2024-03-11,S001,P0002,55,20,0
2024-03-11,S001,P0003,82,20,0
2024-03-11,S001,P0004,90,20,0
2024-03-11,S001,P0005,118,20,0
2024-03-11,S001,P0006,41,20,0
2024-03-11,S001,P0007,27,20,0
2024-03-11,S001,P0008,77,20,0
2024-03-11,S001,P0009,62,20,0
2024-03-11,S001,P0010,104,20,0
2024-03-11,S002,P0001,63,20,0
2024-03-11,S002,P0002,102,20,0
2024-03-11,S002,P0003,107,20,0
2024-03-11,S002,P0004,104,20,0
2024-03-11,S002,P0005,97,20,0
2024-03-11,S002,P0006,97,20,0
2024-03-11,S002,P0007,33,20,0
2024-03-11,S002,P0008,67,20,0
2024-03-11,S002,P0009,68,20,0
2024-03-11,S002,P0010,68,20,0
2024-03-11,S003,P0001,73,20,0
2024-03-11,S003,P0002,76,20,0
2024-03-11,S003,P0003,78,20,0
2024-03-11,S003,P0004,98,20,0
2024-03-11,S003,P0005,110,20,0
2024-03-11,S003,P0006,43,20,0
2024-03-11,S003,P0007,100,20,0
2024-03-11,S003,P0008,116,20,0
2024-03-11,S003,P0009,49,20,0
2024-03-11,S003,P0010,99,20,0
2024-03-11,S004,P0001,53,20,0
2024-03-11,S004,P0002,61,20,0
2024-03-11,S004,P0003,85,20,0
2024-03-11,S004,P0004,101,20,0
2024-03-11,S004,P0005,39,20,0
2024-03-11,S004,P0006,25,20,0
2024-03-11,S004,P0007,22,20,0
2024-03-11,S004,P0008,101,20,0
2024-03-11,S004,P0009,40,20,0
2024-03-11,S004,P0010,58,20,0
2024-03-11,S005,P0001,87,20,0
2024-03-11,S005,P0002,74,20,0
2024-03-11,S005,P0003,93,20,0
2024-03-11,S005,P0004,115,20,0
2024-03-11,S005,P0005,115,20,0
2024-03-11,S005,P0006,57,20,0
2024-03-11,S005,P0007,104,20,0
2024-03-11,S005,P0008,83,20,0
2024-03-11,S005,P0009,39,20,0
2024-03-11,S005,P0010,84,20,0
2024-03-12,S001,P0001,63,20,0
2024-03-12,S001,P0002,54,20,0
2024-03-12,S001,P0003,81,20,0
2024-03-12,S001,P0004,88,20,0
2024-03-12,S001,P0005,118,20,0
2024-03-12,S001,P0006,39,20,0
2024-03-12,S001,P0007,27,20,0
2024-03-12,S001,P0008,76,20,0
2024-03-12,S001,P0009,60,20,0
2024-03-12,S001,P0010,103,20,0
2024-03-12,S002,P0001,59,20,0
2024-03-12,S002,P0002,102,20,0
2024-03-12,S002,P0003,106,20,0
2024-03-12,S002,P0004,103,20,0
2024-03-12,S002,P0005,94,20,0
2024-03-12,S002,P0006,97,20,0
2024-03-12,S002,P0007,32,20,0
2024-03-12,S002,P0008,66,20,0
2024-03-12,S002,P0009,68,20,0
2024-03-12,S002,P0010,67,20,0
2024-03-12,S003,P0001,71,20,0
2024-03-12,S003,P0002,72,20,0
2024-03-12,S003,P0003,77,20,0
2024-03-12,S003,P0004,98,20,0
2024-03-12,S003,P0005,108,20,0
2024-03-12,S003,P0006,43,20,0
2024-03-12,S003,P0007,99,20,0
2024-03-12,S003,P0008,115,20,0
2024-03-12,S003,P0009,46,20,0
2024-03-12,S003,P0010,97,20,0
2024-03-12,S004,P0001,51,20,0
2024-03-12,S004,P0002,60,20,0
2024-03-12,S004,P0003,84,20,0
2024-03-12,S004,P0004,100,20,0
2024-03-12,S004,P0005,33,20,0
2024-03-12,S004,P0006,25,20,0
2024-03-12,S004,P0007,21,20,0
2024-03-12,S004,P0008,99,20,0
2024-03-12,S004,P0009,37,20,0
2024-03-12,S004,P0010,57,20,0
2024-03-12,S005,P0001,85,20,0
2024-03-12,S005,P0002,71,20,0
2024-03-12,S005,P0003,91,20,0
2024-03-12,S005,P0004,115,20,0
2024-03-12,S005,P0005,114,20,0
2024-03-12,S005,P0006,57,20,0
2024-03-12,S005,P0007,102,20,0
2024-03-12,S005,P0008,81,20,0
2024-03-12,S005,P0009,35,20,0
2024-03-12,S005,P0010,84,20,0
2024-03-13,S001,P0001,62,20,0
2024-03-13,S001,P0002,51,20,0
2024-03-13,S001,P0003,81,20,0
2024-03-13,S001,P0004,86,20,0
2024-03-13,S001,P0005,115,20,0
2024-03-13,S001,P0006,38,20,0
2024-03-13,S001,P0007,27,20,0
2024-03-13,S001,P0008,74,20,0
2024-03-13,S001,P0009,58,20,0
2024-03-13,S001,P0010,101,20,0
2024-03-13,S002,P0001,59,20,0
2024-03-13,S002,P0002,99,20,0
2024-03-13,S002,P0003,105,20,0
2024-03-13,S002,P0004,103,20,0
2024-03-13,S002,P0005,90,20,0
2024-03-13,S002,P0006,97,20,0
2024-03-13,S002,P0007,31,20,0
2024-03-13,S002,P0008,66,20,0
2024-03-13,S002,P0009,67,20,0
2024-03-13,S002,P0010,66,20,0
2024-03-13,S003,P0001,69,20,0
2024-03-13,S003,P0002,70,20,0
2024-03-13,S003,P0003,77,20,0
2024-03-13,S003,P0004,98,20,0
2024-03-13,S003,P0005,106,20,0
2024-03-13,S003,P0006,42,20,0
2024-03-13,S003,P0007,98,20,0
2024-03-13,S003,P0008,114,20,0
2024-03-13,S003,P0009,43,20,0
2024-03-13,S003,P0010,94,20,0
2024-03-13,S004,P0001,51,20,0
2024-03-13,S004,P0002,59,20,0
2024-03-13,S004,P0003,84,20,0
2024-03-13,S004,P0004,100,20,0
2024-03-13,S004,P0005,31,20,0
2024-03-13,S004,P0006,24,20,0
2024-03-13,S004,P0007,20,20,0
2024-03-13,S004,P0008,97,20,0
2024-03-13,S004,P0009,35,20,0
2024-03-13,S004,P0010,56,20,0
2024-03-13,S005,P0001,85,20,0
2024-03-13,S005,P0002,69,20,0
2024-03-13,S005,P0003,91,20,0
2024-03-13,S005,P0004,114,20,0
2024-03-13,S005,P0005,110,20,0
2024-03-13,S005,P0006,57,20,0
2024-03-13,S005,P0007,100,20,0
2024-03-13,S005,P0008,80,20,0
2024-03-13,S005,P0009,34,20,0
2024-03-13,S005,P0010,81,20,0
2024-03-14,S001,P0001,62,20,0
2024-03-14,S001,P0002,50,20,0
2024-03-14,S001,P0003,79,20,0
2024-03-14,S001,P0004,86,20,0
2024-03-14,S001,P0005,113,20,0
2024-03-14,S001,P0006,37,20,0
2024-03-14,S001,P0007,24,20,0
2024-03-14,S001,P0008,72,20,0
2024-03-14,S001,P0009,57,20,0
2024-03-14,S001,P0010,100,20,0
2024-03-14,S002,P0001,59,20,0
2024-03-14,S002,P0002,97,20,0
2024-03-14,S002,P0003,103,20,0
2024-03-14,S002,P0004,101,20,0
2024-03-14,S002,P0005,87,20,0
2024-03-14,S002,P0006,97,20,0
2024-03-14,S002,P0007,31,20,0
2024-03-14,S002,P0008,61,20,0
2024-03-14,S002,P0009,65,20,0
2024-03-14,S002,P0010,66,20,0
2024-03-14,S003,P0001,69,20,0
2024-03-14,S003,P0002,69,20,0
2024-03-14,S003,P0003,74,20,0
2024-03-14,S003,P0004,98,20,0
2024-03-14,S003,P0005,104,20,0
2024-03-14,S003,P0006,41,20,0
2024-03-14,S003,P0007,98,20,0
2024-03-14,S003,P0008,114,20,0
2024-03-14,S003,P0009,43,20,0
2024-03-14,S003,P0010,93,20,0
2024-03-14,S004,P0001,47,20,0
2024-03-14,S004,P0002,59,20,0
2024-03-14,S004,P0003,83,20,0
2024-03-14,S004,P0004,100,20,0
2024-03-14,S004,P0005,25,20,0
2024-03-14,S004,P0006,24,20,0
2024-03-14,S004,P0007,20,20,0
2024-03-14,S004,P0008,95,20,0
2024-03-14,S004,P0009,32,20,0
2024-03-14,S004,P0010,55,20,0
2024-03-14,S005,P0001,83,20,0
2024-03-14,S005,P0002,69,20,0
2024-03-14,S005,P0003,90,20,0
2024-03-14,S005,P0004,114,20,0
2024-03-14,S005,P0005,110,20,0
2024-03-14,S005,P0006,56,20,0
2024-03-14,S005,P0007,100,20,0
2024-03-14,S005,P0008,77,20,0
2024-03-14,S005,P0009,30,20,0
2024-03-14,S005,P0010,79,20,0
2024-03-15,S001,P0001,62,20,0
2024-03-15,S001,P0002,48,20,0
2024-03-15,S001,P0003,78,20,0
2024-03-15,S001,P0004,86,20,0
2024-03-15,S001,P0005,110,20,0
2024-03-15,S001,P0006,37,20,0
2024-03-15,S001,P0007,23,20,0
2024-03-15,S001,P0008,72,20,0
2024-03-15,S001,P0009,56,20,0
2024-03-15,S001,P0010,99,20,0
2024-03-15,S002,P0001,56,20,0
2024-03-15,S002,P0002,96,20,0
2024-03-15,S002,P0003,100,20,0
2024-03-15,S002,P0004,100,20,0
2024-03-15,S002,P0005,84,20,0
2024-03-15,S002,P0006,97,20,0
2024-03-15,S002,P0007,31,20,0
2024-03-15,S002,P0008,61,20,0
2024-03-15,S002,P0009,62,20,0
2024-03-15,S002,P0010,65,20,0
2024-03-15,S003,P0001,65,20,0
2024-03-15,S003,P0002,68,20,0
2024-03-15,S003,P0003,74,20,0
2024-03-15,S003,P0004,98,20,0
2024-03-15,S003,P0005,103,20,0
2024-03-15,S003,P0006,41,20,0
2024-03-15,S003,P0007,97,20,0
2024-03-15,S003,P0008,111,20,0
2024-03-15,S003,P0009,42,20,0
2024-03-15,S003,P0010,93,20,0
2024-03-15,S004,P0001,46,20,0
2024-03-15,S004,P0002,59,20,0
2024-03-15,S004,P0003,83,20,0
2024-03-15,S004,P0004,99,20,0
2024-03-15,S004,P0005,23,20,0
2024-03-15,S004,P0006,24,20,0
2024-03-15,S004,P0007,20,20,0
2024-03-15,S004,P0008,94,20,0
2024-03-15,S004,P0009,31,20,0
2024-03-15,S004,P0010,54,20,0
2024-03-15,S005,P0001,83,20,0
2024-03-15,S005,P0002,68,20,0
2024-03-15,S005,P0003,88,20,0
2024-03-15,S005,P0004,113,20,0
2024-03-15,S005,P0005,110,20,0
2024-03-15,S005,P0006,56,20,0
2024-03-15,S005,P0007,100,20,0
2024-03-15,S005,P0008,76,20,0
2024-03-15,S005,P0009,24,20,0
2024-03-15,S005,P0010,79,20,0
2024-03-16,S001,P0001,60,20,0
2024-03-16,S001,P0002,47,20,0
2024-03-16,S001,P0003,78,20,0
2024-03-16,S001,P0004,86,20,0
2024-03-16,S001,P0005,108,20,0
2024-03-16,S001,P0006,37,20,0
2024-03-16,S001,P0007,22,20,0
2024-03-16,S001,P0008,70,20,0
2024-03-16,S001,P0009,55,20,0
2024-03-16,S001,P0010,99,20,0
2024-03-16,S002,P0001,52,20,0
2024-03-16,S002,P0002,96,20,0
2024-03-16,S002,P0003,99,20,0
2024-03-16,S002,P0004,100,20,0
2024-03-16,S002,P0005,83,20,0
2024-03-16,S002,P0006,97,20,0
2024-03-16,S002,P0007,29,20,0
2024-03-16,S002,P0008,61,20,0
2024-03-16,S002,P0009,61,20,0
2024-03-16,S002,P0010,61,20,0
2024-03-16,S003,P0001,63,20,0
2024-03-16,S003,P0002,68,20,0
2024-03-16,S003,P0003,71,20,0
2024-03-16,S003,P0004,98,20,0
2024-03-16,S003,P0005,103,20,0
2024-03-16,S003,P0006,40,20,0
2024-03-16,S003,P0007,96,20,0
2024-03-16,S003,P0008,111,20,0
2024-03-16,S003,P0009,41,20,0
2024-03-16,S003,P0010,90,20,0
2024-03-16,S004,P0001,44,20,0
2024-03-16,S004,P0002,57,20,0
2024-03-16,S004,P0003,82,20,0
2024-03-16,S004,P0004,98,20,0
2024-03-16,S004,P0005,22,20,0
2024-03-16,S004,P0006,24,20,0
2024-03-16,S004,P0007,119,20,0
2024-03-16,S004,P0008,92,20,0
2024-03-16,S004,P0009,28,20,0
2024-03-16,S004,P0010,52,20,0
2024-03-16,S005,P0001,81,20,0
2024-03-16,S005,P0002,68,20,0
2024-03-16,S005,P0003,87,20,0
2024-03-16,S005,P0004,113,20,0
2024-03-16,S005,P0005,108,20,0
2024-03-16,S005,P0006,56,20,0
2024-03-16,S005,P0007,99,20,0
2024-03-16,S005,P0008,76,20,0
2024-03-16,S005,P0009,24,20,0
2024-03-16,S005,P0010,78,20,0
2024-03-17,S001,P0001,60,20,0
2024-03-17,S001,P0002,45,20,0
2024-03-17,S001,P0003,77,20,0
2024-03-17,S001,P0004,86,20,0
2024-03-17,S001,P0005,105,20,0
2024-03-17,S001,P0006,35,20,0
2024-03-17,S001,P0007,22,20,0
2024-03-17,S001,P0008,68,20,0
2024-03-17,S001,P0009,54,20,0
2024-03-17,S001,P0010,99,20,0
2024-03-17,S002,P0001,51,20,0
2024-03-17,S002,P0002,92,20,0
2024-03-17,S002,P0003,98,20,0
2024-03-17,S002,P0004,99,20,0
2024-03-17,S002,P0005,77,20,0
2024-03-17,S002,P0006,97,20,0
2024-03-17,S002,P0007,29,20,0
2024-03-17,S002,P0008,61,20,0
2024-03-17,S002,P0009,60,20,0
2024-03-17,S002,P0010,59,20,0
2024-03-17,S003,P0001,61,20,0
2024-03-17,S003,P0002,65,20,0
2024-03-17,S003,P0003,70,20,0
2024-03-17,S003,P0004,98,20,0
2024-03-17,S003,P0005,102,20,0
2024-03-17,S003,P0006,39,20,0
2024-03-17,S003,P0007,96,20,0
2024-03-17,S003,P0008,109,20,0
2024-03-17,S003,P0009,41,20,0
2024-03-17,S003,P0010,88,20,0
2024-03-17,S004,P0001,44,20,0
2024-03-17,S004,P0002,54,20,0
2024-03-17,S004,P0003,79,20,0
2024-03-17,S004,P0004,96,20,0
2024-03-17,S004,P0005,20,20,0
2024-03-17,S004,P0006,24,20,0
2024-03-17,S004,P0007,118,20,0
2024-03-17,S004,P0008,91,20,0
2024-03-17,S004,P0009,25,20,0
2024-03-17,S004,P0010,51,20,0
2024-03-17,S005,P0001,81,20,0
2024-03-17,S005,P0002,66,20,0
2024-03-17,S005,P0003,85,20,0
2024-03-17,S005,P0004,113,20,0
2024-03-17,S005,P0005,105,20,0
2024-03-17,S005,P0006,56,20,0
2024-03-17,S005,P0007,99,20,0
2024-03-17,S005,P0008,75,20,0
2024-03-17,S005,P0009,24,20,0
2024-03-17,S005,P0010,75,20,0
2024-03-18,S001,P0001,58,20,0
2024-03-18,S001,P0002,44,20,0
2024-03-18,S001,P0003,75,20,0
2024-03-18,S001,P0004,86,20,0
2024-03-18,S001,P0005,104,20,0
2024-03-18,S001,P0006,33,20,0
2024-03-18,S001,P0007,22,20,0
2024-03-18,S001,P0008,67,20,0
2024-03-18,S001,P0009,54,20,0
2024-03-18,S001,P0010,96,20,0
2024-03-18,S002,P0001,49,20,0
2024-03-18,S002,P0002,91,20,0
2024-03-18,S002,P0003,97,20,0
2024-03-18,S002,P0004,98,20,0
2024-03-18,S002,P0005,76,20,0
2024-03-18,S002,P0006,97,20,0
2024-03-18,S002,P0007,27,20,0
2024-03-18,S002,P0008,61,20,0
2024-03-18,S002,P0009,55,20,0
2024-03-18,S002,P0010,57,20,0
2024-03-18,S003,P0001,59,20,0
2024-03-18,S003,P0002,64,20,0
2024-03-18,S003,P0003,69,20,0
2024-03-18,S003,P0004,98,20,0
2024-03-18,S003,P0005,100,20,0
2024-03-18,S003,P0006,39,20,0
2024-03-18,S003,P0007,96,20,0
2024-03-18,S003,P0008,107,20,0
2024-03-18,S003,P0009,40,20,0
2024-03-18,S003,P0010,86,20,0
2024-03-18,S004,P0001,44,20,0
2024-03-18,S004,P0002,51,20,0
2024-03-18,S004,P0003,79,20,0
2024-03-18,S004,P0004,96,20,0
2024-03-18,S004,P0005,119,20,0
2024-03-18,S004,P0006,23,20,0
2024-03-18,S004,P0007,116,20,0
2024-03-18,S004,P0008,91,20,0
2024-03-18,S004,P0009,24,20,0
2024-03-18,S004,P0010,51,20,0
2024-03-18,S005,P0001,80,20,0
2024-03-18,S005,P0002,65,20,0
2024-03-18,S005,P0003,84,20,0
2024-03-18,S005,P0004,109,20,0
2024-03-18,S005,P0005,102,20,0
2024-03-18,S005,P0006,55,20,0
2024-03-18,S005,P0007,99,20,0
2024-03-18,S005,P0008,74,20,0
2024-03-18,S005,P0009,23,20,0
2024-03-18,S005,P0010,74,20,0
2024-03-19,S001,P0001,57,20,0
2024-03-19,S001,P0002,42,20,0
2024-03-19,S001,P0003,71,20,0
2024-03-19,S001,P0004,85,20,0
2024-03-19,S001,P0005,104,20,0
2024-03-19,S001,P0006,32,20,0
2024-03-19,S001,P0007,22,20,0
2024-03-19,S001,P0008,65,20,0
2024-03-19,S001,P0009,52,20,0
2024-03-19,S001,P0010,96,20,0
2024-03-19,S002,P0001,49,20,0
2024-03-19,S002,P0002,89,20,0
2024-03-19,S002,P0003,95,20,0
2024-03-19,S002,P0004,98,20,0
2024-03-19,S002,P0005,74,20,0
2024-03-19,S002,P0006,96,20,0
2024-03-19,S002,P0007,26,20,0
2024-03-19,S002,P0008,59,20,0
2024-03-19,S002,P0009,54,20,0
2024-03-19,S002,P0010,56,20,0
2024-03-19,S003,P0001,59,20,0
2024-03-19,S003,P0002,64,20,0
2024-03-19,S003,P0003,67,20,0
2024-03-19,S003,P0004,97,20,0
2024-03-19,S003,P0005,99,20,0
2024-03-19,S003,P0006,39,20,0
2024-03-19,S003,P0007,93,20,0
2024-03-19,S003,P0008,107,20,0
2024-03-19,S003,P0009,40,20,0
2024-03-19,S003,P0010,85,20,0
2024-03-19,S004,P0001,44,20,0
2024-03-19,S004,P0002,49,20,0
2024-03-19,S004,P0003,77,20,0
2024-03-19,S004,P0004,96,20,0
2024-03-19,S004,P0005,115,20,0
2024-03-19,S004,P0006,23,20,0
2024-03-19,S004,P0007,115,20,0
2024-03-19,S004,P0008,89,20,0
2024-03-19,S004,P0009,23,20,0
2024-03-19,S004,P0010,51,20,0
2024-03-19,S005,P0001,79,20,0
2024-03-19,S005,P0002,63,20,0
2024-03-19,S005,P0003,83,20,0
2024-03-19,S005,P0004,109,20,0
2024-03-19,S005,P0005,96,20,0
2024-03-19,S005,P0006,54,20,0
2024-03-19,S005,P0007,99,20,0
2024-03-19,S005,P0008,73,20,0
2024-03-19,S005,P0009,22,20,0
2024-03-19,S005,P0010,72,20,0
2024-03-20,S001,P0001,57,20,0
2024-03-20,S001,P0002,40,20,0
2024-03-20,S001,P0003,71,20,0
2024-03-20,S001,P0004,83,20,0
2024-03-20,S001,P0005,99,20,0
2024-03-20,S001,P0006,31,20,0
2024-03-20,S001,P0007,21,20,0
2024-03-20,S001,P0008,63,20,0
2024-03-20,S001,P0009,48,20,0
2024-03-20,S001,P0010,95,20,0
2024-03-20,S002,P0001,48,20,0
2024-03-20,S002,P0002,87,20,0
2024-03-20,S002,P0003,93,20,0
2024-03-20,S002,P0004,98,20,0
2024-03-20,S002,P0005,73,20,0
2024-03-20,S002,P0006,95,20,0
2024-03-20,S002,P0007,25,20,0
2024-03-20,S002,P0008,58,20,0
2024-03-20,S002,P0009,52,20,0
2024-03-20,S002,P0010,56,20,0
2024-03-20,S003,P0001,59,20,0
2024-03-20,S003,P0002,62,20,0
2024-03-20,S003,P0003,67,20,0
2024-03-20,S003,P0004,96,20,0
2024-03-20,S003,P0005,99,20,0
2024-03-20,S003,P0006,39,20,0
2024-03-20,S003,P0007,93,20,0
2024-03-20,S003,P0008,104,20,0
2024-03-20,S003,P0009,39,20,0
2024-03-20,S003,P0010,85,20,0
2024-03-20,S004,P0001,42,20,0
2024-03-20,S004,P0002,49,20,0
2024-03-20,S004,P0003,74,20,0
2024-03-20,S004,P0004,95,20,0
2024-03-20,S004,P0005,110,20,0
2024-03-20,S004,P0006,23,20,0
2024-03-20,S004,P0007,115,20,0
2024-03-20,S004,P0008,89,20,0
2024-03-20,S004,P0009,22,20,0
2024-03-20,S004,P0010,50,20,0
2024-03-20,S005,P0001,77,20,0
2024-03-20,S005,P0002,62,20,0
2024-03-20,S005,P0003,80,20,0
2024-03-20,S005,P0004,109,20,0
2024-03-20,S005,P0005,94,20,0
2024-03-20,S005,P0006,54,20,0
2024-03-20,S005,P0007,98,20,0
2024-03-20,S005,P0008,72,20,0
2024-03-20,S005,P0009,119,20,0
2024-03-20,S005,P0010,70,20,0
2024-03-21,S001,P0001,55,20,0
2024-03-21,S001,P0002,38,20,0
2024-03-21,S001,P0003,70,20,0
2024-03-21,S001,P0004,81,20,0
2024-03-21,S001,P0005,97,20,0
2024-03-21,S001,P0006,31,20,0
2024-03-21,S001,P0007,21,20,0
2024-03-21,S001,P0008,62,20,0
2024-03-21,S001,P0009,47,20,0
2024-03-21,S001,P0010,94,20,0
2024-03-21,S002,P0001,48,20,0
2024-03-21,S002,P0002,86,20,0
2024-03-21,S002,P0003,92,20,0
2024-03-21,S002,P0004,98,20,0
2024-03-21,S002,P0005,72,20,0
2024-03-21,S002,P0006,93,20,0
2024-03-21,S002,P0007,25,20,0
2024-03-21,S002,P0008,57,20,0
2024-03-21,S002,P0009,52,20,0
2024-03-21,S002,P0010,55,20,0
2024-03-21,S003,P0001,57,20,0
2024-03-21,S003,P0002,62,20,0
2024-03-21,S003,P0003,66,20,0
2024-03-21,S003,P0004,96,20,0
2024-03-21,S003,P0005,98,20,0
2024-03-21,S003,P0006,39,20,0
2024-03-21,S003,P0007,91,20,0
2024-03-21,S003,P0008,102,20,0
2024-03-21,S003,P0009,38,20,0
2024-03-21,S003,P0010,83,20,0
2024-03-21,S004,P0001,41,20,0
2024-03-21,S004,P0002,49,20,0
2024-03-21,S004,P0003,73,20,0
2024-03-21,S004,P0004,95,20,0
2024-03-21,S004,P0005,110,20,0
2024-03-21,S004,P0006,23,20,0
2024-03-21,S004,P0007,115,20,0
2024-03-21,S004,P0008,88,20,0
2024-03-21,S004,P0009,21,20,0
2024-03-21,S004,P0010,50,20,0
2024-03-21,S005,P0001,77,20,0
2024-03-21,S005,P0002,61,20,0
2024-03-21,S005,P0003,78,20,0
2024-03-21,S005,P0004,106,20,0
2024-03-21,S005,P0005,93,20,0
2024-03-21,S005,P0006,53,20,0
2024-03-21,S005,P0007,98,20,0
2024-03-21,S005,P0008,72,20,0
2024-03-21,S005,P0009,116,20,0
2024-03-21,S005,P0010,69,20,0
2024-03-22,S001,P0001,54,20,0
2024-03-22,S001,P0002,37,20,0
2024-03-22,S001,P0003,69,20,0
2024-03-22,S001,P0004,81,20,0
2024-03-22,S001,P0005,97,20,0
2024-03-22,S001,P0006,28,20,0
2024-03-22,S001,P0007,20,20,0
2024-03-22,S001,P0008,62,20,0
2024-03-22,S001,P0009,45,20,0
2024-03-22,S001,P0010,91,20,0
2024-03-22,S002,P0001,46,20,0
2024-03-22,S002,P0002,85,20,0
2024-03-22,S002,P0003,91,20,0
2024-03-22,S002,P0004,95,20,0
2024-03-22,S002,P0005,69,20,0
2024-03-22,S002,P0006,93,20,0
2024-03-22,S002,P0007,24,20,0
2024-03-22,S002,P0008,56,20,0
2024-03-22,S002,P0009,51,20,0
2024-03-22,S002,P0010,55,20,0
2024-03-22,S003,P0001,55,20,0
2024-03-22,S003,P0002,61,20,0
2024-03-22,S003,P0003,66,20,0
2024-03-22,S003,P0004,94,20,0
2024-03-22,S003,P0005,96,20,0
2024-03-22,S003,P0006,38,20,0
2024-03-22,S003,P0007,90,20,0
2024-03-22,S003,P0008,100,20,0
2024-03-22,S003,P0009,36,20,0
2024-03-22,S003,P0010,81,20,0
2024-03-22,S004,P0001,40,20,0
2024-03-22,S004,P0002,49,20,0
2024-03-22,S004,P0003,73,20,0
2024-03-22,S004,P0004,94,20,0
2024-03-22,S004,P0005,108,20,0
2024-03-22,S004,P0006,23,20,0
2024-03-22,S004,P0007,114,20,0
2024-03-22,S004,P0008,87,20,0
2024-03-22,S004,P0009,118,20,0
2024-03-22,S004,P0010,50,20,0
2024-03-22,S005,P0001,75,20,0
2024-03-22,S005,P0002,60,20,0
2024-03-22,S005,P0003,75,20,0
2024-03-22,S005,P0004,104,20,0
2024-03-22,S005,P0005,90,20,0
2024-03-22,S005,P0006,51,20,0
2024-03-22,S005,P0007,96,20,0
2024-03-22,S005,P0008,71,20,0
2024-03-22,S005,P0009,111,20,0
2024-03-22,S005,P0010,67,20,0
2024-03-23,S001,P0001,52,20,0
2024-03-23,S001,P0002,36,20,0
2024-03-23,S001,P0003,68,20,0
2024-03-23,S001,P0004,80,20,0
2024-03-23,S001,P0005,94,20,0
2024-03-23,S001,P0006,27,20,0
2024-03-23,S001,P0007,118,20,0
2024-03-23,S001,P0008,62,20,0
2024-03-23,S001,P0009,44,20,0
2024-03-23,S001,P0010,90,20,0
2024-03-23,S002,P0001,45,20,0
2024-03-23,S002,P0002,83,20,0
2024-03-23,S002,P0003,91,20,0
2024-03-23,S002,P0004,94,20,0
2024-03-23,S002,P0005,67,20,0
2024-03-23,S002,P0006,93,20,0
2024-03-23,S002,P0007,23,20,0
2024-03-23,S002,P0008,54,20,0
2024-03-23,S002,P0009,50,20,0
2024-03-23,S002,P0010,52,20,0
2024-03-23,S003,P0001,53,20,0
2024-03-23,S003,P0002,60,20,0
2024-03-23,S003,P0003,65,20,0
2024-03-23,S003,P0004,94,20,0
2024-03-23,S003,P0005,95,20,0
2024-03-23,S003,P0006,37,20,0
2024-03-23,S003,P0007,90,20,0
2024-03-23,S003,P0008,99,20,0
2024-03-23,S003,P0009,34,20,0
2024-03-23,S003,P0010,80,20,0
2024-03-23,S004,P0001,38,20,0
2024-03-23,S004,P0002,48,20,0
2024-03-23,S004,P0003,73,20,0
2024-03-23,S004,P0004,94,20,0
2024-03-23,S004,P0005,105,20,0
2024-03-23,S004,P0006,23,20,0
2024-03-23,S004,P0007,112,20,0
2024-03-23,S004,P0008,87,20,0
2024-03-23,S004,P0009,115,20,0
2024-03-23,S004,P0010,49,20,0
2024-03-23,S005,P0001,75,20,0
2024-03-23,S005,P0002,58,20,0
2024-03-23,S005,P0003,74,20,0
2024-03-23,S005,P0004,102,20,0
2024-03-23,S005,P0005,89,20,0
2024-03-23,S005,P0006,50,20,0
2024-03-23,S005,P0007,94,20,0
2024-03-23,S005,P0008,70,20,0
2024-03-23,S005,P0009,107,20,0
2024-03-23,S005,P0010,67,20,0
2024-03-24,S001,P0001,50,20,0
2024-03-24,S001,P0002,34,20,0
2024-03-24,S001,P0003,68,20,0
2024-03-24,S001,P0004,79,20,0
2024-03-24,S001,P0005,91,20,0
2024-03-24,S001,P0006,27,20,0
2024-03-24,S001,P0007,117,20,0
2024-03-24,S001,P0008,60,20,0
2024-03-24,S001,P0009,43,20,0
2024-03-24,S001,P0010,87,20,0
2024-03-24,S002,P0001,42,20,0
2024-03-24,S002,P0002,80,20,0
2024-03-24,S002,P0003,90,20,0
2024-03-24,S002,P0004,94,20,0
2024-03-24,S002,P0005,63,20,0
2024-03-24,S002,P0006,93,20,0
2024-03-24,S002,P0007,22,20,0
2024-03-24,S002,P0008,53,20,0
2024-03-24,S002,P0009,48,20,0
2024-03-24,S002,P0010,51,20,0
2024-03-24,S003,P0001,51,20,0
2024-03-24,S003,P0002,59,20,0
2024-03-24,S003,P0003,63,20,0
2024-03-24,S003,P0004,93,20,0
2024-03-24,S003,P0005,92,20,0
2024-03-24,S003,P0006,36,20,0
2024-03-24,S003,P0007,89,20,0
2024-03-24,S003,P0008,98,20,0
2024-03-24,S003,P0009,34,20,0
2024-03-24,S003,P0010,80,20,0
2024-03-24,S004,P0001,36,20,0
2024-03-24,S004,P0002,46,20,0
2024-03-24,S004,P0003,72,20,0
2024-03-24,S004,P0004,94,20,0
2024-03-24,S004,P0005,103,20,0
2024-03-24,S004,P0006,22,20,0
2024-03-24,S004,P0007,112,20,0
2024-03-24,S004,P0008,86,20,0
2024-03-24,S004,P0009,114,20,0
2024-03-24,S004,P0010,49,20,0
2024-03-24,S005,P0001,74,20,0
2024-03-24,S005,P0002,54,20,0
2024-03-24,S005,P0003,74,20,0
2024-03-24,S005,P0004,101,20,0
2024-03-24,S005,P0005,86,20,0
2024-03-24,S005,P0006,50,20,0
2024-03-24,S005,P0007,93,20,0
2024-03-24,S005,P0008,67,20,0
2024-03-24,S005,P0009,105,20,0
2024-03-24,S005,P0010,65,20,0
2024-03-25,S001,P0001,46,20,0
2024-03-25,S001,P0002,31,20,0
2024-03-25,S001,P0003,67,20,0
2024-03-25,S001,P0004,77,20,0
2024-03-25,S001,P0005,90,20,0
2024-03-25,S001,P0006,27,20,0
2024-03-25,S001,P0007,116,20,0
2024-03-25,S001,P0008,59,20,0
2024-03-25,S001,P0009,43,20,0
2024-03-25,S001,P0010,86,20,0
2024-03-25,S002,P0001,41,20,0
2024-03-25,S002,P0002,77,20,0
2024-03-25,S002,P0003,86,20,0
2024-03-25,S002,P0004,94,20,0
2024-03-25,S002,P0005,58,20,0
2024-03-25,S002,P0006,93,20,0
2024-03-25,S002,P0007,21,20,0
2024-03-25,S002,P0008,51,20,0
2024-03-25,S002,P0009,45,20,0
2024-03-25,S002,P0010,51,20,0
2024-03-25,S003,P0001,50,20,0
2024-03-25,S003,P0002,58,20,0
2024-03-25,S003,P0003,59,20,0
2024-03-25,S003,P0004,92,20,0
2024-03-25,S003,P0005,89,20,0
2024-03-25,S003,P0006,36,20,0
2024-03-25,S003,P0007,89,20,0
2024-03-25,S003,P0008,98,20,0
2024-03-25,S003,P0009,31,20,0
2024-03-25,S003,P0010,76,20,0
2024-03-25,S004,P0001,36,20,0
2024-03-25,S004,P0002,46,20,0
2024-03-25,S004,P0003,70,20,0
2024-03-25,S004,P0004,94,20,0
2024-03-25,S004,P0005,100,20,0
2024-03-25,S004,P0006,21,20,0
2024-03-25,S004,P0007,110,20,0
2024-03-25,S004,P0008,84,20,0
2024-03-25,S004,P0009,112,20,0
2024-03-25,S004,P0010,48,20,0
2024-03-25,S005,P0001,73,20,0
2024-03-25,S005,P0002,54,20,0
2024-03-25,S005,P0003,74,20,0
2024-03-25,S005,P0004,99,20,0
2024-03-25,S005,P0005,84,20,0
2024-03-25,S005,P0006,49,20,0
2024-03-25,S005,P0007,93,20,0
2024-03-25,S005,P0008,64,20,0
2024-03-25,S005,P0009,102,20,0
2024-03-25,S005,P0010,63,20,0
2024-03-26,S001,P0001,44,20,0
2024-03-26,S001,P0002,29,20,0
2024-03-26,S001,P0003,64,20,0
2024-03-26,S001,P0004,76,20,0
2024-03-26,S001,P0005,89,20,0
2024-03-26,S001,P0006,27,20,0
2024-03-26,S001,P0007,115,20,0
2024-03-26,S001,P0008,59,20,0
2024-03-26,S001,P0009,40,20,0
2024-03-26,S001,P0010,85,20,0
2024-03-26,S002,P0001,40,20,0
2024-03-26,S002,P0002,76,20,0
2024-03-26,S002,P0003,84,20,0
2024-03-26,S002,P0004,93,20,0
2024-03-26,S002,P0005,55,20,0
2024-03-26,S002,P0006,92,20,0
2024-03-26,S002,P0007,20,20,0
2024-03-26,S002,P0008,47,20,0
2024-03-26,S002,P0009,42,20,0
2024-03-26,S002,P0010,50,20,0
2024-03-26,S003,P0001,50,20,0
2024-03-26,S003,P0002,55,20,0
2024-03-26,S003,P0003,58,20,0
2024-03-26,S003,P0004,89,20,0
2024-03-26,S003,P0005,88,20,0
2024-03-26,S003,P0006,35,20,0
2024-03-26,S003,P0007,88,20,0
2024-03-26,S003,P0008,96,20,0
2024-03-26,S003,P0009,30,20,0
2024-03-26,S003,P0010,76,20,0
2024-03-26,S004,P0001,34,20,0
2024-03-26,S004,P0002,45,20,0
2024-03-26,S004,P0003,69,20,0
2024-03-26,S004,P0004,94,20,0
2024-03-26,S004,P0005,97,20,0
2024-03-26,S004,P0006,21,20,0
2024-03-26,S004,P0007,108,20,0
2024-03-26,S004,P0008,84,20,0
2024-03-26,S004,P0009,112,20,0
2024-03-26,S004,P0010,45,20,0
2024-03-26,S005,P0001,72,20,0
2024-03-26,S005,P0002,53,20,0
2024-03-26,S005,P0003,72,20,0
2024-03-26,S005,P0004,99,20,0
2024-03-26,S005,P0005,83,20,0
2024-03-26,S005,P0006,49,20,0
2024-03-26,S005,P0007,92,20,0
2024-03-26,S005,P0008,60,20,0
2024-03-26,S005,P0009,100,20,0
2024-03-26,S005,P0010,61,20,0
2024-03-27,S001,P0001,42,20,0
2024-03-27,S001,P0002,25,20,0
2024-03-27,S001,P0003,64,20,0
2024-03-27,S001,P0004,76,20,0
2024-03-27,S001,P0005,87,20,0
2024-03-27,S001,P0006,27,20,0
2024-03-27,S001,P0007,115,20,0
2024-03-27,S001,P0008,59,20,0
2024-03-27,S001,P0009,40,20,0
2024-03-27,S001,P0010,82,20,0
2024-03-27,S002,P0001,40,20,0
2024-03-27,S002,P0002,74,20,0
2024-03-27,S002,P0003,83,20,0
2024-03-27,S002,P0004,93,20,0
2024-03-27,S002,P0005,53,20,0
2024-03-27,S002,P0006,92,20,0
2024-03-27,S002,P0007,119,20,0
2024-03-27,S002,P0008,42,20,0
2024-03-27,S002,P0009,41,20,0
2024-03-27,S002,P0010,48,20,0
2024-03-27,S003,P0001,49,20,0
2024-03-27,S003,P0002,52,20,0
2024-03-27,S003,P0003,58,20,0
2024-03-27,S003,P0004,87,20,0
2024-03-27,S003,P0005,86,20,0
2024-03-27,S003,P0006,34,20,0
2024-03-27,S003,P0007,87,20,0
2024-03-27,S003,P0008,96,20,0
2024-03-27,S003,P0009,27,20,0
2024-03-27,S003,P0010,75,20,0
2024-03-27,S004,P0001,33,20,0
2024-03-27,S004,P0002,45,20,0
2024-03-27,S004,P0003,68,20,0
2024-03-27,S004,P0004,94,20,0
2024-03-27,S004,P0005,96,20,0
2024-03-27,S004,P0006,21,20,0
2024-03-27,S004,P0007,108,20,0
2024-03-27,S004,P0008,83,20,0
2024-03-27,S004,P0009,112,20,0
2024-03-27,S004,P0010,44,20,0
2024-03-27,S005,P0001,69,20,0
2024-03-27,S005,P0002,51,20,0
2024-03-27,S005,P0003,70,20,0
2024-03-27,S005,P0004,99,20,0
2024-03-27,S005,P0005,79,20,0
2024-03-27,S005,P0006,48,20,0
2024-03-27,S005,P0007,91,20,0
2024-03-27,S005,P0008,59,20,0
2024-03-27,S005,P0009,98,20,0
2024-03-27,S005,P0010,61,20,0
2024-03-28,S001,P0001,42,20,0
2024-03-28,S001,P0002,20,20,0
2024-03-28,S001,P0003,63,20,0
2024-03-28,S001,P0004,76,20,0
2024-03-28,S001,P0005,85,20,0
2024-03-28,S001,P0006,25,20,0
2024-03-28,S001,P0007,114,20,0
2024-03-28,S001,P0008,57,20,0
2024-03-28,S001,P0009,39,20,0
2024-03-28,S001,P0010,80,20,0
2024-03-28,S002,P0001,37,20,0
2024-03-28,S002,P0002,73,20,0
2024-03-28,S002,P0003,83,20,0
2024-03-28,S002,P0004,92,20,0
2024-03-28,S002,P0005,52,20,0
2024-03-28,S002,P0006,92,20,0
2024-03-28,S002,P0007,118,20,0
2024-03-28,S002,P0008,42,20,0
2024-03-28,S002,P0009,40,20,0
2024-03-28,S002,P0010,46,20,0
2024-03-28,S003,P0001,47,20,0
2024-03-28,S003,P0002,49,20,0
2024-03-28,S003,P0003,58,20,0
2024-03-28,S003,P0004,86,20,0
2024-03-28,S003,P0005,84,20,0
2024-03-28,S003,P0006,34,20,0
2024-03-28,S003,P0007,82,20,0
2024-03-28,S003,P0008,95,20,0
2024-03-28,S003,P0009,27,20,0
2024-03-28,S003,P0010,75,20,0
2024-03-28,S004,P0001,31,20,0
2024-03-28,S004,P0002,43,20,0
2024-03-28,S004,P0003,68,20,0
2024-03-28,S004,P0004,92,20,0
2024-03-28,S004,P0005,94,20,0
2024-03-28,S004,P0006,21,20,0
2024-03-28,S004,P0007,106,20,0
2024-03-28,S004,P0008,81,20,0
2024-03-28,S004,P0009,110,20,0
2024-03-28,S004,P0010,40,20,0
2024-03-28,S005,P0001,68,20,0
2024-03-28,S005,P0002,51,20,0
2024-03-28,S005,P0003,69,20,0
2024-03-28,S005,P0004,96,20,0
2024-03-28,S005,P0005,77,20,0
2024-03-28,S005,P0006,47,20,0
2024-03-28,S005,P0007,90,20,0
2024-03-28,S005,P0008,55,20,0
2024-03-28,S005,P0009,96,20,0
2024-03-28,S005,P0010,60,20,0
2024-03-29,S001,P0001,41,20,0
2024-03-29,S001,P0002,119,20,0
2024-03-29,S001,P0003,62,20,0
2024-03-29,S001,P0004,74,20,0
2024-03-29,S001,P0005,83,20,0
2024-03-29,S001,P0006,25,20,0
2024-03-29,S001,P0007,114,20,0
2024-03-29,S001,P0008,56,20,0
2024-03-29,S001,P0009,37,20,0
2024-03-29,S001,P0010,80,20,0
2024-03-29,S002,P0001,36,20,0
2024-03-29,S002,P0002,71,20,0
2024-03-29,S002,P0003,81,20,0
2024-03-29,S002,P0004,91,20,0
2024-03-29,S002,P0005,49,20,0
2024-03-29,S002,P0006,92,20,0
2024-03-29,S002,P0007,117,20,0
2024-03-29,S002,P0008,42,20,0
2024-03-29,S002,P0009,40,20,0
2024-03-29,S002,P0010,46,20,0
2024-03-29,S003,P0001,47,20,0
2024-03-29,S003,P0002,46,20,0
2024-03-29,S003,P0003,58,20,0
2024-03-29,S003,P0004,80,20,0
2024-03-29,S003,P0005,83,20,0
2024-03-29,S003,P0006,33,20,0
2024-03-29,S003,P0007,81,20,0
2024-03-29,S003,P0008,95,20,0
2024-03-29,S003,P0009,23,20,0
2024-03-29,S003,P0010,75,20,0
2024-03-29,S004,P0001,29,20,0
2024-03-29,S004,P0002,40,20,0
2024-03-29,S004,P0003,67,20,0
2024-03-29,S004,P0004,92,20,0
2024-03-29,S004,P0005,88,20,0
2024-03-29,S004,P0006,20,20,0
2024-03-29,S004,P0007,106,20,0
2024-03-29,S004,P0008,79,20,0
2024-03-29,S004,P0009,109,20,0
2024-03-29,S004,P0010,40,20,0
2024-03-29,S005,P0001,68,20,0
2024-03-29,S005,P0002,51,20,0
2024-03-29,S005,P0003,69,20,0
2024-03-29,S005,P0004,95,20,0
2024-03-29,S005,P0005,75,20,0
2024-03-29,S005,P0006,47,20,0
2024-03-29,S005,P0007,88,20,0
2024-03-29,S005,P0008,53,20,0
2024-03-29,S005,P0009,95,20,0
2024-03-29,S005,P0010,59,20,0
2024-03-30,S001,P0001,40,20,0
2024-03-30,S001,P0002,118,20,0
2024-03-30,S001,P0003,60,20,0
2024-03-30,S001,P0004,73,20,0
2024-03-30,S001,P0005,82,20,0
2024-03-30,S001,P0006,25,20,0
2024-03-30,S001,P0007,114,20,0
2024-03-30,S001,P0008,53,20,0
2024-03-30,S001,P0009,37,20,0
2024-03-30,S001,P0010,79,20,0
2024-03-30,S002,P0001,35,20,0
2024-03-30,S002,P0002,70,20,0
2024-03-30,S002,P0003,79,20,0
2024-03-30,S002,P0004,90,20,0
2024-03-30,S002,P0005,47,20,0
2024-03-30,S002,P0006,92,20,0
2024-03-30,S002,P0007,116,20,0
2024-03-30,S002,P0008,41,20,0
2024-03-30,S002,P0009,38,20,0
2024-03-30,S002,P0010,45,20,0
2024-03-30,S003,P0001,47,20,0
2024-03-30,S003,P0002,44,20,0
2024-03-30,S003,P0003,56,20,0
2024-03-30,S003,P0004,79,20,0
2024-03-30,S003,P0005,79,20,0
2024-03-30,S003,P0006,31,20,0
2024-03-30,S003,P0007,80,20,0
2024-03-30,S003,P0008,95,20,0
2024-03-30,S003,P0009,21,20,0
2024-03-30,S003,P0010,74,20,0
2024-03-30,S004,P0001,29,20,0
2024-03-30,S004,P0002,39,20,0
2024-03-30,S004,P0003,64,20,0
2024-03-30,S004,P0004,90,20,0
2024-03-30,S004,P0005,87,20,0
2024-03-30,S004,P0006,118,20,0
2024-03-30,S004,P0007,104,20,0
2024-03-30,S004,P0008,79,20,0
2024-03-30,S004,P0009,107,20,0
2024-03-30,S004,P0010,40,20,0
2024-03-30,S005,P0001,67,20,0
2024-03-30,S005,P0002,50,20,0
2024-03-30,S005,P0003,67,20,0
2024-03-30,S005,P0004,93,20,0
2024-03-30,S005,P0005,72,20,0
2024-03-30,S005,P0006,46,20,0
2024-03-30,S005,P0007,86,20,0
2024-03-30,S005,P0008,53,20,0
2024-03-30,S005,P0009,93,20,0
2024-03-30,S005,P0010,57,20,0
2024-03-31,S001,P0001,37,20,0
2024-03-31,S001,P0002,118,20,0
2024-03-31,S001,P0003,59,20,0
2024-03-31,S001,P0004,72,20,0
2024-03-31,S001,P0005,81,20,0
2024-03-31,S001,P0006,24,20,0
2024-03-31,S001,P0007,113,20,0
2024-03-31,S001,P0008,49,20,0
2024-03-31,S001,P0009,34,20,0
2024-03-31,S001,P0010,77,20,0
2024-03-31,S002,P0001,33,20,0
2024-03-31,S002,P0002,70,20,0
2024-03-31,S002,P0003,75,20,0
2024-03-31,S002,P0004,90,20,0
2024-03-31,S002,P0005,42,20,0
2024-03-31,S002,P0006,91,20,0
2024-03-31,S002,P0007,116,20,0
2024-03-31,S002,P0008,39,20,0
2024-03-31,S002,P0009,37,20,0
2024-03-31,S002,P0010,45,20,0
2024-03-31,S003,P0001,44,20,0
2024-03-31,S003,P0002,43,20,0
2024-03-31,S003,P0003,55,20,0
2024-03-31,S003,P0004,78,20,0
2024-03-31,S003,P0005,77,20,0
2024-03-31,S003,P0006,31,20,0
2024-03-31,S003,P0007,80,20,0
2024-03-31,S003,P0008,94,20,0
2024-03-31,S003,P0009,119,20,0
2024-03-31,S003,P0010,73,20,0
2024-03-31,S004,P0001,29,20,0
2024-03-31,S004,P0002,38,20,0
2024-03-31,S004,P0003,64,20,0
2024-03-31,S004,P0004,90,20,0
2024-03-31,S004,P0005,86,20,0
2024-03-31,S004,P0006,118,20,0
2024-03-31,S004,P0007,100,20,0
2024-03-31,S004,P0008,79,20,0
2024-03-31,S004,P0009,106,20,0
2024-03-31,S004,P0010,38,20,0
2024-03-31,S005,P0001,67,20,0
2024-03-31,S005,P0002,50,20,0
2024-03-31,S005,P0003,66,20,0
2024-03-31,S005,P0004,93,20,0
2024-03-31,S005,P0005,71,20,0
2024-03-31,S005,P0006,45,20,0
2024-03-31,S005,P0007,85,20,0
2024-03-31,S005,P0008,53,20,0
2024-03-31,S005,P0009,90,20,0
2024-03-31,S005,P0010,53,20,0
2024-04-01,S001,P0001,35,20,0
2024-04-01,S001,P0002,114,20,0
2024-04-01,S001,P0003,58,20,0
2024-04-01,S001,P0004,72,20,0
2024-04-01,S001,P0005,79,20,0
2024-04-01,S001,P0006,24,20,0
2024-04-01,S001,P0007,112,20,0
2024-04-01,S001,P0008,48,20,0
2024-04-01,S001,P0009,33,20,0
2024-04-01,S001,P0010,77,20,0
2024-04-01,S002,P0001,33,20,0
2024-04-01,S002,P0002,69,20,0
2024-04-01,S002,P0003,74,20,0
2024-04-01,S002,P0004,88,20,0
2024-04-01,S002,P0005,41,20,0
2024-04-01,S002,P0006,90,20,0
2024-04-01,S002,P0007,115,20,0
2024-04-01,S002,P0008,38,20,0
2024-04-01,S002,P0009,33,20,0
2024-04-01,S002,P0010,44,20,0
2024-04-01,S003,P0001,43,20,0
2024-04-01,S003,P0002,42,20,0
2024-04-01,S003,P0003,54,20,0
2024-04-01,S003,P0004,77,20,0
2024-04-01,S003,P0005,77,20,0
2024-04-01,S003,P0006,30,20,0
2024-04-01,S003,P0007,80,20,0
2024-04-01,S003,P0008,93,20,0
2024-04-01,S003,P0009,117,20,0
2024-04-01,S003,P0010,71,20,0
2024-04-01,S004,P0001,29,20,0
2024-04-01,S004,P0002,38,20,0
2024-04-01,S004,P0003,62,20,0
2024-04-01,S004,P0004,90,20,0
2024-04-01,S004,P0005,84,20,0
2024-04-01,S004,P0006,116,20,0
2024-04-01,S004,P0007,100,20,0
2024-04-01,S004,P0008,78,20,0
2024-04-01,S004,P0009,105,20,0
2024-04-01,S004,P0010,35,20,0
2024-04-01,S005,P0001,65,20,0
2024-04-01,S005,P0002,47,20,0
2024-04-01,S005,P0003,66,20,0
2024-04-01,S005,P0004,93,20,0
2024-04-01,S005,P0005,69,20,0
2024-04-01,S005,P0006,45,20,0
2024-04-01,S005,P0007,83,20,0
2024-04-01,S005,P0008,52,20,0
2024-04-01,S005,P0009,90,20,0
2024-04-01,S005,P0010,50,20,0
2024-04-02,S001,P0001,33,20,0
2024-04-02,S001,P0002,113,20,0
2024-04-02,S001,P0003,58,20,0
2024-04-02,S001,P0004,71,20,0
2024-04-02,S001,P0005,74,20,0
2024-04-02,S001,P0006,24,20,0
2024-04-02,S001,P0007,111,20,0
2024-04-02,S001,P0008,46,20,0
2024-04-02,S001,P0009,33,20,0
2024-04-02,S001,P0010,77,20,0
2024-04-02,S002,P0001,32,20,0
2024-04-02,S002,P0002,69,20,0
2024-04-02,S002,P0003,71,20,0
2024-04-02,S002,P0004,88,20,0
2024-04-02,S002,P0005,38,20,0
2024-04-02,S002,P0006,90,20,0
2024-04-02,S002,P0007,113,20,0
2024-04-02,S002,P0008,37,20,0
2024-04-02,S002,P0009,31,20,0
2024-04-02,S002,P0010,43,20,0
2024-04-02,S003,P0001,41,20,0
2024-04-02,S003,P0002,39,20,0
2024-04-02,S003,P0003,51,20,0
2024-04-02,S003,P0004,75,20,0
2024-04-02,S003,P0005,74,20,0
2024-04-02,S003,P0006,29,20,0
2024-04-02,S003,P0007,78,20,0
2024-04-02,S003,P0008,92,20,0
2024-04-02,S003,P0009,117,20,0
2024-04-02,S003,P0010,69,20,0
2024-04-02,S004,P0001,27,20,0
2024-04-02,S004,P0002,36,20,0
2024-04-02,S004,P0003,61,20,0
2024-04-02,S004,P0004,89,20,0
2024-04-02,S004,P0005,84,20,0
2024-04-02,S004,P0006,115,20,0
2024-04-02,S004,P0007,99,20,0
2024-04-02,S004,P0008,78,20,0
2024-04-02,S004,P0009,103,20,0
2024-04-02,S004,P0010,34,20,0
2024-04-02,S005,P0001,63,20,0
2024-04-02,S005,P0002,47,20,0
2024-04-02,S005,P0003,66,20,0
2024-04-02,S005,P0004,93,20,0
2024-04-02,S005,P0005,69,20,0
2024-04-02,S005,P0006,44,20,0
2024-04-02,S005,P0007,80,20,0
2024-04-02,S005,P0008,52,20,0
2024-04-02,S005,P0009,89,20,0
2024-04-02,S005,P0010,49,20,0
2024-04-03,S001,P0001,31,20,0
2024-04-03,S001,P0002,113,20,0
2024-04-03,S001,P0003,57,20,0
2024-04-03,S001,P0004,70,20,0
2024-04-03,S001,P0005,71,20,0
2024-04-03,S001,P0006,24,20,0
2024-04-03,S001,P0007,110,20,0
2024-04-03,S001,P0008,45,20,0
2024-04-03,S001,P0009,29,20,0
2024-04-03,S001,P0010,75,20,0
2024-04-03,S002,P0001,31,20,0
2024-04-03,S002,P0002,69,20,0
2024-04-03,S002,P0003,71,20,0
2024-04-03,S002,P0004,88,20,0
2024-04-03,S002,P0005,36,20,0
2024-04-03,S002,P0006,89,20,0
2024-04-03,S002,P0007,112,20,0
2024-04-03,S002,P0008,36,20,0
2024-04-03,S002,P0009,28,20,0
2024-04-03,S002,P0010,43,20,0
2024-04-03,S003,P0001,41,20,0
2024-04-03,S003,P0002,34,20,0
2024-04-03,S003,P0003,48,20,0
2024-04-03,S003,P0004,74,20,0
2024-04-03,S003,P0005,71,20,0
2024-04-03,S003,P0006,29,20,0
2024-04-03,S003,P0007,78,20,0
2024-04-03,S003,P0008,91,20,0
2024-04-03,S003,P0009,114,20,0
2024-04-03,S003,P0010,69,20,0
2024-04-03,S004,P0001,24,20,0
2024-04-03,S004,P0002,34,20,0
2024-04-03,S004,P0003,60,20,0
2024-04-03,S004,P0004,87,20,0
2024-04-03,S004,P0005,82,20,0
2024-04-03,S004,P0006,115,20,0
2024-04-03,S004,P0007,99,20,0
2024-04-03,S004,P0008,74,20,0
2024-04-03,S004,P0009,101,20,0
2024-04-03,S004,P0010,34,20,0
2024-04-03,S005,P0001,60,20,0
2024-04-03,S005,P0002,46,20,0
2024-04-03,S005,P0003,65,20,0
2024-04-03,S005,P0004,92,20,0
2024-04-03,S005,P0005,68,20,0
2024-04-03,S005,P0006,44,20,0
2024-04-03,S005,P0007,80,20,0
2024-04-03,S005,P0008,52,20,0
2024-04-03,S005,P0009,89,20,0
2024-04-03,S005,P0010,49,20,0
2024-04-04,S001,P0001,29,20,0
2024-04-04,S001,P0002,112,20,0
2024-04-04,S001,P0003,57,20,0
2024-04-04,S001,P0004,70,20,0
2024-04-04,S001,P0005,70,20,0
2024-04-04,S001,P0006,23,20,0
2024-04-04,S001,P0007,107,20,0
2024-04-04,S001,P0008,45,20,0
2024-04-04,S001,P0009,27,20,0
2024-04-04,S001,P0010,73,20,0
2024-04-04,S002,P0001,30,20,0
2024-04-04,S002,P0002,68,20,0
2024-04-04,S002,P0003,71,20,0
2024-04-04,S002,P0004,87,20,0
2024-04-04,S002,P0005,36,20,0
2024-04-04,S002,P0006,87,20,0
2024-04-04,S002,P0007,111,20,0
2024-04-04,S002,P0008,35,20,0
2024-04-04,S002,P0009,26,20,0
2024-04-04,S002,P0010,42,20,0
2024-04-04,S003,P0001,40,20,0
2024-04-04,S003,P0002,32,20,0
2024-04-04,S003,P0003,48,20,0
2024-04-04,S003,P0004,71,20,0
2024-04-04,S003,P0005,69,20,0
2024-04-04,S003,P0006,29,20,0
2024-04-04,S003,P0007,78,20,0
2024-04-04,S003,P0008,90,20,0
2024-04-04,S003,P0009,111,20,0
2024-04-04,S003,P0010,66,20,0
2024-04-04,S004,P0001,119,20,0
2024-04-04,S004,P0002,32,20,0
2024-04-04,S004,P0003,59,20,0
2024-04-04,S004,P0004,85,20,0
2024-04-04,S004,P0005,79,20,0
2024-04-04,S004,P0006,115,20,0
2024-04-04,S004,P0007,98,20,0
2024-04-04,S004,P0008,74,20,0
2024-04-04,S004,P0009,100,20,0
2024-04-04,S004,P0010,33,20,0
2024-04-04,S005,P0001,58,20,0
2024-04-04,S005,P0002,44,20,0
2024-04-04,S005,P0003,63,20,0
2024-04-04,S005,P0004,92,20,0
2024-04-04,S005,P0005,67,20,0
2024-04-04,S005,P0006,44,20,0
2024-04-04,S005,P0007,79,20,0
2024-04-04,S005,P0008,50,20,0
2024-04-04,S005,P0009,86,20,0
2024-04-04,S005,P0010,49,20,0
2024-04-05,S001,P0001,27,20,0
2024-04-05,S001,P0002,111,20,0
2024-04-05,S001,P0003,57,20,0
2024-04-05,S001,P0004,68,20,0
2024-04-05,S001,P0005,66,20,0
2024-04-05,S001,P0006,23,20,0
2024-04-05,S001,P0007,107,20,0
2024-04-05,S001,P0008,44,20,0
2024-04-05,S001,P0009,26,20,0
2024-04-05,S001,P0010,71,20,0
2024-04-05,S002,P0001,28,20,0
2024-04-05,S002,P0002,65,20,0
2024-04-05,S002,P0003,70,20,0
2024-04-05,S002,P0004,85,20,0
2024-04-05,S002,P0005,35,20,0
2024-04-05,S002,P0006,85,20,0
2024-04-05,S002,P0007,110,20,0
2024-04-05,S002,P0008,34,20,0
2024-04-05,S002,P0009,23,20,0
2024-04-05,S002,P0010,40,20,0
2024-04-05,S003,P0001,37,20,0
2024-04-05,S003,P0002,31,20,0
2024-04-05,S003,P0003,47,20,0
2024-04-05,S003,P0004,68,20,0
2024-04-05,S003,P0005,67,20,0
2024-04-05,S003,P0006,29,20,0
2024-04-05,S003,P0007,76,20,0
2024-04-05,S003,P0008,89,20,0
2024-04-05,S003,P0009,110,20,0
2024-04-05,S003,P0010,66,20,0
2024-04-05,S004,P0001,115,20,0
2024-04-05,S004,P0002,29,20,0
2024-04-05,S004,P0003,59,20,0
2024-04-05,S004,P0004,83,20,0
2024-04-05,S004,P0005,78,20,0
2024-04-05,S004,P0006,115,20,0
2024-04-05,S004,P0007,96,20,0
2024-04-05,S004,P0008,73,20,0
2024-04-05,S004,P0009,97,20,0
2024-04-05,S004,P0010,31,20,0
2024-04-05,S005,P0001,57,20,0
2024-04-05,S005,P0002,40,20,0
2024-04-05,S005,P0003,62,20,0
2024-04-05,S005,P0004,90,20,0
2024-04-05,S005,P0005,66,20,0
2024-04-05,S005,P0006,43,20,0
2024-04-05,S005,P0007,77,20,0
2024-04-05,S005,P0008,49,20,0
2024-04-05,S005,P0009,85,20,0
2024-04-05,S005,P0010,48,20,0
2024-04-06,S001,P0001,24,20,0
2024-04-06,S001,P0002,106,20,0
2024-04-06,S001,P0003,57,20,0
2024-04-06,S001,P0004,67,20,0
2024-04-06,S001,P0005,65,20,0
2024-04-06,S001,P0006,22,20,0
2024-04-06,S001,P0007,107,20,0
2024-04-06,S001,P0008,43,20,0
2024-04-06,S001,P0009,25,20,0
2024-04-06,S001,P0010,71,20,0
2024-04-06,S002,P0001,25,20,0
2024-04-06,S002,P0002,64,20,0
2024-04-06,S002,P0003,69,20,0
2024-04-06,S002,P0004,84,20,0
2024-04-06,S002,P0005,32,20,0
2024-04-06,S002,P0006,84,20,0
2024-04-06,S002,P0007,110,20,0
2024-04-06,S002,P0008,32,20,0
2024-04-06,S002,P0009,23,20,0
2024-04-06,S002,P0010,36,20,0
2024-04-06,S003,P0001,36,20,0
2024-04-06,S003,P0002,30,20,0
2024-04-06,S003,P0003,47,20,0
2024-04-06,S003,P0004,68,20,0
2024-04-06,S003,P0005,66,20,0
2024-04-06,S003,P0006,28,20,0
2024-04-06,S003,P0007,74,20,0
2024-04-06,S003,P0008,88,20,0
2024-04-06,S003,P0009,110,20,0
2024-04-06,S003,P0010,65,20,0
2024-04-06,S004,P0001,114,20,0
2024-04-06,S004,P0002,28,20,0
2024-04-06,S004,P0003,58,20,0
2024-04-06,S004,P0004,80,20,0
2024-04-06,S004,P0005,76,20,0
2024-04-06,S004,P0006,114,20,0
2024-04-06,S004,P0007,94,20,0
2024-04-06,S004,P0008,72,20,0
2024-04-06,S004,P0009,91,20,0
2024-04-06,S004,P0010,30,20,0
2024-04-06,S005,P0001,55,20,0
2024-04-06,S005,P0002,39,20,0
2024-04-06,S005,P0003,60,20,0
2024-04-06,S005,P0004,90,20,0
2024-04-06,S005,P0005,66,20,0
2024-04-06,S005,P0006,42,20,0
2024-04-06,S005,P0007,75,20,0
2024-04-06,S005,P0008,49,20,0
2024-04-06,S005,P0009,84,20,0
2024-04-06,S005,P0010,47,20,0
2024-04-07,S001,P0001,23,20,0
2024-04-07,S001,P0002,104,20,0
2024-04-07,S001,P0003,57,20,0
2024-04-07,S001,P0004,67,20,0
2024-04-07,S001,P0005,63,20,0
2024-04-07,S001,P0006,21,20,0
2024-04-07,S001,P0007,107,20,0
2024-04-07,S001,P0008,42,20,0
2024-04-07,S001,P0009,23,20,0
2024-04-07,S001,P0010,68,20,0
2024-04-07,S002,P0001,23,20,0
2024-04-07,S002,P0002,62,20,0
2024-04-07,S002,P0003,68,20,0
2024-04-07,S002,P0004,84,20,0
2024-04-07,S002,P0005,30,20,0
2024-04-07,S002,P0006,83,20,0
2024-04-07,S002,P0007,110,20,0
2024-04-07,S002,P0008,32,20,0
2024-04-07,S002,P0009,22,20,0
2024-04-07,S002,P0010,36,20,0
2024-04-07,S003,P0001,33,20,0
2024-04-07,S003,P0002,29,20,0
2024-04-07,S003,P0003,46,20,0
2024-04-07,S003,P0004,67,20,0
2024-04-07,S003,P0005,64,20,0
2024-04-07,S003,P0006,28,20,0
2024-04-07,S003,P0007,72,20,0
2024-04-07,S003,P0008,88,20,0
2024-04-07,S003,P0009,108,20,0
2024-04-07,S003,P0010,64,20,0
2024-04-07,S004,P0001,114,20,0
2024-04-07,S004,P0002,26,20,0
2024-04-07,S004,P0003,57,20,0
2024-04-07,S004,P0004,77,20,0
2024-04-07,S004,P0005,74,20,0
2024-04-07,S004,P0006,114,20,0
2024-04-07,S004,P0007,93,20,0
2024-04-07,S004,P0008,71,20,0
2024-04-07,S004,P0009,90,20,0
2024-04-07,S004,P0010,29,20,0
2024-04-07,S005,P0001,55,20,0
2024-04-07,S005,P0002,38,20,0
2024-04-07,S005,P0003,57,20,0
2024-04-07,S005,P0004,86,20,0
2024-04-07,S005,P0005,65,20,0
2024-04-07,S005,P0006,42,20,0
2024-04-07,S005,P0007,75,20,0
2024-04-07,S005,P0008,47,20,0
2024-04-07,S005,P0009,84,20,0
2024-04-07,S005,P0010,47,20,0
2024-04-08,S001,P0001,118,20,0
2024-04-08,S001,P0002,104,20,0
2024-04-08,S001,P0003,57,20,0
2024-04-08,S001,P0004,66,20,0
2024-04-08,S001,P0005,59,20,0
2024-04-08,S001,P0006,20,20,0
2024-04-08,S001,P0007,105,20,0
2024-04-08,S001,P0008,42,20,0
2024-04-08,S001,P0009,20,20,0
2024-04-08,S001,P0010,67,20,0
2024-04-08,S002,P0001,21,20,0
2024-04-08,S002,P0002,61,20,0
2024-04-08,S002,P0003,68,20,0
2024-04-08,S002,P0004,83,20,0
2024-04-08,S002,P0005,27,20,0
2024-04-08,S002,P0006,83,20,0
2024-04-08,S002,P0007,109,20,0
2024-04-08,S002,P0008,31,20,0
2024-04-08,S002,P0009,20,20,0
2024-04-08,S002,P0010,32,20,0
2024-04-08,S003,P0001,30,20,0
2024-04-08,S003,P0002,29,20,0
2024-04-08,S003,P0003,45,20,0
2024-04-08,S003,P0004,66,20,0
2024-04-08,S003,P0005,59,20,0
2024-04-08,S003,P0006,27,20,0
2024-04-08,S003,P0007,72,20,0
2024-04-08,S003,P0008,86,20,0
2024-04-08,S003,P0009,105,20,0
2024-04-08,S003,P0010,63,20,0
2024-04-08,S004,P0001,111,20,0
2024-04-08,S004,P0002,26,20,0
2024-04-08,S004,P0003,55,20,0
2024-04-08,S004,P0004,75,20,0
2024-04-08,S004,P0005,73,20,0
2024-04-08,S004,P0006,114,20,0
2024-04-08,S004,P0007,92,20,0
2024-04-08,S004,P0008,70,20,0
2024-04-08,S004,P0009,89,20,0
2024-04-08,S004,P0010,28,20,0
2024-04-08,S005,P0001,55,20,0
2024-04-08,S005,P0002,38,20,0
2024-04-08,S005,P0003,56,20,0
2024-04-08,S005,P0004,86,20,0
2024-04-08,S005,P0005,64,20,0
2024-04-08,S005,P0006,40,20,0
2024-04-08,S005,P0007,73,20,0
2024-04-08,S005,P0008,46,20,0
2024-04-08,S005,P0009,82,20,0
2024-04-08,S005,P0010,47,20,0
2024-04-09,S001,P0001,117,20,0
2024-04-09,S001,P0002,103,20,0
2024-04-09,S001,P0003,56,20,0
2024-04-09,S001,P0004,65,20,0
2024-04-09,S001,P0005,57,20,0
2024-04-09,S001,P0006,119,20,0
2024-04-09,S001,P0007,104,20,0
2024-04-09,S001,P0008,41,20,0
2024-04-09,S001,P0009,119,20,0
2024-04-09,S001,P0010,66,20,0
2024-04-09,S002,P0001,20,20,0
2024-04-09,S002,P0002,59,20,0
2024-04-09,S002,P0003,67,20,0
2024-04-09,S002,P0004,83,20,0
2024-04-09,S002,P0005,24,20,0
2024-04-09,S002,P0006,83,20,0
2024-04-09,S002,P0007,109,20,0
2024-04-09,S002,P0008,28,20,0
2024-04-09,S002,P0009,119,20,0
2024-04-09,S002,P0010,32,20,0
2024-04-09,S003,P0001,28,20,0
2024-04-09,S003,P0002,28,20,0
2024-04-09,S003,P0003,41,20,0
2024-04-09,S003,P0004,64,20,0
2024-04-09,S003,P0005,57,20,0
2024-04-09,S003,P0006,26,20,0
2024-04-09,S003,P0007,72,20,0
2024-04-09,S003,P0008,86,20,0
2024-04-09,S003,P0009,103,20,0
2024-04-09,S003,P0010,60,20,0
2024-04-09,S004,P0001,110,20,0
2024-04-09,S004,P0002,26,20,0
2024-04-09,S004,P0003,53,20,0
2024-04-09,S004,P0004,74,20,0
2024-04-09,S004,P0005,73,20,0
2024-04-09,S004,P0006,113,20,0
2024-04-09,S004,P0007,91,20,0
2024-04-09,S004,P0008,70,20,0
2024-04-09,S004,P0009,88,20,0
2024-04-09,S004,P0010,28,20,0
2024-04-09,S005,P0001,55,20,0
2024-04-09,S005,P0002,34,20,0
2024-04-09,S005,P0003,54,20,0
2024-04-09,S005,P0004,86,20,0
2024-04-09,S005,P0005,61,20,0
2024-04-09,S005,P0006,38,20,0
2024-04-09,S005,P0007,72,20,0
2024-04-09,S005,P0008,46,20,0
2024-04-09,S005,P0009,80,20,0
2024-04-09,S005,P0010,47,20,0
2024-04-10,S001,P0001,116,20,0
2024-04-10,S001,P0002,101,20,0
2024-04-10,S001,P0003,54,20,0
2024-04-10,S001,P0004,64,20,0
2024-04-10,S001,P0005,54,20,0
2024-04-10,S001,P0006,119,20,0
2024-04-10,S001,P0007,104,20,0
2024-04-10,S001,P0008,40,20,0
2024-04-10,S001,P0009,115,20,0
2024-04-10,S001,P0010,62,20,0
2024-04-10,S002,P0001,119,20,0
2024-04-10,S002,P0002,57,20,0
2024-04-10,S002,P0003,66,20,0
2024-04-10,S002,P0004,80,20,0
2024-04-10,S002,P0005,119,20,0
2024-04-10,S002,P0006,82,20,0
2024-04-10,S002,P0007,109,20,0
2024-04-10,S002,P0008,26,20,0
2024-04-10,S002,P0009,118,20,0
2024-04-10,S002,P0010,27,20,0
2024-04-10,S003,P0001,27,20,0
2024-04-10,S003,P0002,27,20,0
2024-04-10,S003,P0003,38,20,0
2024-04-10,S003,P0004,63,20,0
2024-04-10,S003,P0005,55,20,0
2024-04-10,S003,P0006,25,20,0
2024-04-10,S003,P0007,72,20,0
2024-04-10,S003,P0008,84,20,0
2024-04-10,S003,P0009,101,20,0
2024-04-10,S003,P0010,60,20,0
2024-04-10,S004,P0001,109,20,0
2024-04-10,S004,P0002,24,20,0
2024-04-10,S004,P0003,52,20,0
2024-04-10,S004,P0004,73,20,0
2024-04-10,S004,P0005,70,20,0
2024-04-10,S004,P0006,113,20,0
2024-04-10,S004,P0007,91,20,0
2024-04-10,S004,P0008,70,20,0
2024-04-10,S004,P0009,85,20,0
2024-04-10,S004,P0010,27,20,0
2024-04-10,S005,P0001,54,20,0
2024-04-10,S005,P0002,32,20,0
2024-04-10,S005,P0003,54,20,0
2024-04-10,S005,P0004,85,20,0
2024-04-10,S005,P0005,57,20,0
2024-04-10,S005,P0006,37,20,0
2024-04-10,S005,P0007,72,20,0
2024-04-10,S005,P0008,46,20,0
2024-04-10,S005,P0009,78,20,0
2024-04-10,S005,P0010,46,20,0
2024-04-11,S001,P0001,116,20,0
2024-04-11,S001,P0002,100,20,0
2024-04-11,S001,P0003,53,20,0
2024-04-11,S001,P0004,63,20,0
2024-04-11,S001,P0005,52,20,0
2024-04-11,S001,P0006,118,20,0
2024-04-11,S001,P0007,104,20,0
2024-04-11,S001,P0008,38,20,0
2024-04-11,S001,P0009,113,20,0
2024-04-11,S001,P0010,61,20,0
2024-04-11,S002,P0001,117,20,0
2024-04-11,S002,P0002,56,20,0
2024-04-11,S002,P0003,63,20,0
2024-04-11,S002,P0004,78,20,0
2024-04-11,S002,P0005,117,20,0
2024-04-11,S002,P0006,81,20,0
2024-04-11,S002,P0007,108,20,0
2024-04-11,S002,P0008,26,20,0
2024-04-11,S002,P0009,118,20,0
2024-04-11,S002,P0010,26,20,0
2024-04-11,S003,P0001,25,20,0
2024-04-11,S003,P0002,26,20,0
2024-04-11,S003,P0003,37,20,0
2024-04-11,S003,P0004,62,20,0
2024-04-11,S003,P0005,54,20,0
2024-04-11,S003,P0006,24,20,0
2024-04-11,S003,P0007,69,20,0
2024-04-11,S003,P0008,80,20,0
2024-04-11,S003,P0009,100,20,0
2024-04-11,S003,P0010,59,20,0
2024-04-11,S004,P0001,108,20,0
2024-04-11,S004,P0002,22,20,0
2024-04-11,S004,P0003,50,20,0
2024-04-11,S004,P0004,71,20,0
2024-04-11,S004,P0005,64,20,0
2024-04-11,S004,P0006,111,20,0
2024-04-11,S004,P0007,91,20,0
2024-04-11,S004,P0008,69,20,0
2024-04-11,S004,P0009,83,20,0
2024-04-11,S004,P0010,26,20,0
2024-04-11,S005,P0001,53,20,0
2024-04-11,S005,P0002,29,20,0
2024-04-11,S005,P0003,50,20,0
2024-04-11,S005,P0004,85,20,0
2024-04-11,S005,P0005,53,20,0
2024-04-11,S005,P0006,37,20,0
2024-04-11,S005,P0007,69,20,0
2024-04-11,S005,P0008,45,20,0
2024-04-11,S005,P0009,76,20,0
2024-04-11,S005,P0010,44,20,0
2024-04-12,S001,P0001,116,20,0
2024-04-12,S001,P0002,100,20,0
2024-04-12,S001,P0003,53,20,0
2024-04-12,S001,P0004,60,20,0
2024-04-12,S001,P0005,45,20,0
2024-04-12,S001,P0006,118,20,0
2024-04-12,S001,P0007,104,20,0
2024-04-12,S001,P0008,36,20,0
2024-04-12,S001,P0009,111,20,0
2024-04-12,S001,P0010,58,20,0
2024-04-12,S002,P0001,116,20,0
2024-04-12,S002,P0002,55,20,0
2024-04-12,S002,P0003,63,20,0
2024-04-12,S002,P0004,78,20,0
2024-04-12,S002,P0005,113,20,0
2024-04-12,S002,P0006,80,20,0
2024-04-12,S002,P0007,105,20,0
2024-04-12,S002,P0008,24,20,0
2024-04-12,S002,P0009,113,20,0
2024-04-12,S002,P0010,24,20,0
2024-04-12,S003,P0001,23,20,0
2024-04-12,S003,P0002,23,20,0
2024-04-12,S003,P0003,37,20,0
2024-04-12,S003,P0004,62,20,0
2024-04-12,S003,P0005,50,20,0
2024-04-12,S003,P0006,24,20,0
2024-04-12,S003,P0007,68,20,0
2024-04-12,S003,P0008,79,20,0
2024-04-12,S003,P0009,99,20,0
2024-04-12,S003,P0010,59,20,0
2024-04-12,S004,P0001,107,20,0
2024-04-12,S004,P0002,119,20,0
2024-04-12,S004,P0003,50,20,0
2024-04-12,S004,P0004,69,20,0
2024-04-12,S004,P0005,59,20,0
2024-04-12,S004,P0006,111,20,0
2024-04-12,S004,P0007,91,20,0
2024-04-12,S004,P0008,67,20,0
2024-04-12,S004,P0009,83,20,0
2024-04-12,S004,P0010,26,20,0
2024-04-12,S005,P0001,52,20,0
2024-04-12,S005,P0002,25,20,0
2024-04-12,S005,P0003,48,20,0
2024-04-12,S005,P0004,84,20,0
2024-04-12,S005,P0005,49,20,0
2024-04-12,S005,P0006,37,20,0
2024-04-12,S005,P0007,67,20,0
2024-04-12,S005,P0008,45,20,0
2024-04-12,S005,P0009,70,20,0
2024-04-12,S005,P0010,41,20,0
2024-04-13,S001,P0001,112,20,0
2024-04-13,S001,P0002,100,20,0
2024-04-13,S001,P0003,53,20,0
2024-04-13,S001,P0004,59,20,0
2024-04-13,S001,P0005,41,20,0
2024-04-13,S001,P0006,118,20,0
2024-04-13,S001,P0007,103,20,0
2024-04-13,S001,P0008,33,20,0
2024-04-13,S001,P0009,111,20,0
2024-04-13,S001,P0010,56,20,0
2024-04-13,S002,P0001,114,20,0
2024-04-13,S002,P0002,55,20,0
2024-04-13,S002,P0003,61,20,0
2024-04-13,S002,P0004,78,20,0
2024-04-13,S002,P0005,110,20,0
2024-04-13,S002,P0006,77,20,0
2024-04-13,S002,P0007,101,20,0
2024-04-13,S002,P0008,23,20,0
2024-04-13,S002,P0009,111,20,0
2024-04-13,S002,P0010,23,20,0
2024-04-13,S003,P0001,23,20,0
2024-04-13,S003,P0002,119,20,0
2024-04-13,S003,P0003,37,20,0
2024-04-13,S003,P0004,61,20,0
2024-04-13,S003,P0005,48,20,0
2024-04-13,S003,P0006,22,20,0
2024-04-13,S003,P0007,68,20,0
2024-04-13,S003,P0008,75,20,0
2024-04-13,S003,P0009,98,20,0
2024-04-13,S003,P0010,55,20,0
2024-04-13,S004,P0001,106,20,0
2024-04-13,S004,P0002,116,20,0
2024-04-13,S004,P0003,48,20,0
2024-04-13,S004,P0004,69,20,0
2024-04-13,S004,P0005,58,20,0
2024-04-13,S004,P0006,110,20,0
2024-04-13,S004,P0007,90,20,0
2024-04-13,S004,P0008,67,20,0
2024-04-13,S004,P0009,80,20,0
2024-04-13,S004,P0010,23,20,0
2024-04-13,S005,P0001,49,20,0
2024-04-13,S005,P0002,23,20,0
2024-04-13,S005,P0003,44,20,0
2024-04-13,S005,P0004,82,20,0
2024-04-13,S005,P0005,45,20,0
2024-04-13,S005,P0006,37,20,0
2024-04-13,S005,P0007,66,20,0
2024-04-13,S005,P0008,44,20,0
2024-04-13,S005,P0009,69,20,0
2024-04-13,S005,P0010,39,20,0
2024-04-14,S001,P0001,111,20,0
2024-04-14,S001,P0002,97,20,0
2024-04-14,S001,P0003,51,20,0
2024-04-14,S001,P0004,59,20,0
2024-04-14,S001,P0005,38,20,0
2024-04-14,S001,P0006,118,20,0
2024-04-14,S001,P0007,103,20,0
2024-04-14,S001,P0008,31,20,0
2024-04-14,S001,P0009,110,20,0
2024-04-14,S001,P0010,53,20,0
2024-04-14,S002,P0001,113,20,0
2024-04-14,S002,P0002,54,20,0
2024-04-14,S002,P0003,59,20,0
2024-04-14,S002,P0004,77,20,0
2024-04-14,S002,P0005,106,20,0
2024-04-14,S002,P0006,76,20,0
2024-04-14,S002,P0007,101,20,0
2024-04-14,S002,P0008,23,20,0
2024-04-14,S002,P0009,109,20,0
2024-04-14,S002,P0010,20,20,0
2024-04-14,S003,P0001,22,20,0
2024-04-14,S003,P0002,119,20,0
2024-04-14,S003,P0003,36,20,0
2024-04-14,S003,P0004,57,20,0
2024-04-14,S003,P0005,43,20,0
2024-04-14,S003,P0006,21,20,0
2024-04-14,S003,P0007,66,20,0
2024-04-14,S003,P0008,75,20,0
2024-04-14,S003,P0009,97,20,0
2024-04-14,S003,P0010,52,20,0
2024-04-14,S004,P0001,103,20,0
2024-04-14,S004,P0002,115,20,0
2024-04-14,S004,P0003,47,20,0
2024-04-14,S004,P0004,67,20,0
2024-04-14,S004,P0005,54,20,0
2024-04-14,S004,P0006,110,20,0
2024-04-14,S004,P0007,90,20,0
2024-04-14,S004,P0008,66,20,0
2024-04-14,S004,P0009,77,20,0
2024-04-14,S004,P0010,23,20,0
2024-04-14,S005,P0001,45,20,0
2024-04-14,S005,P0002,21,20,0
2024-04-14,S005,P0003,44,20,0
2024-04-14,S005,P0004,81,20,0
2024-04-14,S005,P0005,45,20,0
2024-04-14,S005,P0006,37,20,0
2024-04-14,S005,P0007,65,20,0
2024-04-14,S005,P0008,43,20,0
2024-04-14,S005,P0009,69,20,0
2024-04-14,S005,P0010,36,20,0
2024-04-15,S001,P0001,110,20,0
2024-04-15,S001,P0002,95,20,0
2024-04-15,S001,P0003,49,20,0
2024-04-15,S001,P0004,59,20,0
2024-04-15,S001,P0005,36,20,0
2024-04-15,S001,P0006,117,20,0
2024-04-15,S001,P0007,103,20,0
2024-04-15,S001,P0008,29,20,0
2024-04-15,S001,P0009,110,20,0
2024-04-15,S001,P0010,52,20,0
2024-04-15,S002,P0001,112,20,0
2024-04-15,S002,P0002,53,20,0
2024-04-15,S002,P0003,59,20,0
2024-04-15,S002,P0004,76,20,0
2024-04-15,S002,P0005,106,20,0
2024-04-15,S002,P0006,75,20,0
2024-04-15,S002,P0007,100,20,0
2024-04-15,S002,P0008,20,20,0
2024-04-15,S002,P0009,106,20,0
2024-04-15,S002,P0010,119,20,0
2024-04-15,S003,P0001,21,20,0
2024-04-15,S003,P0002,119,20,0
2024-04-15,S003,P0003,35,20,0
2024-04-15,S003,P0004,57,20,0
2024-04-15,S003,P0005,43,20,0
2024-04-15,S003,P0006,21,20,0
2024-04-15,S003,P0007,65,20,0
2024-04-15,S003,P0008,73,20,0
2024-04-15,S003,P0009,97,20,0
2024-04-15,S003,P0010,50,20,0
2024-04-15,S004,P0001,101,20,0
2024-04-15,S004,P0002,114,20,0
2024-04-15,S004,P0003,45,20,0
2024-04-15,S004,P0004,67,20,0
2024-04-15,S004,P0005,50,20,0
2024-04-15,S004,P0006,110,20,0
2024-04-15,S004,P0007,86,20,0
2024-04-15,S004,P0008,65,20,0
2024-04-15,S004,P0009,77,20,0
2024-04-15,S004,P0010,22,20,0
2024-04-15,S005,P0001,44,20,0
2024-04-15,S005,P0002,20,20,0
2024-04-15,S005,P0003,42,20,0
2024-04-15,S005,P0004,81,20,0
2024-04-15,S005,P0005,44,20,0
2024-04-15,S005,P0006,35,20,0
2024-04-15,S005,P0007,65,20,0
2024-04-15,S005,P0008,42,20,0
2024-04-15,S005,P0009,66,20,0
2024-04-15,S005,P0010,33,20,0
2024-04-16,S001,P0001,109,20,0
2024-04-16,S001,P0002,94,20,0
2024-04-16,S001,P0003,48,20,0
2024-04-16,S001,P0004,57,20,0
2024-04-16,S001,P0005,33,20,0
2024-04-16,S001,P0006,117,20,0
2024-04-16,S001,P0007,103,20,0
2024-04-16,S001,P0008,27,20,0
2024-04-16,S001,P0009,109,20,0
2024-04-16,S001,P0010,51,20,0
2024-04-16,S002,P0001,110,20,0
2024-04-16,S002,P0002,52,20,0
2024-04-16,S002,P0003,58,20,0
2024-04-16,S002,P0004,75,20,0
2024-04-16,S002,P0005,104,20,0
2024-04-16,S002,P0006,74,20,0
2024-04-16,S002,P0007,100,20,0
2024-04-16,S002,P0008,119,20,0
2024-04-16,S002,P0009,106,20,0
2024-04-16,S002,P0010,117,20,0
2024-04-16,S003,P0001,21,20,0
2024-04-16,S003,P0002,116,20,0
2024-04-16,S003,P0003,35,20,0
2024-04-16,S003,P0004,55,20,0
2024-04-16,S003,P0005,41,20,0
2024-04-16,S003,P0006,20,20,0
2024-04-16,S003,P0007,64,20,0
2024-04-16,S003,P0008,72,20,0
2024-04-16,S003,P0009,96,20,0
2024-04-16,S003,P0010,50,20,0
2024-04-16,S004,P0001,101,20,0
2024-04-16,S004,P0002,112,20,0
2024-04-16,S004,P0003,44,20,0
2024-04-16,S004,P0004,66,20,0
2024-04-16,S004,P0005,46,20,0
2024-04-16,S004,P0006,110,20,0
2024-04-16,S004,P0007,84,20,0
2024-04-16,S004,P0008,64,20,0
2024-04-16,S004,P0009,76,20,0
2024-04-16,S004,P0010,20,20,0
2024-04-16,S005,P0001,44,20,0
2024-04-16,S005,P0002,119,20,0
2024-04-16,S005,P0003,42,20,0
2024-04-16,S005,P0004,80,20,0
2024-04-16,S005,P0005,42,20,0
2024-04-16,S005,P0006,34,20,0
2024-04-16,S005,P0007,64,20,0
2024-04-16,S005,P0008,41,20,0
2024-04-16,S005,P0009,65,20,0
2024-04-16,S005,P0010,33,20,0
2024-04-17,S001,P0001,106,20,0
2024-04-17,S001,P0002,92,20,0
2024-04-17,S001,P0003,48,20,0
2024-04-17,S001,P0004,57,20,0
2024-04-17,S001,P0005,30,20,0
2024-04-17,S001,P0006,116,20,0
2024-04-17,S001,P0007,102,20,0
2024-04-17,S001,P0008,25,20,0
2024-04-17,S001,P0009,107,20,0
2024-04-17,S001,P0010,50,20,0
2024-04-17,S002,P0001,110,20,0
2024-04-17,S002,P0002,51,20,0
2024-04-17,S002,P0003,55,20,0
2024-04-17,S002,P0004,73,20,0
2024-04-17,S002,P0005,102,20,0
2024-04-17,S002,P0006,72,20,0
2024-04-17,S002,P0007,100,20,0
2024-04-17,S002,P0008,119,20,0
2024-04-17,S002,P0009,105,20,0
2024-04-17,S002,P0010,115,20,0
2024-04-17,S003,P0001,20,20,0
2024-04-17,S003,P0002,114,20,0
2024-04-17,S003,P0003,33,20,0
2024-04-17,S003,P0004,53,20,0
2024-04-17,S003,P0005,40,20,0
2024-04-17,S003,P0006,119,20,0
2024-04-17,S003,P0007,64,20,0
2024-04-17,S003,P0008,72,20,0
2024-04-17,S003,P0009,95,20,0
2024-04-17,S003,P0010,49,20,0
2024-04-17,S004,P0001,101,20,0
2024-04-17,S004,P0002,109,20,0
2024-04-17,S004,P0003,44,20,0
2024-04-17,S004,P0004,66,20,0
2024-04-17,S004,P0005,41,20,0
2024-04-17,S004,P0006,108,20,0
2024-04-17,S004,P0007,83,20,0
2024-04-17,S004,P0008,64,20,0
2024-04-17,S004,P0009,73,20,0
2024-04-17,S004,P0010,20,20,0
2024-04-17,S005,P0001,43,20,0
2024-04-17,S005,P0002,119,20,0
2024-04-17,S005,P0003,40,20,0
2024-04-17,S005,P0004,78,20,0
2024-04-17,S005,P0005,42,20,0
2024-04-17,S005,P0006,32,20,0
2024-04-17,S005,P0007,64,20,0
2024-04-17,S005,P0008,39,20,0
2024-04-17,S005,P0009,64,20,0
2024-04-17,S005,P0010,33,20,0
2024-04-18,S001,P0001,103,20,0
2024-04-18,S001,P0002,91,20,0
2024-04-18,S001,P0003,48,20,0
2024-04-18,S001,P0004,56,20,0
2024-04-18,S001,P0005,29,20,0
2024-04-18,S001,P0006,116,20,0
2024-04-18,S001,P0007,102,20,0
2024-04-18,S001,P0008,23,20,0
2024-04-18,S001,P0009,106,20,0
2024-04-18,S001,P0010,47,20,0
2024-04-18,S002,P0001,108,20,0
2024-04-18,S002,P0002,47,20,0
2024-04-18,S002,P0003,54,20,0
2024-04-18,S002,P0004,72,20,0
2024-04-18,S002,P0005,102,20,0
2024-04-18,S002,P0006,72,20,0
2024-04-18,S002,P0007,98,20,0
2024-04-18,S002,P0008,117,20,0
2024-04-18,S002,P0009,104,20,0
2024-04-18,S002,P0010,114,20,0
2024-04-18,S003,P0001,20,20,0
2024-04-18,S003,P0002,111,20,0
2024-04-18,S003,P0003,32,20,0
2024-04-18,S003,P0004,52,20,0
2024-04-18,S003,P0005,34,20,0
2024-04-18,S003,P0006,117,20,0
2024-04-18,S003,P0007,63,20,0
2024-04-18,S003,P0008,69,20,0
2024-04-18,S003,P0009,93,20,0
2024-04-18,S003,P0010,49,20,0
2024-04-18,S004,P0001,101,20,0
2024-04-18,S004,P0002,109,20,0
2024-04-18,S004,P0003,43,20,0
2024-04-18,S004,P0004,66,20,0
2024-04-18,S004,P0005,36,20,0
2024-04-18,S004,P0006,107,20,0
2024-04-18,S004,P0007,82,20,0
2024-04-18,S004,P0008,61,20,0
2024-04-18,S004,P0009,73,20,0
2024-04-18,S004,P0010,119,20,0
2024-04-18,S005,P0001,42,20,0
2024-04-18,S005,P0002,118,20,0
2024-04-18,S005,P0003,36,20,0
2024-04-18,S005,P0004,78,20,0
2024-04-18,S005,P0005,40,20,0
2024-04-18,S005,P0006,32,20,0
2024-04-18,S005,P0007,63,20,0
2024-04-18,S005,P0008,36,20,0
2024-04-18,S005,P0009,63,20,0
2024-04-18,S005,P0010,31,20,0
2024-04-19,S001,P0001,101,20,0
2024-04-19,S001,P0002,88,20,0
2024-04-19,S001,P0003,47,20,0
2024-04-19,S001,P0004,55,20,0
2024-04-19,S001,P0005,28,20,0
2024-04-19,S001,P0006,116,20,0
2024-04-19,S001,P0007,102,20,0
2024-04-19,S001,P0008,23,20,0
2024-04-19,S001,P0009,105,20,0
2024-04-19,S001,P0010,46,20,0
2024-04-19,S002,P0001,105,20,0
2024-04-19,S002,P0002,46,20,0
2024-04-19,S002,P0003,53,20,0
2024-04-19,S002,P0004,72,20,0
2024-04-19,S002,P0005,97,20,0
2024-04-19,S002,P0006,72,20,0
2024-04-19,S002,P0007,98,20,0
2024-04-19,S002,P0008,117,20,0
2024-04-19,S002,P0009,100,20,0
2024-04-19,S002,P0010,114,20,0
2024-04-19,S003,P0001,20,20,0
2024-04-19,S003,P0002,108,20,0
2024-04-19,S003,P0003,32,20,0
2024-04-19,S003,P0004,51,20,0
2024-04-19,S003,P0005,31,20,0
2024-04-19,S003,P0006,117,20,0
2024-04-19,S003,P0007,62,20,0
2024-04-19,S003,P0008,67,20,0
2024-04-19,S003,P0009,91,20,0
2024-04-19,S003,P0010,47,20,0
2024-04-19,S004,P0001,100,20,0
2024-04-19,S004,P0002,107,20,0
2024-04-19,S004,P0003,42,20,0
2024-04-19,S004,P0004,66,20,0
2024-04-19,S004,P0005,35,20,0
2024-04-19,S004,P0006,107,20,0
2024-04-19,S004,P0007,82,20,0
2024-04-19,S004,P0008,58,20,0
2024-04-19,S004,P0009,73,20,0
2024-04-19,S004,P0010,119,20,0
2024-04-19,S005,P0001,41,20,0
2024-04-19,S005,P0002,117,20,0
2024-04-19,S005,P0003,34,20,0
2024-04-19,S005,P0004,77,20,0
2024-04-19,S005,P0005,37,20,0
2024-04-19,S005,P0006,32,20,0
2024-04-19,S005,P0007,63,20,0
2024-04-19,S005,P0008,35,20,0
2024-04-19,S005,P0009,61,20,0
2024-04-19,S005,P0010,29,20,0
2024-04-20,S001,P0001,99,20,0
2024-04-20,S001,P0002,86,20,0
2024-04-20,S001,P0003,47,20,0
2024-04-20,S001,P0004,55,20,0
2024-04-20,S001,P0005,27,20,0
2024-04-20,S001,P0006,115,20,0
2024-04-20,S001,P0007,99,20,0
2024-04-20,S001,P0008,119,20,0
2024-04-20,S001,P0009,102,20,0
2024-04-20,S001,P0010,44,20,0
2024-04-20,S002,P0001,104,20,0
2024-04-20,S002,P0002,45,20,0
2024-04-20,S002,P0003,52,20,0
2024-04-20,S002,P0004,71,20,0
2024-04-20,S002,P0005,94,20,0
2024-04-20,S002,P0006,72,20,0
2024-04-20,S002,P0007,96,20,0
2024-04-20,S002,P0008,116,20,0
2024-04-20,S002,P0009,99,20,0
2024-04-20,S002,P0010,114,20,0
2024-04-20,S003,P0001,20,20,0
2024-04-20,S003,P0002,107,20,0
2024-04-20,S003,P0003,29,20,0
2024-04-20,S003,P0004,50,20,0
2024-04-20,S003,P0005,27,20,0
2024-04-20,S003,P0006,117,20,0
2024-04-20,S003,P0007,60,20,0
2024-04-20,S003,P0008,63,20,0
2024-04-20,S003,P0009,89,20,0
2024-04-20,S003,P0010,45,20,0
2024-04-20,S004,P0001,100,20,0
2024-04-20,S004,P0002,105,20,0
2024-04-20,S004,P0003,41,20,0
2024-04-20,S004,P0004,64,20,0
2024-04-20,S004,P0005,29,20,0
2024-04-20,S004,P0006,106,20,0
2024-04-20,S004,P0007,82,20,0
2024-04-20,S004,P0008,58,20,0
2024-04-20,S004,P0009,71,20,0
2024-04-20,S004,P0010,119,20,0
2024-04-20,S005,P0001,40,20,0
2024-04-20,S005,P0002,115,20,0
2024-04-20,S005,P0003,31,20,0
2024-04-20,S005,P0004,75,20,0
2024-04-20,S005,P0005,37,20,0
2024-04-20,S005,P0006,31,20,0
2024-04-20,S005,P0007,63,20,0
2024-04-20,S005,P0008,33,20,0
2024-04-20,S005,P0009,58,20,0
2024-04-20,S005,P0010,29,20,0
2024-04-21,S001,P0001,99,20,0
2024-04-21,S001,P0002,85,20,0
2024-04-21,S001,P0003,46,20,0
2024-04-21,S001,P0004,54,20,0
2024-04-21,S001,P0005,25,20,0
2024-04-21,S001,P0006,114,20,0
2024-04-21,S001,P0007,98,20,0
2024-04-21,S001,P0008,118,20,0
2024-04-21,S001,P0009,101,20,0
2024-04-21,S001,P0010,44,20,0
2024-04-21,S002,P0001,104,20,0
2024-04-21,S002,P0002,44,20,0
2024-04-21,S002,P0003,52,20,0
2024-04-21,S002,P0004,70,20,0
2024-04-21,S002,P0005,90,20,0
2024-04-21,S002,P0006,72,20,0
2024-04-21,S002,P0007,95,20,0
2024-04-21,S002,P0008,113,20,0
2024-04-21,S002,P0009,97,20,0
2024-04-21,S002,P0010,114,20,0
2024-04-21,S003,P0001,115,20,0
2024-04-21,S003,P0002,105,20,0
2024-04-21,S003,P0003,28,20,0
2024-04-21,S003,P0004,50,20,0
2024-04-21,S003,P0005,24,20,0
2024-04-21,S003,P0006,116,20,0
2024-04-21,S003,P0007,60,20,0
2024-04-21,S003,P0008,63,20,0
2024-04-21,S003,P0009,88,20,0
2024-04-21,S003,P0010,45,20,0
2024-04-21,S004,P0001,97,20,0
2024-04-21,S004,P0002,105,20,0
2024-04-21,S004,P0003,40,20,0
2024-04-21,S004,P0004,63,20,0
2024-04-21,S004,P0005,25,20,0
2024-04-21,S004,P0006,106,20,0
2024-04-21,S004,P0007,81,20,0
2024-04-21,S004,P0008,58,20,0
2024-04-21,S004,P0009,70,20,0
2024-04-21,S004,P0010,118,20,0
2024-04-21,S005,P0001,37,20,0
2024-04-21,S005,P0002,112,20,0
2024-04-21,S005,P0003,31,20,0
2024-04-21,S005,P0004,75,20,0
2024-04-21,S005,P0005,33,20,0
2024-04-21,S005,P0006,30,20,0
2024-04-21,S005,P0007,63,20,0
2024-04-21,S005,P0008,31,20,0
2024-04-21,S005,P0009,55,20,0
2024-04-21,S005,P0010,27,20,0
2024-04-22,S001,P0001,98,20,0
2024-04-22,S001,P0002,82,20,0
2024-04-22,S001,P0003,46,20,0
2024-04-22,S001,P0004,54,20,0
2024-04-22,S001,P0005,25,20,0
2024-04-22,S001,P0006,114,20,0
2024-04-22,S001,P0007,98,20,0
2024-04-22,S001,P0008,117,20,0
2024-04-22,S001,P0009,99,20,0
2024-04-22,S001,P0010,43,20,0
2024-04-22,S002,P0001,103,20,0
2024-04-22,S002,P0002,43,20,0
2024-04-22,S002,P0003,51,20,0
2024-04-22,S002,P0004,68,20,0
2024-04-22,S002,P0005,86,20,0
2024-04-22,S002,P0006,71,20,0
2024-04-22,S002,P0007,93,20,0
2024-04-22,S002,P0008,112,20,0
2024-04-22,S002,P0009,97,20,0
2024-04-22,S002,P0010,112,20,0
2024-04-22,S003,P0001,113,20,0
2024-04-22,S003,P0002,104,20,0
2024-04-22,S003,P0003,27,20,0
2024-04-22,S003,P0004,50,20,0
2024-04-22,S003,P0005,22,20,0
2024-04-22,S003,P0006,116,20,0
2024-04-22,S003,P0007,59,20,0
2024-04-22,S003,P0008,62,20,0
2024-04-22,S003,P0009,86,20,0
2024-04-22,S003,P0010,44,20,0
2024-04-22,S004,P0001,97,20,0
2024-04-22,S004,P0002,102,20,0
2024-04-22,S004,P0003,39,20,0
2024-04-22,S004,P0004,62,20,0
2024-04-22,S004,P0005,20,20,0
2024-04-22,S004,P0006,104,20,0
2024-04-22,S004,P0007,80,20,0
2024-04-22,S004,P0008,58,20,0
2024-04-22,S004,P0009,69,20,0
2024-04-22,S004,P0010,117,20,0
2024-04-22,S005,P0001,35,20,0
2024-04-22,S005,P0002,110,20,0
2024-04-22,S005,P0003,30,20,0
2024-04-22,S005,P0004,75,20,0
2024-04-22,S005,P0005,32,20,0
2024-04-22,S005,P0006,30,20,0
2024-04-22,S005,P0007,62,20,0
2024-04-22,S005,P0008,30,20,0
2024-04-22,S005,P0009,53,20,0
2024-04-22,S005,P0010,27,20,0
2024-04-23,S001,P0001,96,20,0
2024-04-23,S001,P0002,81,20,0
2024-04-23,S001,P0003,45,20,0
2024-04-23,S001,P0004,53,20,0
2024-04-23,S001,P0005,21,20,0
2024-04-23,S001,P0006,113,20,0
2024-04-23,S001,P0007,96,20,0
2024-04-23,S001,P0008,116,20,0
2024-04-23,S001,P0009,93,20,0
2024-04-23,S001,P0010,41,20,0
2024-04-23,S002,P0001,101,20,0
2024-04-23,S002,P0002,42,20,0
2024-04-23,S002,P0003,50,20,0
2024-04-23,S002,P0004,67,20,0
2024-04-23,S002,P0005,83,20,0
2024-04-23,S002,P0006,71,20,0
2024-04-23,S002,P0007,93,20,0
2024-04-23,S002,P0008,112,20,0
2024-04-23,S002,P0009,95,20,0
2024-04-23,S002,P0010,112,20,0
2024-04-23,S003,P0001,113,20,0
2024-04-23,S003,P0002,102,20,0
2024-04-23,S003,P0003,24,20,0
2024-04-23,S003,P0004,47,20,0
2024-04-23,S003,P0005,119,20,0
2024-04-23,S003,P0006,115,20,0
2024-04-23,S003,P0007,59,20,0
2024-04-23,S003,P0008,62,20,0
2024-04-23,S003,P0009,83,20,0
2024-04-23,S003,P0010,41,20,0
2024-04-23,S004,P0001,97,20,0
2024-04-23,S004,P0002,101,20,0
2024-04-23,S004,P0003,37,20,0
2024-04-23,S004,P0004,59,20,0
2024-04-23,S004,P0005,119,20,0
2024-04-23,S004,P0006,102,20,0
2024-04-23,S004,P0007,79,20,0
2024-04-23,S004,P0008,56,20,0
2024-04-23,S004,P0009,68,20,0
2024-04-23,S004,P0010,116,20,0
2024-04-23,S005,P0001,33,20,0
2024-04-23,S005,P0002,110,20,0
2024-04-23,S005,P0003,29,20,0
2024-04-23,S005,P0004,73,20,0
2024-04-23,S005,P0005,30,20,0
2024-04-23,S005,P0006,29,20,0
2024-04-23,S005,P0007,61,20,0
2024-04-23,S005,P0008,29,20,0
2024-04-23,S005,P0009,52,20,0
2024-04-23,S005,P0010,26,20,0
2024-04-24,S001,P0001,95,20,0
2024-04-24,S001,P0002,80,20,0
2024-04-24,S001,P0003,41,20,0
2024-04-24,S001,P0004,50,20,0
2024-04-24,S001,P0005,119,20,0
2024-04-24,S001,P0006,112,20,0
2024-04-24,S001,P0007,96,20,0
2024-04-24,S001,P0008,116,20,0
2024-04-24,S001,P0009,91,20,0
2024-04-24,S001,P0010,41,20,0
2024-04-24,S002,P0001,100,20,0
2024-04-24,S002,P0002,42,20,0
2024-04-24,S002,P0003,48,20,0
2024-04-24,S002,P0004,66,20,0
2024-04-24,S002,P0005,78,20,0
2024-04-24,S002,P0006,70,20,0
2024-04-24,S002,P0007,93,20,0
2024-04-24,S002,P0008,112,20,0
2024-04-24,S002,P0009,95,20,0
2024-04-24,S002,P0010,112,20,0
2024-04-24,S003,P0001,110,20,0
2024-04-24,S003,P0002,101,20,0
2024-04-24,S003,P0003,22,20,0
2024-04-24,S003,P0004,45,20,0
2024-04-24,S003,P0005,119,20,0
2024-04-24,S003,P0006,115,20,0
2024-04-24,S003,P0007,59,20,0
2024-04-24,S003,P0008,62,20,0
2024-04-24,S003,P0009,80,20,0
2024-04-24,S003,P0010,40,20,0
2024-04-24,S004,P0001,95,20,0
2024-04-24,S004,P0002,100,20,0
2024-04-24,S004,P0003,36,20,0
2024-04-24,S004,P0004,58,20,0
2024-04-24,S004,P0005,115,20,0
2024-04-24,S004,P0006,101,20,0
2024-04-24,S004,P0007,78,20,0
2024-04-24,S004,P0008,55,20,0
2024-04-24,S004,P0009,67,20,0
2024-04-24,S004,P0010,114,20,0
2024-04-24,S005,P0001,32,20,0
2024-04-24,S005,P0002,110,20,0
2024-04-24,S005,P0003,29,20,0
2024-04-24,S005,P0004,73,20,0
2024-04-24,S005,P0005,27,20,0
2024-04-24,S005,P0006,29,20,0
2024-04-24,S005,P0007,59,20,0
2024-04-24,S005,P0008,28,20,0
2024-04-24,S005,P0009,50,20,0
2024-04-24,S005,P0010,25,20,0
2024-04-25,S001,P0001,92,20,0
2024-04-25,S001,P0002,79,20,0
2024-04-25,S001,P0003,40,20,0
2024-04-25,S001,P0004,50,20,0
2024-04-25,S001,P0005,117,20,0
2024-04-25,S001,P0006,112,20,0
2024-04-25,S001,P0007,96,20,0
2024-04-25,S001,P0008,115,20,0
2024-04-25,S001,P0009,89,20,0
2024-04-25,S001,P0010,40,20,0
2024-04-25,S002,P0001,99,20,0
2024-04-25,S002,P0002,42,20,0
2024-04-25,S002,P0003,47,20,0
2024-04-25,S002,P0004,66,20,0
2024-04-25,S002,P0005,76,20,0
2024-04-25,S002,P0006,70,20,0
2024-04-25,S002,P0007,93,20,0
2024-04-25,S002,P0008,111,20,0
2024-04-25,S002,P0009,93,20,0
2024-04-25,S002,P0010,111,20,0
2024-04-25,S003,P0001,108,20,0
2024-04-25,S003,P0002,98,20,0
2024-04-25,S003,P0003,20,20,0
2024-04-25,S003,P0004,45,20,0
2024-04-25,S003,P0005,118,20,0
2024-04-25,S003,P0006,115,20,0
2024-04-25,S003,P0007,57,20,0
2024-04-25,S003,P0008,62,20,0
2024-04-25,S003,P0009,78,20,0
2024-04-25,S003,P0010,38,20,0
2024-04-25,S004,P0001,92,20,0
2024-04-25,S004,P0002,99,20,0
2024-04-25,S004,P0003,36,20,0
2024-04-25,S004,P0004,58,20,0
2024-04-25,S004,P0005,114,20,0
2024-04-25,S004,P0006,100,20,0
2024-04-25,S004,P0007,76,20,0
2024-04-25,S004,P0008,55,20,0
2024-04-25,S004,P0009,67,20,0
2024-04-25,S004,P0010,111,20,0
2024-04-25,S005,P0001,30,20,0
2024-04-25,S005,P0002,110,20,0
2024-04-25,S005,P0003,28,20,0
2024-04-25,S005,P0004,72,20,0
2024-04-25,S005,P0005,20,20,0
2024-04-25,S005,P0006,29,20,0
2024-04-25,S005,P0007,59,20,0
2024-04-25,S005,P0008,26,20,0
2024-04-25,S005,P0009,49,20,0
2024-04-25,S005,P0010,25,20,0
2024-04-26,S001,P0001,89,20,0
2024-04-26,S001,P0002,77,20,0
2024-04-26,S001,P0003,40,20,0
2024-04-26,S001,P0004,48,20,0
2024-04-26,S001,P0005,116,20,0
2024-04-26,S001,P0006,110,20,0
2024-04-26,S001,P0007,95,20,0
2024-04-26,S001,P0008,114,20,0
2024-04-26,S001,P0009,86,20,0
2024-04-26,S001,P0010,39,20,0
2024-04-26,S002,P0001,98,20,0
2024-04-26,S002,P0002,41,20,0
2024-04-26,S002,P0003,46,20,0
2024-04-26,S002,P0004,64,20,0
2024-04-26,S002,P0005,75,20,0
2024-04-26,S002,P0006,70,20,0
2024-04-26,S002,P0007,93,20,0
2024-04-26,S002,P0008,110,20,0
2024-04-26,S002,P0009,90,20,0
2024-04-26,S002,P0010,109,20,0
2024-04-26,S003,P0001,107,20,0
2024-04-26,S003,P0002,97,20,0
2024-04-26,S003,P0003,116,20,0
2024-04-26,S003,P0004,45,20,0
2024-04-26,S003,P0005,115,20,0
2024-04-26,S003,P0006,115,20,0
2024-04-26,S003,P0007,57,20,0
2024-04-26,S003,P0008,61,20,0
2024-04-26,S003,P0009,77,20,0
2024-04-26,S003,P0010,35,20,0
2024-04-26,S004,P0001,92,20,0
2024-04-26,S004,P0002,98,20,0
2024-04-26,S004,P0003,36,20,0
2024-04-26,S004,P0004,56,20,0
2024-04-26,S004,P0005,111,20,0
2024-04-26,S004,P0006,98,20,0
2024-04-26,S004,P0007,76,20,0
2024-04-26,S004,P0008,53,20,0
2024-04-26,S004,P0009,66,20,0
2024-04-26,S004,P0010,109,20,0
2024-04-26,S005,P0001,30,20,0
2024-04-26,S005,P0002,108,20,0
2024-04-26,S005,P0003,26,20,0
2024-04-26,S005,P0004,72,20,0
2024-04-26,S005,P0005,118,20,0
2024-04-26,S005,P0006,27,20,0
2024-04-26,S005,P0007,56,20,0
2024-04-26,S005,P0008,24,20,0
2024-04-26,S005,P0009,45,20,0
2024-04-26,S005,P0010,25,20,0
2024-04-27,S001,P0001,88,20,0
2024-04-27,S001,P0002,75,20,0
2024-04-27,S001,P0003,38,20,0
2024-04-27,S001,P0004,45,20,0
2024-04-27,S001,P0005,115,20,0
2024-04-27,S001,P0006,110,20,0
2024-04-27,S001,P0007,93,20,0
2024-04-27,S001,P0008,114,20,0
2024-04-27,S001,P0009,84,20,0
2024-04-27,S001,P0010,36,20,0
2024-04-27,S002,P0001,96,20,0
2024-04-27,S002,P0002,39,20,0
2024-04-27,S002,P0003,44,20,0
2024-04-27,S002,P0004,64,20,0
2024-04-27,S002,P0005,73,20,0
2024-04-27,S002,P0006,69,20,0
2024-04-27,S002,P0007,92,20,0
2024-04-27,S002,P0008,109,20,0
2024-04-27,S002,P0009,90,20,0
2024-04-27,S002,P0010,108,20,0
2024-04-27,S003,P0001,107,20,0
2024-04-27,S003,P0002,96,20,0
2024-04-27,S003,P0003,115,20,0
2024-04-27,S003,P0004,45,20,0
2024-04-27,S003,P0005,110,20,0
2024-04-27,S003,P0006,113,20,0
2024-04-27,S003,P0007,57,20,0
2024-04-27,S003,P0008,58,20,0
2024-04-27,S003,P0009,71,20,0
2024-04-27,S003,P0010,35,20,0
2024-04-27,S004,P0001,92,20,0
2024-04-27,S004,P0002,95,20,0
2024-04-27,S004,P0003,35,20,0
2024-04-27,S004,P0004,54,20,0
2024-04-27,S004,P0005,109,20,0
2024-04-27,S004,P0006,98,20,0
2024-04-27,S004,P0007,75,20,0
2024-04-27,S004,P0008,51,20,0
2024-04-27,S004,P0009,62,20,0
2024-04-27,S004,P0010,108,20,0
2024-04-27,S005,P0001,28,20,0
2024-04-27,S005,P0002,107,20,0
2024-04-27,S005,P0003,25,20,0
2024-04-27,S005,P0004,71,20,0
2024-04-27,S005,P0005,115,20,0
2024-04-27,S005,P0006,27,20,0
2024-04-27,S005,P0007,56,20,0
2024-04-27,S005,P0008,23,20,0
2024-04-27,S005,P0009,45,20,0
2024-04-27,S005,P0010,21,20,0
2024-04-28,S001,P0001,86,20,0
2024-04-28,S001,P0002,74,20,0
2024-04-28,S001,P0003,37,20,0
2024-04-28,S001,P0004,44,20,0
2024-04-28,S001,P0005,114,20,0
2024-04-28,S001,P0006,109,20,0
2024-04-28,S001,P0007,92,20,0
2024-04-28,S001,P0008,114,20,0
2024-04-28,S001,P0009,81,20,0
2024-04-28,S001,P0010,35,20,0
2024-04-28,S002,P0001,95,20,0
2024-04-28,S002,P0002,37,20,0
2024-04-28,S002,P0003,42,20,0
2024-04-28,S002,P0004,62,20,0
2024-04-28,S002,P0005,71,20,0
2024-04-28,S002,P0006,69,20,0
2024-04-28,S002,P0007,90,20,0
2024-04-28,S002,P0008,108,20,0
2024-04-28,S002,P0009,89,20,0
2024-04-28,S002,P0010,106,20,0
2024-04-28,S003,P0001,106,20,0
2024-04-28,S003,P0002,93,20,0
2024-04-28,S003,P0003,114,20,0
2024-04-28,S003,P0004,44,20,0
2024-04-28,S003,P0005,108,20,0
2024-04-28,S003,P0006,113,20,0
2024-04-28,S003,P0007,57,20,0
2024-04-28,S003,P0008,57,20,0
2024-04-28,S003,P0009,70,20,0
2024-04-28,S003,P0010,34,20,0
2024-04-28,S004,P0001,90,20,0
2024-04-28,S004,P0002,94,20,0
2024-04-28,S004,P0003,34,20,0
2024-04-28,S004,P0004,53,20,0
2024-04-28,S004,P0005,108,20,0
2024-04-28,S004,P0006,97,20,0
2024-04-28,S004,P0007,75,20,0
2024-04-28,S004,P0008,51,20,0
2024-04-28,S004,P0009,61,20,0
2024-04-28,S004,P0010,107,20,0
2024-04-28,S005,P0001,27,20,0
2024-04-28,S005,P0002,106,20,0
2024-04-28,S005,P0003,25,20,0
2024-04-28,S005,P0004,71,20,0
2024-04-28,S005,P0005,115,20,0
2024-04-28,S005,P0006,27,20,0
2024-04-28,S005,P0007,54,20,0
2024-04-28,S005,P0008,23,20,0
2024-04-28,S005,P0009,42,20,0
2024-04-28,S005,P0010,119,20,0
2024-04-29,S001,P0001,83,20,0
2024-04-29,S001,P0002,74,20,0
2024-04-29,S001,P0003,35,20,0
2024-04-29,S001,P0004,43,20,0
2024-04-29,S001,P0005,112,20,0
2024-04-29,S001,P0006,109,20,0
2024-04-29,S001,P0007,90,20,0
2024-04-29,S001,P0008,114,20,0
2024-04-29,S001,P0009,79,20,0
2024-04-29,S001,P0010,33,20,0
2024-04-29,S002,P0001,94,20,0
2024-04-29,S002,P0002,33,20,0
2024-04-29,S002,P0003,39,20,0
2024-04-29,S002,P0004,62,20,0
2024-04-29,S002,P0005,69,20,0
2024-04-29,S002,P0006,68,20,0
2024-04-29,S002,P0007,89,20,0
2024-04-29,S002,P0008,107,20,0
2024-04-29,S002,P0009,85,20,0
2024-04-29,S002,P0010,106,20,0
2024-04-29,S003,P0001,105,20,0
2024-04-29,S003,P0002,91,20,0
2024-04-29,S003,P0003,114,20,0
2024-04-29,S003,P0004,43,20,0
2024-04-29,S003,P0005,107,20,0
2024-04-29,S003,P0006,113,20,0
2024-04-29,S003,P0007,57,20,0
2024-04-29,S003,P0008,55,20,0
2024-04-29,S003,P0009,70,20,0
2024-04-29,S003,P0010,32,20,0
2024-04-29,S004,P0001,88,20,0
2024-04-29,S004,P0002,93,20,0
2024-04-29,S004,P0003,34,20,0
2024-04-29,S004,P0004,53,20,0
2024-04-29,S004,P0005,107,20,0
2024-04-29,S004,P0006,96,20,0
2024-04-29,S004,P0007,74,20,0
2024-04-29,S004,P0008,48,20,0
2024-04-29,S004,P0009,60,20,0
2024-04-29,S004,P0010,106,20,0
2024-04-29,S005,P0001,27,20,0
2024-04-29,S005,P0002,106,20,0
2024-04-29,S005,P0003,24,20,0
2024-04-29,S005,P0004,69,20,0
2024-04-29,S005,P0005,113,20,0
2024-04-29,S005,P0006,25,20,0
2024-04-29,S005,P0007,53,20,0
2024-04-29,S005,P0008,23,20,0
2024-04-29,S005,P0009,41,20,0
2024-04-29,S005,P0010,119,20,0
2024-04-30,S001,P0001,83,20,0
2024-04-30,S001,P0002,70,20,0
2024-04-30,S001,P0003,34,20,0
2024-04-30,S001,P0004,43,20,0
2024-04-30,S001,P0005,110,20,0
2024-04-30,S001,P0006,108,20,0
2024-04-30,S001,P0007,88,20,0
2024-04-30,S001,P0008,113,20,0
2024-04-30,S001,P0009,78,20,0
2024-04-30,S001,P0010,29,20,0
2024-04-30,S002,P0001,92,20,0
2024-04-30,S002,P0002,33,20,0
2024-04-30,S002,P0003,36,20,0
2024-04-30,S002,P0004,61,20,0
2024-04-30,S002,P0005,66,20,0
2024-04-30,S002,P0006,68,20,0
2024-04-30,S002,P0007,88,20,0
2024-04-30,S002,P0008,105,20,0
2024-04-30,S002,P0009,82,20,0
2024-04-30,S002,P0010,104,20,0
2024-04-30,S003,P0001,105,20,0
2024-04-30,S003,P0002,90,20,0
2024-04-30,S003,P0003,112,20,0
2024-04-30,S003,P0004,42,20,0
2024-04-30,S003,P0005,106,20,0
2024-04-30,S003,P0006,113,20,0
2024-04-30,S003,P0007,56,20,0
2024-04-30,S003,P0008,51,20,0
2024-04-30,S003,P0009,68,20,0
2024-04-30,S003,P0010,32,20,0
2024-04-30,S004,P0001,87,20,0
2024-04-30,S004,P0002,90,20,0
2024-04-30,S004,P0003,34,20,0
2024-04-30,S004,P0004,52,20,0
2024-04-30,S004,P0005,105,20,0
2024-04-30,S004,P0006,96,20,0
2024-04-30,S004,P0007,74,20,0
2024-04-30,S004,P0008,44,20,0
2024-04-30,S004,P0009,58,20,0
2024-04-30,S004,P0010,106,20,0
2024-04-30,S005,P0001,27,20,0
2024-04-30,S005,P0002,105,20,0
2024-04-30,S005,P0003,23,20,0
2024-04-30,S005,P0004,69,20,0
2024-04-30,S005,P0005,109,20,0
2024-04-30,S005,P0006,25,20,0
2024-04-30,S005,P0007,53,20,0
2024-04-30,S005,P0008,21,20,0
2024-04-30,S005,P0009,41,20,0
2024-04-30,S005,P0010,117,20,0
2024-05-01,S001,P0001,82,20,0
2024-05-01,S001,P0002,69,20,0
2024-05-01,S001,P0003,33,20,0
2024-05-01,S001,P0004,43,20,0
2024-05-01,S001,P0005,106,20,0
2024-05-01,S001,P0006,107,20,0
2024-05-01,S001,P0007,86,20,0
2024-05-01,S001,P0008,112,20,0
2024-05-01,S001,P0009,78,20,0
2024-05-01,S001,P0010,28,20,0
2024-05-01,S002,P0001,89,20,0
2024-05-01,S002,P0002,30,20,0
2024-05-01,S002,P0003,35,20,0
2024-05-01,S002,P0004,60,20,0
2024-05-01,S002,P0005,63,20,0
2024-05-01,S002,P0006,67,20,0
2024-05-01,S002,P0007,86,20,0
2024-05-01,S002,P0008,104,20,0
2024-05-01,S002,P0009,82,20,0
2024-05-01,S002,P0010,103,20,0
2024-05-01,S003,P0001,104,20,0
2024-05-01,S003,P0002,87,20,0
2024-05-01,S003,P0003,112,20,0
2024-05-01,S003,P0004,40,20,0
2024-05-01,S003,P0005,106,20,0
2024-05-01,S003,P0006,112,20,0
2024-05-01,S003,P0007,55,20,0
2024-05-01,S003,P0008,49,20,0
2024-05-01,S003,P0009,68,20,0
2024-05-01,S003,P0010,30,20,0
2024-05-01,S004,P0001,85,20,0
2024-05-01,S004,P0002,87,20,0
2024-05-01,S004,P0003,31,20,0
2024-05-01,S004,P0004,51,20,0
2024-05-01,S004,P0005,105,20,0
2024-05-01,S004,P0006,96,20,0
2024-05-01,S004,P0007,74,20,0
2024-05-01,S004,P0008,42,20,0
2024-05-01,S004,P0009,56,20,0
2024-05-01,S004,P0010,106,20,0
2024-05-01,S005,P0001,24,20,0
2024-05-01,S005,P0002,103,20,0
2024-05-01,S005,P0003,22,20,0
2024-05-01,S005,P0004,65,20,0
2024-05-01,S005,P0005,107,20,0
2024-05-01,S005,P0006,25,20,0
2024-05-01,S005,P0007,52,20,0
2024-05-01,S005,P0008,21,20,0
2024-05-01,S005,P0009,37,20,0
2024-05-01,S005,P0010,115,20,0
2024-05-02,S001,P0001,79,20,0
2024-05-02,S001,P0002,69,20,0
2024-05-02,S001,P0003,32,20,0
2024-05-02,S001,P0004,43,20,0
2024-05-02,S001,P0005,103,20,0
2024-05-02,S001,P0006,105,20,0
2024-05-02,S001,P0007,85,20,0
2024-05-02,S001,P0008,112,20,0
2024-05-02,S001,P0009,76,20,0
2024-05-02,S001,P0010,27,20,0
2024-05-02,S002,P0001,86,20,0
2024-05-02,S002,P0002,30,20,0
2024-05-02,S002,P0003,34,20,0
2024-05-02,S002,P0004,58,20,0
2024-05-02,S002,P0005,62,20,0
2024-05-02,S002,P0006,66,20,0
2024-05-02,S002,P0007,85,20,0
2024-05-02,S002,P0008,104,20,0
2024-05-02,S002,P0009,78,20,0
2024-05-02,S002,P0010,103,20,0
2024-05-02,S003,P0001,104,20,0
2024-05-02,S003,P0002,83,20,0
2024-05-02,S003,P0003,109,20,0
2024-05-02,S003,P0004,37,20,0
2024-05-02,S003,P0005,101,20,0
2024-05-02,S003,P0006,112,20,0
2024-05-02,S003,P0007,55,20,0
2024-05-02,S003,P0008,49,20,0
2024-05-02,S003,P0009,67,20,0
2024-05-02,S003,P0010,30,20,0
2024-05-02,S004,P0001,83,20,0
2024-05-02,S004,P0002,85,20,0
2024-05-02,S004,P0003,30,20,0
2024-05-02,S004,P0004,51,20,0
2024-05-02,S004,P0005,102,20,0
2024-05-02,S004,P0006,94,20,0
2024-05-02,S004,P0007,74,20,0
2024-05-02,S004,P0008,42,20,0
2024-05-02,S004,P0009,53,20,0
2024-05-02,S004,P0010,106,20,0
2024-05-02,S005,P0001,22,20,0
2024-05-02,S005,P0002,101,20,0
2024-05-02,S005,P0003,119,20,0
2024-05-02,S005,P0004,64,20,0
2024-05-02,S005,P0005,106,20,0
2024-05-02,S005,P0006,25,20,0
2024-05-02,S005,P0007,51,20,0
2024-05-02,S005,P0008,117,20,0
2024-05-02,S005,P0009,36,20,0
2024-05-02,S005,P0010,111,20,0
2024-05-03,S001,P0001,75,20,0
2024-05-03,S001,P0002,68,20,0
2024-05-03,S001,P0003,32,20,0
2024-05-03,S001,P0004,42,20,0
2024-05-03,S001,P0005,100,20,0
2024-05-03,S001,P0006,105,20,0
2024-05-03,S001,P0007,84,20,0
2024-05-03,S001,P0008,111,20,0
2024-05-03,S001,P0009,75,20,0
2024-05-03,S001,P0010,27,20,0
2024-05-03,S002,P0001,86,20,0
2024-05-03,S002,P0002,26,20,0
2024-05-03,S002,P0003,34,20,0
2024-05-03,S002,P0004,58,20,0
2024-05-03,S002,P0005,59,20,0
2024-05-03,S002,P0006,66,20,0
2024-05-03,S002,P0007,85,20,0
2024-05-03,S002,P0008,104,20,0
2024-05-03,S002,P0009,74,20,0
2024-05-03,S002,P0010,101,20,0
2024-05-03,S003,P0001,103,20,0
2024-05-03,S003,P0002,83,20,0
2024-05-03,S003,P0003,109,20,0
2024-05-03,S003,P0004,36,20,0
2024-05-03,S003,P0005,99,20,0
2024-05-03,S003,P0006,111,20,0
2024-05-03,S003,P0007,55,20,0
2024-05-03,S003,P0008,49,20,0
2024-05-03,S003,P0009,66,20,0
2024-05-03,S003,P0010,30,20,0
2024-05-03,S004,P0001,83,20,0
2024-05-03,S004,P0002,83,20,0
2024-05-03,S004,P0003,30,20,0
2024-05-03,S004,P0004,49,20,0
2024-05-03,S004,P0005,99,20,0
2024-05-03,S004,P0006,93,20,0
2024-05-03,S004,P0007,74,20,0
2024-05-03,S004,P0008,40,20,0
2024-05-03,S004,P0009,52,20,0
2024-05-03,S004,P0010,105,20,0
2024-05-03,S005,P0001,119,20,0
2024-05-03,S005,P0002,101,20,0
2024-05-03,S005,P0003,118,20,0
2024-05-03,S005,P0004,63,20,0
2024-05-03,S005,P0005,102,20,0
2024-05-03,S005,P0006,24,20,0
2024-05-03,S005,P0007,49,20,0
2024-05-03,S005,P0008,114,20,0
2024-05-03,S005,P0009,33,20,0
2024-05-03,S005,P0010,110,20,0
2024-05-04,S001,P0001,75,20,0
2024-05-04,S001,P0002,68,20,0
2024-05-04,S001,P0003,31,20,0
2024-05-04,S001,P0004,41,20,0
2024-05-04,S001,P0005,99,20,0
2024-05-04,S001,P0006,101,20,0
2024-05-04,S001,P0007,84,20,0
2024-05-04,S001,P0008,111,20,0
2024-05-04,S001,P0009,75,20,0
2024-05-04,S001,P0010,24,20,0
2024-05-04,S002,P0001,85,20,0
2024-05-04,S002,P0002,26,20,0
2024-05-04,S002,P0003,32,20,0
2024-05-04,S002,P0004,58,20,0
2024-05-04,S002,P0005,56,20,0
2024-05-04,S002,P0006,66,20,0
2024-05-04,S002,P0007,84,20,0
2024-05-04,S002,P0008,103,20,0
2024-05-04,S002,P0009,74,20,0
2024-05-04,S002,P0010,100,20,0
2024-05-04,S003,P0001,101,20,0
2024-05-04,S003,P0002,81,20,0
2024-05-04,S003,P0003,108,20,0
2024-05-04,S003,P0004,34,20,0
2024-05-04,S003,P0005,99,20,0
2024-05-04,S003,P0006,111,20,0
2024-05-04,S003,P0007,55,20,0
2024-05-04,S003,P0008,48,20,0
2024-05-04,S003,P0009,62,20,0
2024-05-04,S003,P0010,29,20,0
2024-05-04,S004,P0001,82,20,0
2024-05-04,S004,P0002,83,20,0
2024-05-04,S004,P0003,26,20,0
2024-05-04,S004,P0004,48,20,0
2024-05-04,S004,P0005,96,20,0
2024-05-04,S004,P0006,91,20,0
2024-05-04,S004,P0007,72,20,0
2024-05-04,S004,P0008,38,20,0
2024-05-04,S004,P0009,51,20,0
2024-05-04,S004,P0010,104,20,0
2024-05-04,S005,P0001,118,20,0
2024-05-04,S005,P0002,101,20,0
2024-05-04,S005,P0003,118,20,0
2024-05-04,S005,P0004,63,20,0
2024-05-04,S005,P0005,101,20,0
2024-05-04,S005,P0006,23,20,0
2024-05-04,S005,P0007,48,20,0
2024-05-04,S005,P0008,112,20,0
2024-05-04,S005,P0009,32,20,0
2024-05-04,S005,P0010,110,20,0
2024-05-05,S001,P0001,74,20,0
2024-05-05,S001,P0002,67,20,0
2024-05-05,S001,P0003,31,20,0
2024-05-05,S001,P0004,41,20,0
2024-05-05,S001,P0005,97,20,0
2024-05-05,S001,P0006,101,20,0
2024-05-05,S001,P0007,83,20,0
2024-05-05,S001,P0008,107,20,0
2024-05-05,S001,P0009,75,20,0
2024-05-05,S001,P0010,23,20,0
2024-05-05,S002,P0001,83,20,0
2024-05-05,S002,P0002,25,20,0
2024-05-05,S002,P0003,31,20,0
2024-05-05,S002,P0004,58,20,0
2024-05-05,S002,P0005,55,20,0
2024-05-05,S002,P0006,66,20,0
2024-05-05,S002,P0007,83,20,0
2024-05-05,S002,P0008,102,20,0
2024-05-05,S002,P0009,72,20,0
2024-05-05,S002,P0010,100,20,0
2024-05-05,S003,P0001,98,20,0
2024-05-05,S003,P0002,81,20,0
2024-05-05,S003,P0003,106,20,0
2024-05-05,S003,P0004,34,20,0
2024-05-05,S003,P0005,97,20,0
2024-05-05,S003,P0006,110,20,0
2024-05-05,S003,P0007,55,20,0
2024-05-05,S003,P0008,48,20,0
2024-05-05,S003,P0009,59,20,0
2024-05-05,S003,P0010,27,20,0
2024-05-05,S004,P0001,81,20,0
2024-05-05,S004,P0002,83,20,0
2024-05-05,S004,P0003,24,20,0
2024-05-05,S004,P0004,46,20,0
2024-05-05,S004,P0005,94,20,0
2024-05-05,S004,P0006,90,20,0
2024-05-05,S004,P0007,72,20,0
2024-05-05,S004,P0008,37,20,0
2024-05-05,S004,P0009,49,20,0
2024-05-05,S004,P0010,102,20,0
2024-05-05,S005,P0001,116,20,0
2024-05-05,S005,P0002,99,20,0
2024-05-05,S005,P0003,118,20,0
2024-05-05,S005,P0004,61,20,0
2024-05-05,S005,P0005,100,20,0
2024-05-05,S005,P0006,22,20,0
2024-05-05,S005,P0007,48,20,0
2024-05-05,S005,P0008,112,20,0
2024-05-05,S005,P0009,28,20,0
2024-05-05,S005,P0010,107,20,0
2024-05-06,S001,P0001,74,20,0
2024-05-06,S001,P0002,66,20,0
2024-05-06,S001,P0003,28,20,0
2024-05-06,S001,P0004,39,20,0
2024-05-06,S001,P0005,94,20,0
2024-05-06,S001,P0006,101,20,0
2024-05-06,S001,P0007,83,20,0
2024-05-06,S001,P0008,106,20,0
2024-05-06,S001,P0009,71,20,0
2024-05-06,S001,P0010,20,20,0
2024-05-06,S002,P0001,80,20,0
2024-05-06,S002,P0002,23,20,0
2024-05-06,S002,P0003,30,20,0
2024-05-06,S002,P0004,58,20,0
2024-05-06,S002,P0005,52,20,0
2024-05-06,S002,P0006,66,20,0
2024-05-06,S002,P0007,83,20,0
2024-05-06,S002,P0008,102,20,0
2024-05-06,S002,P0009,72,20,0
2024-05-06,S002,P0010,98,20,0
2024-05-06,S003,P0001,95,20,0
2024-05-06,S003,P0002,81,20,0
2024-05-06,S003,P0003,104,20,0
2024-05-06,S003,P0004,34,20,0
2024-05-06,S003,P0005,95,20,0
2024-05-06,S003,P0006,110,20,0
2024-05-06,S003,P0007,53,20,0
2024-05-06,S003,P0008,48,20,0
2024-05-06,S003,P0009,57,20,0
2024-05-06,S003,P0010,25,20,0
2024-05-06,S004,P0001,78,20,0
2024-05-06,S004,P0002,81,20,0
2024-05-06,S004,P0003,23,20,0
2024-05-06,S004,P0004,43,20,0
2024-05-06,S004,P0005,92,20,0
2024-05-06,S004,P0006,89,20,0
2024-05-06,S004,P0007,72,20,0
2024-05-06,S004,P0008,35,20,0
2024-05-06,S004,P0009,48,20,0
2024-05-06,S004,P0010,102,20,0
2024-05-06,S005,P0001,115,20,0
2024-05-06,S005,P0002,98,20,0
2024-05-06,S005,P0003,117,20,0
2024-05-06,S005,P0004,59,20,0
2024-05-06,S005,P0005,97,20,0
2024-05-06,S005,P0006,22,20,0
2024-05-06,S005,P0007,48,20,0
2024-05-06,S005,P0008,110,20,0
2024-05-06,S005,P0009,25,20,0
2024-05-06,S005,P0010,105,20,0
2024-05-07,S001,P0001,73,20,0
2024-05-07,S001,P0002,65,20,0
2024-05-07,S001,P0003,23,20,0
2024-05-07,S001,P0004,39,20,0
2024-05-07,S001,P0005,90,20,0
2024-05-07,S001,P0006,99,20,0
2024-05-07,S001,P0007,83,20,0
2024-05-07,S001,P0008,106,20,0
2024-05-07,S001,P0009,70,20,0
2024-05-07,S001,P0010,119,20,0
2024-05-07,S002,P0001,80,20,0
2024-05-07,S002,P0002,22,20,0
2024-05-07,S002,P0003,28,20,0
2024-05-07,S002,P0004,58,20,0
2024-05-07,S002,P0005,48,20,0
2024-05-07,S002,P0006,65,20,0
2024-05-07,S002,P0007,82,20,0
2024-05-07,S002,P0008,101,20,0
2024-05-07,S002,P0009,69,20,0
2024-05-07,S002,P0010,97,20,0
2024-05-07,S003,P0001,94,20,0
2024-05-07,S003,P0002,78,20,0
2024-05-07,S003,P0003,102,20,0
2024-05-07,S003,P0004,34,20,0
2024-05-07,S003,P0005,94,20,0
2024-05-07,S003,P0006,109,20,0
2024-05-07,S003,P0007,52,20,0
2024-05-07,S003,P0008,47,20,0
2024-05-07,S003,P0009,53,20,0
2024-05-07,S003,P0010,23,20,0
2024-05-07,S004,P0001,76,20,0
2024-05-07,S004,P0002,81,20,0
2024-05-07,S004,P0003,20,20,0
2024-05-07,S004,P0004,41,20,0
2024-05-07,S004,P0005,91,20,0
2024-05-07,S004,P0006,89,20,0
2024-05-07,S004,P0007,71,20,0
2024-05-07,S004,P0008,34,20,0
2024-05-07,S004,P0009,46,20,0
2024-05-07,S004,P0010,101,20,0
2024-05-07,S005,P0001,113,20,0
2024-05-07,S005,P0002,96,20,0
2024-05-07,S005,P0003,117,20,0
2024-05-07,S005,P0004,59,20,0
2024-05-07,S005,P0005,93,20,0
2024-05-07,S005,P0006,22,20,0
2024-05-07,S005,P0007,48,20,0
2024-05-07,S005,P0008,109,20,0
2024-05-07,S005,P0009,24,20,0
2024-05-07,S005,P0010,104,20,0
2024-05-08,S001,P0001,71,20,0
2024-05-08,S001,P0002,63,20,0
2024-05-08,S001,P0003,22,20,0
2024-05-08,S001,P0004,37,20,0
2024-05-08,S001,P0005,89,20,0
2024-05-08,S001,P0006,99,20,0
2024-05-08,S001,P0007,81,20,0
2024-05-08,S001,P0008,106,20,0
2024-05-08,S001,P0009,68,20,0
2024-05-08,S001,P0010,119,20,0
2024-05-08,S002,P0001,79,20,0
2024-05-08,S002,P0002,20,20,0
2024-05-08,S002,P0003,28,20,0
2024-05-08,S002,P0004,56,20,0
2024-05-08,S002,P0005,47,20,0
2024-05-08,S002,P0006,64,20,0
2024-05-08,S002,P0007,80,20,0
2024-05-08,S002,P0008,99,20,0
2024-05-08,S002,P0009,67,20,0
2024-05-08,S002,P0010,97,20,0
2024-05-08,S003,P0001,94,20,0
2024-05-08,S003,P0002,78,20,0
2024-05-08,S003,P0003,101,20,0
2024-05-08,S003,P0004,34,20,0
2024-05-08,S003,P0005,93,20,0
2024-05-08,S003,P0006,109,20,0
2024-05-08,S003,P0007,50,20,0
2024-05-08,S003,P0008,46,20,0
2024-05-08,S003,P0009,50,20,0
2024-05-08,S003,P0010,22,20,0
2024-05-08,S004,P0001,76,20,0
2024-05-08,S004,P0002,79,20,0
2024-05-08,S004,P0003,119,20,0
2024-05-08,S004,P0004,41,20,0
2024-05-08,S004,P0005,91,20,0
2024-05-08,S004,P0006,89,20,0
2024-05-08,S004,P0007,71,20,0
2024-05-08,S004,P0008,33,20,0
2024-05-08,S004,P0009,44,20,0
2024-05-08,S004,P0010,100,20,0
2024-05-08,S005,P0001,111,20,0
2024-05-08,S005,P0002,95,20,0
2024-05-08,S005,P0003,115,20,0
2024-05-08,S005,P0004,58,20,0
2024-05-08,S005,P0005,88,20,0
2024-05-08,S005,P0006,22,20,0
2024-05-08,S005,P0007,46,20,0
2024-05-08,S005,P0008,108,20,0
2024-05-08,S005,P0009,23,20,0
2024-05-08,S005,P0010,104,20,0
2024-05-09,S001,P0001,70,20,0
2024-05-09,S001,P0002,60,20,0
2024-05-09,S001,P0003,22,20,0
2024-05-09,S001,P0004,37,20,0
2024-05-09,S001,P0005,87,20,0
2024-05-09,S001,P0006,96,20,0
2024-05-09,S001,P0007,81,20,0
2024-05-09,S001,P0008,106,20,0
2024-05-09,S001,P0009,67,20,0
2024-05-09,S001,P0010,117,20,0
2024-05-09,S002,P0001,78,20,0
2024-05-09,S002,P0002,118,20,0
2024-05-09,S002,P0003,26,20,0
2024-05-09,S002,P0004,54,20,0
2024-05-09,S002,P0005,46,20,0
2024-05-09,S002,P0006,63,20,0
2024-05-09,S002,P0007,78,20,0
2024-05-09,S002,P0008,99,20,0
2024-05-09,S002,P0009,66,20,0
2024-05-09,S002,P0010,94,20,0
2024-05-09,S003,P0001,93,20,0
2024-05-09,S003,P0002,76,20,0
2024-05-09,S003,P0003,99,20,0
2024-05-09,S003,P0004,31,20,0
2024-05-09,S003,P0005,91,20,0
2024-05-09,S003,P0006,109,20,0
2024-05-09,S003,P0007,50,20,0
2024-05-09,S003,P0008,44,20,0
2024-05-09,S003,P0009,47,20,0
2024-05-09,S003,P0010,22,20,0
2024-05-09,S004,P0001,73,20,0
2024-05-09,S004,P0002,77,20,0
2024-05-09,S004,P0003,117,20,0
2024-05-09,S004,P0004,41,20,0
2024-05-09,S004,P0005,88,20,0
2024-05-09,S004,P0006,87,20,0
2024-05-09,S004,P0007,70,20,0
2024-05-09,S004,P0008,33,20,0
2024-05-09,S004,P0009,44,20,0
2024-05-09,S004,P0010,96,20,0
2024-05-09,S005,P0001,110,20,0
2024-05-09,S005,P0002,93,20,0
2024-05-09,S005,P0003,115,20,0
2024-05-09,S005,P0004,56,20,0
2024-05-09,S005,P0005,84,20,0
2024-05-09,S005,P0006,21,20,0
2024-05-09,S005,P0007,44,20,0
2024-05-09,S005,P0008,106,20,0
2024-05-09,S005,P0009,22,20,0
2024-05-09,S005,P0010,101,20,0
2024-05-10,S001,P0001,70,20,0
2024-05-10,S001,P0002,56,20,0
2024-05-10,S001,P0003,22,20,0
2024-05-10,S001,P0004,36,20,0
2024-05-10,S001,P0005,86,20,0
2024-05-10,S001,P0006,95,20,0
2024-05-10,S001,P0007,79,20,0
2024-05-10,S001,P0008,104,20,0
2024-05-10,S001,P0009,66,20,0
2024-05-10,S001,P0010,116,20,0
2024-05-10,S002,P0001,76,20,0
2024-05-10,S002,P0002,116,20,0
2024-05-10,S002,P0003,26,20,0
2024-05-10,S002,P0004,52,20,0
2024-05-10,S002,P0005,45,20,0
2024-05-10,S002,P0006,63,20,0
2024-05-10,S002,P0007,77,20,0
2024-05-10,S002,P0008,98,20,0
2024-05-10,S002,P0009,66,20,0
2024-05-10,S002,P0010,93,20,0
2024-05-10,S003,P0001,92,20,0
2024-05-10,S003,P0002,75,20,0
2024-05-10,S003,P0003,98,20,0
2024-05-10,S003,P0004,30,20,0
2024-05-10,S003,P0005,88,20,0
2024-05-10,S003,P0006,109,20,0
2024-05-10,S003,P0007,47,20,0
2024-05-10,S003,P0008,42,20,0
2024-05-10,S003,P0009,47,20,0
2024-05-10,S003,P0010,22,20,0
2024-05-10,S004,P0001,72,20,0
2024-05-10,S004,P0002,73,20,0
2024-05-10,S004,P0003,115,20,0
2024-05-10,S004,P0004,41,20,0
2024-05-10,S004,P0005,85,20,0
2024-05-10,S004,P0006,86,20,0
2024-05-10,S004,P0007,69,20,0
2024-05-10,S004,P0008,32,20,0
2024-05-10,S004,P0009,43,20,0
2024-05-10,S004,P0010,93,20,0
2024-05-10,S005,P0001,109,20,0
2024-05-10,S005,P0002,92,20,0
2024-05-10,S005,P0003,114,20,0
2024-05-10,S005,P0004,56,20,0
2024-05-10,S005,P0005,83,20,0
2024-05-10,S005,P0006,119,20,0
2024-05-10,S005,P0007,43,20,0
2024-05-10,S005,P0008,106,20,0
2024-05-10,S005,P0009,117,20,0
2024-05-10,S005,P0010,101,20,0
2024-05-11,S001,P0001,68,20,0
2024-05-11,S001,P0002,54,20,0
2024-05-11,S001,P0003,20,20,0
2024-05-11,S001,P0004,36,20,0
2024-05-11,S001,P0005,86,20,0
2024-05-11,S001,P0006,95,20,0
2024-05-11,S001,P0007,78,20,0
2024-05-11,S001,P0008,104,20,0
2024-05-11,S001,P0009,65,20,0
2024-05-11,S001,P0010,114,20,0
2024-05-11,S002,P0001,76,20,0
2024-05-11,S002,P0002,115,20,0
2024-05-11,S002,P0003,25,20,0
2024-05-11,S002,P0004,51,20,0
2024-05-11,S002,P0005,44,20,0
2024-05-11,S002,P0006,62,20,0
2024-05-11,S002,P0007,76,20,0
2024-05-11,S002,P0008,93,20,0
2024-05-11,S002,P0009,63,20,0
2024-05-11,S002,P0010,92,20,0
2024-05-11,S003,P0001,90,20,0
2024-05-11,S003,P0002,74,20,0
2024-05-11,S003,P0003,98,20,0
2024-05-11,S003,P0004,30,20,0
2024-05-11,S003,P0005,86,20,0
2024-05-11,S003,P0006,108,20,0
2024-05-11,S003,P0007,45,20,0
2024-05-11,S003,P0008,42,20,0
2024-05-11,S003,P0009,46,20,0
2024-05-11,S003,P0010,22,20,0
2024-05-11,S004,P0001,71,20,0
2024-05-11,S004,P0002,73,20,0
2024-05-11,S004,P0003,115,20,0
2024-05-11,S004,P0004,41,20,0
2024-05-11,S004,P0005,83,20,0
2024-05-11,S004,P0006,86,20,0
2024-05-11,S004,P0007,69,20,0
2024-05-11,S004,P0008,31,20,0
2024-05-11,S004,P0009,42,20,0
2024-05-11,S004,P0010,93,20,0
2024-05-11,S005,P0001,109,20,0
2024-05-11,S005,P0002,91,20,0
2024-05-11,S005,P0003,112,20,0
2024-05-11,S005,P0004,55,20,0
2024-05-11,S005,P0005,82,20,0
2024-05-11,S005,P0006,119,20,0
2024-05-11,S005,P0007,41,20,0
2024-05-11,S005,P0008,103,20,0
2024-05-11,S005,P0009,114,20,0
2024-05-11,S005,P0010,100,20,0
2024-05-12,S001,P0001,66,20,0
2024-05-12,S001,P0002,53,20,0
2024-05-12,S001,P0003,117,20,0
2024-05-12,S001,P0004,34,20,0
2024-05-12,S001,P0005,85,20,0
2024-05-12,S001,P0006,95,20,0
2024-05-12,S001,P0007,77,20,0
2024-05-12,S001,P0008,101,20,0
2024-05-12,S001,P0009,62,20,0
2024-05-12,S001,P0010,113,20,0
2024-05-12,S002,P0001,72,20,0
2024-05-12,S002,P0002,114,20,0
2024-05-12,S002,P0003,24,20,0
2024-05-12,S002,P0004,51,20,0
2024-05-12,S002,P0005,40,20,0
2024-05-12,S002,P0006,62,20,0
2024-05-12,S002,P0007,75,20,0
2024-05-12,S002,P0008,92,20,0
2024-05-12,S002,P0009,62,20,0
2024-05-12,S002,P0010,90,20,0
2024-05-12,S003,P0001,90,20,0
2024-05-12,S003,P0002,73,20,0
2024-05-12,S003,P0003,97,20,0
2024-05-12,S003,P0004,28,20,0
2024-05-12,S003,P0005,84,20,0
2024-05-12,S003,P0006,108,20,0
2024-05-12,S003,P0007,44,20,0
2024-05-12,S003,P0008,42,20,0
2024-05-12,S003,P0009,43,20,0
2024-05-12,S003,P0010,119,20,0
2024-05-12,S004,P0001,69,20,0
2024-05-12,S004,P0002,73,20,0
2024-05-12,S004,P0003,115,20,0
2024-05-12,S004,P0004,40,20,0
2024-05-12,S004,P0005,81,20,0
2024-05-12,S004,P0006,85,20,0
2024-05-12,S004,P0007,68,20,0
2024-05-12,S004,P0008,30,20,0
2024-05-12,S004,P0009,41,20,0
2024-05-12,S004,P0010,93,20,0
2024-05-12,S005,P0001,109,20,0
2024-05-12,S005,P0002,91,20,0
2024-05-12,S005,P0003,112,20,0
2024-05-12,S005,P0004,54,20,0
2024-05-12,S005,P0005,81,20,0
2024-05-12,S005,P0006,119,20,0
2024-05-12,S005,P0007,39,20,0
2024-05-12,S005,P0008,103,20,0
2024-05-12,S005,P0009,112,20,0
2024-05-12,S005,P0010,100,20,0
2024-05-13,S001,P0001,66,20,0
2024-05-13,S001,P0002,51,20,0
2024-05-13,S001,P0003,117,20,0
2024-05-13,S001,P0004,32,20,0
2024-05-13,S001,P0005,81,20,0
2024-05-13,S001,P0006,95,20,0
2024-05-13,S001,P0007,77,20,0
2024-05-13,S001,P0008,100,20,0
2024-05-13,S001,P0009,61,20,0
2024-05-13,S001,P0010,107,20,0
2024-05-13,S002,P0001,72,20,0
2024-05-13,S002,P0002,112,20,0
2024-05-13,S002,P0003,24,20,0
2024-05-13,S002,P0004,48,20,0
2024-05-13,S002,P0005,38,20,0
2024-05-13,S002,P0006,61,20,0
2024-05-13,S002,P0007,75,20,0
2024-05-13,S002,P0008,90,20,0
2024-05-13,S002,P0009,62,20,0
2024-05-13,S002,P0010,89,20,0
2024-05-13,S003,P0001,89,20,0
2024-05-13,S003,P0002,72,20,0
2024-05-13,S003,P0003,95,20,0
2024-05-13,S003,P0004,28,20,0
2024-05-13,S003,P0005,83,20,0
2024-05-13,S003,P0006,107,20,0
2024-05-13,S003,P0007,42,20,0
2024-05-13,S003,P0008,41,20,0
2024-05-13,S003,P0009,42,20,0
2024-05-13,S003,P0010,118,20,0
2024-05-13,S004,P0001,66,20,0
2024-05-13,S004,P0002,72,20,0
2024-05-13,S004,P0003,115,20,0
2024-05-13,S004,P0004,39,20,0
2024-05-13,S004,P0005,81,20,0
2024-05-13,S004,P0006,84,20,0
2024-05-13,S004,P0007,67,20,0
2024-05-13,S004,P0008,30,20,0
2024-05-13,S004,P0009,40,20,0
2024-05-13,S004,P0010,93,20,0
2024-05-13,S005,P0001,107,20,0
2024-05-13,S005,P0002,88,20,0
2024-05-13,S005,P0003,112,20,0
2024-05-13,S005,P0004,53,20,0
2024-05-13,S005,P0005,78,20,0
2024-05-13,S005,P0006,119,20,0
2024-05-13,S005,P0007,38,20,0
2024-05-13,S005,P0008,101,20,0
2024-05-13,S005,P0009,112,20,0
2024-05-13,S005,P0010,99,20,0
2024-05-14,S001,P0001,65,20,0
2024-05-14,S001,P0002,49,20,0
2024-05-14,S001,P0003,116,20,0
2024-05-14,S001,P0004,32,20,0
2024-05-14,S001,P0005,79,20,0
2024-05-14,S001,P0006,95,20,0
2024-05-14,S001,P0007,77,20,0
2024-05-14,S001,P0008,100,20,0
2024-05-14,S001,P0009,61,20,0
2024-05-14,S001,P0010,106,20,0
2024-05-14,S002,P0001,72,20,0
2024-05-14,S002,P0002,111,20,0
2024-05-14,S002,P0003,23,20,0
2024-05-14,S002,P0004,48,20,0
2024-05-14,S002,P0005,35,20,0
2024-05-14,S002,P0006,60,20,0
2024-05-14,S002,P0007,75,20,0
2024-05-14,S002,P0008,90,20,0
2024-05-14,S002,P0009,62,20,0
2024-05-14,S002,P0010,89,20,0
2024-05-14,S003,P0001,87,20,0
2024-05-14,S003,P0002,70,20,0
2024-05-14,S003,P0003,94,20,0
2024-05-14,S003,P0004,27,20,0
2024-05-14,S003,P0005,82,20,0
2024-05-14,S003,P0006,106,20,0
2024-05-14,S003,P0007,41,20,0
2024-05-14,S003,P0008,38,20,0
2024-05-14,S003,P0009,42,20,0
2024-05-14,S003,P0010,117,20,0
2024-05-14,S004,P0001,63,20,0
2024-05-14,S004,P0002,72,20,0
2024-05-14,S004,P0003,113,20,0
2024-05-14,S004,P0004,37,20,0
2024-05-14,S004,P0005,81,20,0
2024-05-14,S004,P0006,84,20,0
2024-05-14,S004,P0007,66,20,0
2024-05-14,S004,P0008,27,20,0
2024-05-14,S004,P0009,39,20,0
2024-05-14,S004,P0010,93,20,0
2024-05-14,S005,P0001,106,20,0
2024-05-14,S005,P0002,87,20,0
2024-05-14,S005,P0003,110,20,0
2024-05-14,S005,P0004,51,20,0
2024-05-14,S005,P0005,75,20,0
2024-05-14,S005,P0006,118,20,0
2024-05-14,S005,P0007,38,20,0
2024-05-14,S005,P0008,98,20,0
2024-05-14,S005,P0009,110,20,0
2024-05-14,S005,P0010,99,20,0
2024-05-15,S001,P0001,64,20,0
2024-05-15,S001,P0002,46,20,0
2024-05-15,S001,P0003,115,20,0
2024-05-15,S001,P0004,31,20,0
2024-05-15,S001,P0005,78,20,0
2024-05-15,S001,P0006,94,20,0
2024-05-15,S001,P0007,76,20,0
2024-05-15,S001,P0008,98,20,0
2024-05-15,S001,P0009,61,20,0
2024-05-15,S001,P0010,106,20,0
2024-05-15,S002,P0001,70,20,0
2024-05-15,S002,P0002,109,20,0
2024-05-15,S002,P0003,22,20,0
2024-05-15,S002,P0004,48,20,0
2024-05-15,S002,P0005,35,20,0
2024-05-15,S002,P0006,60,20,0
2024-05-15,S002,P0007,74,20,0
2024-05-15,S002,P0008,89,20,0
2024-05-15,S002,P0009,60,20,0
2024-05-15,S002,P0010,87,20,0
2024-05-15,S003,P0001,86,20,0
2024-05-15,S003,P0002,68,20,0
2024-05-15,S003,P0003,91,20,0
2024-05-15,S003,P0004,26,20,0
2024-05-15,S003,P0005,76,20,0
2024-05-15,S003,P0006,106,20,0
2024-05-15,S003,P0007,40,20,0
2024-05-15,S003,P0008,34,20,0
2024-05-15,S003,P0009,40,20,0
2024-05-15,S003,P0010,116,20,0
2024-05-15,S004,P0001,63,20,0
2024-05-15,S004,P0002,72,20,0
2024-05-15,S004,P0003,113,20,0
2024-05-15,S004,P0004,34,20,0
2024-05-15,S004,P0005,78,20,0
2024-05-15,S004,P0006,84,20,0
2024-05-15,S004,P0007,63,20,0
2024-05-15,S004,P0008,26,20,0
2024-05-15,S004,P0009,37,20,0
2024-05-15,S004,P0010,92,20,0
2024-05-15,S005,P0001,104,20,0
2024-05-15,S005,P0002,85,20,0
2024-05-15,S005,P0003,110,20,0
2024-05-15,S005,P0004,50,20,0
2024-05-15,S005,P0005,74,20,0
2024-05-15,S005,P0006,118,20,0
2024-05-15,S005,P0007,37,20,0
2024-05-15,S005,P0008,97,20,0
2024-05-15,S005,P0009,107,20,0
2024-05-15,S005,P0010,97,20,0
2024-05-16,S001,P0001,63,20,0
2024-05-16,S001,P0002,44,20,0
2024-05-16,S001,P0003,114,20,0
2024-05-16,S001,P0004,30,20,0
2024-05-16,S001,P0005,77,20,0
2024-05-16,S001,P0006,93,20,0
2024-05-16,S001,P0007,76,20,0
2024-05-16,S001,P0008,97,20,0
2024-05-16,S001,P0009,57,20,0
2024-05-16,S001,P0010,105,20,0
2024-05-16,S002,P0001,70,20,0
2024-05-16,S002,P0002,108,20,0
2024-05-16,S002,P0003,21,20,0
2024-05-16,S002,P0004,47,20,0
2024-05-16,S002,P0005,32,20,0
2024-05-16,S002,P0006,60,20,0
2024-05-16,S002,P0007,73,20,0
2024-05-16,S002,P0008,88,20,0
2024-05-16,S002,P0009,58,20,0
2024-05-16,S002,P0010,83,20,0
2024-05-16,S003,P0001,86,20,0
2024-05-16,S003,P0002,66,20,0
2024-05-16,S003,P0003,90,20,0
2024-05-16,S003,P0004,26,20,0
2024-05-16,S003,P0005,72,20,0
2024-05-16,S003,P0006,105,20,0
2024-05-16,S003,P0007,40,20,0
2024-05-16,S003,P0008,32,20,0
2024-05-16,S003,P0009,36,20,0
2024-05-16,S003,P0010,115,20,0
2024-05-16,S004,P0001,61,20,0
2024-05-16,S004,P0002,72,20,0
2024-05-16,S004,P0003,112,20,0
2024-05-16,S004,P0004,32,20,0
2024-05-16,S004,P0005,76,20,0
2024-05-16,S004,P0006,83,20,0
2024-05-16,S004,P0007,62,20,0
2024-05-16,S004,P0008,25,20,0
2024-05-16,S004,P0009,34,20,0
2024-05-16,S004,P0010,90,20,0
2024-05-16,S005,P0001,102,20,0
2024-05-16,S005,P0002,84,20,0
2024-05-16,S005,P0003,109,20,0
2024-05-16,S005,P0004,49,20,0
2024-05-16,S005,P0005,69,20,0
2024-05-16,S005,P0006,116,20,0
2024-05-16,S005,P0007,37,20,0
2024-05-16,S005,P0008,96,20,0
2024-05-16,S005,P0009,106,20,0
2024-05-16,S005,P0010,95,20,0
2024-05-17,S001,P0001,63,20,0
2024-05-17,S001,P0002,41,20,0
2024-05-17,S001,P0003,113,20,0
2024-05-17,S001,P0004,30,20,0
2024-05-17,S001,P0005,76,20,0
2024-05-17,S001,P0006,92,20,0
2024-05-17,S001,P0007,76,20,0
2024-05-17,S001,P0008,96,20,0
2024-05-17,S001,P0009,57,20,0
2024-05-17,S001,P0010,104,20,0
2024-05-17,S002,P0001,68,20,0
2024-05-17,S002,P0002,106,20,0
2024-05-17,S002,P0003,119,20,0
2024-05-17,S002,P0004,45,20,0
2024-05-17,S002,P0005,30,20,0
2024-05-17,S002,P0006,60,20,0
2024-05-17,S002,P0007,73,20,0
2024-05-17,S002,P0008,88,20,0
2024-05-17,S002,P0009,55,20,0
2024-05-17,S002,P0010,81,20,0
2024-05-17,S003,P0001,86,20,0
2024-05-17,S003,P0002,65,20,0
2024-05-17,S003,P0003,89,20,0
2024-05-17,S003,P0004,25,20,0
2024-05-17,S003,P0005,71,20,0
2024-05-17,S003,P0006,105,20,0
2024-05-17,S003,P0007,39,20,0
2024-05-17,S003,P0008,29,20,0
2024-05-17,S003,P0009,35,20,0
2024-05-17,S003,P0010,114,20,0
2024-05-17,S004,P0001,60,20,0
2024-05-17,S004,P0002,69,20,0
2024-05-17,S004,P0003,111,20,0
2024-05-17,S004,P0004,30,20,0
2024-05-17,S004,P0005,74,20,0
2024-05-17,S004,P0006,83,20,0
2024-05-17,S004,P0007,61,20,0
2024-05-17,S004,P0008,24,20,0
2024-05-17,S004,P0009,32,20,0
2024-05-17,S004,P0010,90,20,0
2024-05-17,S005,P0001,102,20,0
2024-05-17,S005,P0002,80,20,0
2024-05-17,S005,P0003,107,20,0
2024-05-17,S005,P0004,49,20,0
2024-05-17,S005,P0005,65,20,0
2024-05-17,S005,P0006,115,20,0
2024-05-17,S005,P0007,36,20,0
2024-05-17,S005,P0008,95,20,0
2024-05-17,S005,P0009,106,20,0
2024-05-17,S005,P0010,94,20,0
2024-05-18,S001,P0001,61,20,0
2024-05-18,S001,P0002,41,20,0
2024-05-18,S001,P0003,110,20,0
2024-05-18,S001,P0004,30,20,0
2024-05-18,S001,P0005,75,20,0
2024-05-18,S001,P0006,91,20,0
2024-05-18,S001,P0007,76,20,0
2024-05-18,S001,P0008,94,20,0
2024-05-18,S001,P0009,54,20,0
2024-05-18,S001,P0010,103,20,0
2024-05-18,S002,P0001,68,20,0
2024-05-18,S002,P0002,106,20,0
2024-05-18,S002,P0003,117,20,0
2024-05-18,S002,P0004,45,20,0
2024-05-18,S002,P0005,28,20,0
2024-05-18,S002,P0006,59,20,0
2024-05-18,S002,P0007,73,20,0
2024-05-18,S002,P0008,84,20,0
2024-05-18,S002,P0009,52,20,0
2024-05-18,S002,P0010,79,20,0
2024-05-18,S003,P0001,82,20,0
2024-05-18,S003,P0002,63,20,0
2024-05-18,S003,P0003,89,20,0
2024-05-18,S003,P0004,24,20,0
2024-05-18,S003,P0005,67,20,0
2024-05-18,S003,P0006,104,20,0
2024-05-18,S003,P0007,38,20,0
2024-05-18,S003,P0008,29,20,0
2024-05-18,S003,P0009,34,20,0
2024-05-18,S003,P0010,111,20,0
2024-05-18,S004,P0001,58,20,0
2024-05-18,S004,P0002,68,20,0
2024-05-18,S004,P0003,110,20,0
2024-05-18,S004,P0004,25,20,0
2024-05-18,S004,P0005,69,20,0
2024-05-18,S004,P0006,83,20,0
2024-05-18,S004,P0007,59,20,0
2024-05-18,S004,P0008,21,20,0
2024-05-18,S004,P0009,31,20,0
2024-05-18,S004,P0010,90,20,0
2024-05-18,S005,P0001,99,20,0
2024-05-18,S005,P0002,79,20,0
2024-05-18,S005,P0003,106,20,0
2024-05-18,S005,P0004,47,20,0
2024-05-18,S005,P0005,62,20,0
2024-05-18,S005,P0006,115,20,0
2024-05-18,S005,P0007,35,20,0
2024-05-18,S005,P0008,93,20,0
2024-05-18,S005,P0009,103,20,0
2024-05-18,S005,P0010,93,20,0
2024-05-19,S001,P0001,60,20,0
2024-05-19,S001,P0002,40,20,0
2024-05-19,S001,P0003,110,20,0
2024-05-19,S001,P0004,29,20,0
2024-05-19,S001,P0005,73,20,0
2024-05-19,S001,P0006,91,20,0
2024-05-19,S001,P0007,76,20,0
2024-05-19,S001,P0008,93,20,0
2024-05-19,S001,P0009,53,20,0
2024-05-19,S001,P0010,101,20,0
2024-05-19,S002,P0001,65,20,0
2024-05-19,S002,P0002,105,20,0
2024-05-19,S002,P0003,116,20,0
2024-05-19,S002,P0004,44,20,0
2024-05-19,S002,P0005,23,20,0
2024-05-19,S002,P0006,59,20,0
2024-05-19,S002,P0007,70,20,0
2024-05-19,S002,P0008,80,20,0
2024-05-19,S002,P0009,49,20,0
2024-05-19,S002,P0010,77,20,0
2024-05-19,S003,P0001,77,20,0
2024-05-19,S003,P0002,59,20,0
2024-05-19,S003,P0003,87,20,0
2024-05-19,S003,P0004,23,20,0
2024-05-19,S003,P0005,63,20,0
2024-05-19,S003,P0006,104,20,0
2024-05-19,S003,P0007,37,20,0
2024-05-19,S003,P0008,26,20,0
2024-05-19,S003,P0009,34,20,0
2024-05-19,S003,P0010,110,20,0
2024-05-19,S004,P0001,57,20,0
2024-05-19,S004,P0002,65,20,0
2024-05-19,S004,P0003,108,20,0
2024-05-19,S004,P0004,24,20,0
2024-05-19,S004,P0005,67,20,0
2024-05-19,S004,P0006,82,20,0
2024-05-19,S004,P0007,58,20,0
2024-05-19,S004,P0008,117,20,0
2024-05-19,S004,P0009,29,20,0
2024-05-19,S004,P0010,90,20,0
2024-05-19,S005,P0001,97,20,0
2024-05-19,S005,P0002,79,20,0
2024-05-19,S005,P0003,105,20,0
2024-05-19,S005,P0004,45,20,0
2024-05-19,S005,P0005,59,20,0
2024-05-19,S005,P0006,113,20,0
2024-05-19,S005,P0007,35,20,0
2024-05-19,S005,P0008,88,20,0
2024-05-19,S005,P0009,100,20,0
2024-05-19,S005,P0010,90,20,0
2024-05-20,S001,P0001,60,20,0
2024-05-20,S001,P0002,40,20,0
2024-05-20,S001,P0003,109,20,0
2024-05-20,S001,P0004,29,20,0
2024-05-20,S001,P0005,71,20,0
2024-05-20,S001,P0006,90,20,0
2024-05-20,S001,P0007,74,20,0
2024-05-20,S001,P0008,93,20,0
2024-05-20,S001,P0009,51,20,0
2024-05-20,S001,P0010,98,20,0
2024-05-20,S002,P0001,63,20,0
2024-05-20,S002,P0002,101,20,0
2024-05-20,S002,P0003,115,20,0
2024-05-20,S002,P0004,43,20,0
2024-05-20,S002,P0005,119,20,0
2024-05-20,S002,P0006,58,20,0
2024-05-20,S002,P0007,69,20,0
2024-05-20,S002,P0008,78,20,0
2024-05-20,S002,P0009,47,20,0
2024-05-20,S002,P0010,76,20,0
2024-05-20,S003,P0001,76,20,0
2024-05-20,S003,P0002,57,20,0
2024-05-20,S003,P0003,87,20,0
2024-05-20,S003,P0004,23,20,0
2024-05-20,S003,P0005,62,20,0
2024-05-20,S003,P0006,103,20,0
2024-05-20,S003,P0007,36,20,0
2024-05-20,S003,P0008,26,20,0
2024-05-20,S003,P0009,32,20,0
2024-05-20,S003,P0010,109,20,0
2024-05-20,S004,P0001,56,20,0
2024-05-20,S004,P0002,63,20,0
2024-05-20,S004,P0003,103,20,0
2024-05-20,S004,P0004,22,20,0
2024-05-20,S004,P0005,64,20,0
2024-05-20,S004,P0006,82,20,0
2024-05-20,S004,P0007,56,20,0
2024-05-20,S004,P0008,115,20,0
2024-05-20,S004,P0009,25,20,0
2024-05-20,S004,P0010,88,20,0
2024-05-20,S005,P0001,95,20,0
2024-05-20,S005,P0002,78,20,0
2024-05-20,S005,P0003,103,20,0
2024-05-20,S005,P0004,44,20,0
2024-05-20,S005,P0005,57,20,0
2024-05-20,S005,P0006,113,20,0
2024-05-20,S005,P0007,34,20,0
2024-05-20,S005,P0008,88,20,0
2024-05-20,S005,P0009,96,20,0
2024-05-20,S005,P0010,89,20,0
2024-05-21,S001,P0001,59,20,0
2024-05-21,S001,P0002,39,20,0
2024-05-21,S001,P0003,106,20,0
2024-05-21,S001,P0004,28,20,0
2024-05-21,S001,P0005,69,20,0
2024-05-21,S001,P0006,90,20,0
2024-05-21,S001,P0007,74,20,0
2024-05-21,S001,P0008,91,20,0
2024-05-21,S001,P0009,50,20,0
2024-05-21,S001,P0010,97,20,0
2024-05-21,S002,P0001,62,20,0
2024-05-21,S002,P0002,101,20,0
2024-05-21,S002,P0003,114,20,0
2024-05-21,S002,P0004,41,20,0
2024-05-21,S002,P0005,117,20,0
2024-05-21,S002,P0006,57,20,0
2024-05-21,S002,P0007,68,20,0
2024-05-21,S002,P0008,77,20,0
2024-05-21,S002,P0009,43,20,0
2024-05-21,S002,P0010,75,20,0
2024-05-21,S003,P0001,73,20,0
2024-05-21,S003,P0002,56,20,0
2024-05-21,S003,P0003,85,20,0
2024-05-21,S003,P0004,23,20,0
2024-05-21,S003,P0005,62,20,0
2024-05-21,S003,P0006,101,20,0
2024-05-21,S003,P0007,36,20,0
2024-05-21,S003,P0008,24,20,0
2024-05-21,S003,P0009,31,20,0
2024-05-21,S003,P0010,106,20,0
2024-05-21,S004,P0001,55,20,0
2024-05-21,S004,P0002,59,20,0
2024-05-21,S004,P0003,102,20,0
2024-05-21,S004,P0004,22,20,0
2024-05-21,S004,P0005,61,20,0
2024-05-21,S004,P0006,82,20,0
2024-05-21,S004,P0007,55,20,0
2024-05-21,S004,P0008,115,20,0
2024-05-21,S004,P0009,23,20,0
2024-05-21,S004,P0010,87,20,0
2024-05-21,S005,P0001,94,20,0
2024-05-21,S005,P0002,77,20,0
2024-05-21,S005,P0003,103,20,0
2024-05-21,S005,P0004,42,20,0
2024-05-21,S005,P0005,53,20,0
2024-05-21,S005,P0006,112,20,0
2024-05-21,S005,P0007,34,20,0
2024-05-21,S005,P0008,88,20,0
2024-05-21,S005,P0009,93,20,0
2024-05-21,S005,P0010,87,20,0
2024-05-22,S001,P0001,55,20,0
2024-05-22,S001,P0002,39,20,0
2024-05-22,S001,P0003,105,20,0
2024-05-22,S001,P0004,26,20,0
2024-05-22,S001,P0005,66,20,0
2024-05-22,S001,P0006,89,20,0
2024-05-22,S001,P0007,74,20,0
2024-05-22,S001,P0008,90,20,0
2024-05-22,S001,P0009,49,20,0
2024-05-22,S001,P0010,91,20,0
2024-05-22,S002,P0001,60,20,0
2024-05-22,S002,P0002,100,20,0
2024-05-22,S002,P0003,112,20,0
2024-05-22,S002,P0004,40,20,0
2024-05-22,S002,P0005,115,20,0
2024-05-22,S002,P0006,57,20,0
2024-05-22,S002,P0007,67,20,0
2024-05-22,S002,P0008,77,20,0
2024-05-22,S002,P0009,41,20,0
2024-05-22,S002,P0010,73,20,0
2024-05-22,S003,P0001,73,20,0
2024-05-22,S003,P0002,56,20,0
2024-05-22,S003,P0003,83,20,0
2024-05-22,S003,P0004,22,20,0
2024-05-22,S003,P0005,60,20,0
2024-05-22,S003,P0006,100,20,0
2024-05-22,S003,P0007,36,20,0
2024-05-22,S003,P0008,21,20,0
2024-05-22,S003,P0009,30,20,0
2024-05-22,S003,P0010,104,20,0
2024-05-22,S004,P0001,54,20,0
2024-05-22,S004,P0002,55,20,0
2024-05-22,S004,P0003,98,20,0
2024-05-22,S004,P0004,21,20,0
2024-05-22,S004,P0005,59,20,0
2024-05-22,S004,P0006,81,20,0
2024-05-22,S004,P0007,55,20,0
2024-05-22,S004,P0008,113,20,0
2024-05-22,S004,P0009,21,20,0
2024-05-22,S004,P0010,86,20,0
2024-05-22,S005,P0001,92,20,0
2024-05-22,S005,P0002,77,20,0
2024-05-22,S005,P0003,103,20,0
2024-05-22,S005,P0004,40,20,0
2024-05-22,S005,P0005,48,20,0
2024-05-22,S005,P0006,111,20,0
2024-05-22,S005,P0007,34,20,0
2024-05-22,S005,P0008,86,20,0
2024-05-22,S005,P0009,90,20,0
2024-05-22,S005,P0010,84,20,0
2024-05-23,S001,P0001,53,20,0
2024-05-23,S001,P0002,38,20,0
2024-05-23,S001,P0003,103,20,0
2024-05-23,S001,P0004,24,20,0
2024-05-23,S001,P0005,62,20,0
2024-05-23,S001,P0006,88,20,0
2024-05-23,S001,P0007,72,20,0
2024-05-23,S001,P0008,89,20,0
2024-05-23,S001,P0009,47,20,0
2024-05-23,S001,P0010,90,20,0
2024-05-23,S002,P0001,59,20,0
2024-05-23,S002,P0002,97,20,0
2024-05-23,S002,P0003,112,20,0
2024-05-23,S002,P0004,39,20,0
2024-05-23,S002,P0005,113,20,0
2024-05-23,S002,P0006,57,20,0
2024-05-23,S002,P0007,65,20,0
2024-05-23,S002,P0008,73,20,0
2024-05-23,S002,P0009,40,20,0
2024-05-23,S002,P0010,72,20,0
2024-05-23,S003,P0001,72,20,0
2024-05-23,S003,P0002,53,20,0
2024-05-23,S003,P0003,83,20,0
2024-05-23,S003,P0004,22,20,0
2024-05-23,S003,P0005,60,20,0
2024-05-23,S003,P0006,100,20,0
2024-05-23,S003,P0007,35,20,0
2024-05-23,S003,P0008,119,20,0
2024-05-23,S003,P0009,30,20,0
2024-05-23,S003,P0010,102,20,0
2024-05-23,S004,P0001,51,20,0
2024-05-23,S004,P0002,55,20,0
2024-05-23,S004,P0003,98,20,0
2024-05-23,S004,P0004,119,20,0
2024-05-23,S004,P0005,57,20,0
2024-05-23,S004,P0006,81,20,0
2024-05-23,S004,P0007,52,20,0
2024-05-23,S004,P0008,112,20,0
2024-05-23,S004,P0009,21,20,0
2024-05-23,S004,P0010,85,20,0
2024-05-23,S005,P0001,92,20,0
2024-05-23,S005,P0002,73,20,0
2024-05-23,S005,P0003,101,20,0
2024-05-23,S005,P0004,38,20,0
2024-05-23,S005,P0005,44,20,0
2024-05-23,S005,P0006,111,20,0
2024-05-23,S005,P0007,34,20,0
2024-05-23,S005,P0008,85,20,0
2024-05-23,S005,P0009,89,20,0
2024-05-23,S005,P0010,81,20,0
2024-05-24,S001,P0001,53,20,0
2024-05-24,S001,P0002,35,20,0
2024-05-24,S001,P0003,101,20,0
2024-05-24,S001,P0004,23,20,0
2024-05-24,S001,P0005,60,20,0
2024-05-24,S001,P0006,87,20,0
2024-05-24,S001,P0007,72,20,0
2024-05-24,S001,P0008,89,20,0
2024-05-24,S001,P0009,47,20,0
2024-05-24,S001,P0010,90,20,0
2024-05-24,S002,P0001,58,20,0
2024-05-24,S002,P0002,95,20,0
2024-05-24,S002,P0003,111,20,0
2024-05-24,S002,P0004,38,20,0
2024-05-24,S002,P0005,110,20,0
2024-05-24,S002,P0006,57,20,0
2024-05-24,S002,P0007,64,20,0
2024-05-24,S002,P0008,73,20,0
2024-05-24,S002,P0009,35,20,0
2024-05-24,S002,P0010,72,20,0
2024-05-24,S003,P0001,71,20,0
2024-05-24,S003,P0002,53,20,0
2024-05-24,S003,P0003,82,20,0
2024-05-24,S003,P0004,22,20,0
2024-05-24,S003,P0005,59,20,0
2024-05-24,S003,P0006,100,20,0
2024-05-24,S003,P0007,35,20,0
2024-05-24,S003,P0008,118,20,0
2024-05-24,S003,P0009,29,20,0
2024-05-24,S003,P0010,101,20,0
2024-05-24,S004,P0001,48,20,0
2024-05-24,S004,P0002,55,20,0
2024-05-24,S004,P0003,96,20,0
2024-05-24,S004,P0004,117,20,0
2024-05-24,S004,P0005,54,20,0
2024-05-24,S004,P0006,80,20,0
2024-05-24,S004,P0007,51,20,0
2024-05-24,S004,P0008,112,20,0
2024-05-24,S004,P0009,20,20,0
2024-05-24,S004,P0010,82,20,0
2024-05-24,S005,P0001,92,20,0
2024-05-24,S005,P0002,70,20,0
2024-05-24,S005,P0003,100,20,0
2024-05-24,S005,P0004,37,20,0
2024-05-24,S005,P0005,42,20,0
2024-05-24,S005,P0006,111,20,0
2024-05-24,S005,P0007,34,20,0
2024-05-24,S005,P0008,84,20,0
2024-05-24,S005,P0009,86,20,0
2024-05-24,S005,P0010,79,20,0
2024-05-25,S001,P0001,53,20,0
2024-05-25,S001,P0002,32,20,0
2024-05-25,S001,P0003,100,20,0
2024-05-25,S001,P0004,20,20,0
2024-05-25,S001,P0005,53,20,0
2024-05-25,S001,P0006,87,20,0
2024-05-25,S001,P0007,72,20,0
2024-05-25,S001,P0008,89,20,0
2024-05-25,S001,P0009,45,20,0
2024-05-25,S001,P0010,90,20,0
2024-05-25,S002,P0001,58,20,0
2024-05-25,S002,P0002,94,20,0
2024-05-25,S002,P0003,110,20,0
2024-05-25,S002,P0004,37,20,0
2024-05-25,S002,P0005,108,20,0
2024-05-25,S002,P0006,57,20,0
2024-05-25,S002,P0007,64,20,0
2024-05-25,S002,P0008,72,20,0
2024-05-25,S002,P0009,35,20,0
2024-05-25,S002,P0010,72,20,0
2024-05-25,S003,P0001,69,20,0
2024-05-25,S003,P0002,53,20,0
2024-05-25,S003,P0003,80,20,0
2024-05-25,S003,P0004,22,20,0
2024-05-25,S003,P0005,55,20,0
2024-05-25,S003,P0006,98,20,0
2024-05-25,S003,P0007,33,20,0
2024-05-25,S003,P0008,118,20,0
2024-05-25,S003,P0009,27,20,0
2024-05-25,S003,P0010,99,20,0
2024-05-25,S004,P0001,45,20,0
2024-05-25,S004,P0002,52,20,0
2024-05-25,S004,P0003,94,20,0
2024-05-25,S004,P0004,114,20,0
2024-05-25,S004,P0005,51,20,0
2024-05-25,S004,P0006,79,20,0
2024-05-25,S004,P0007,51,20,0
2024-05-25,S004,P0008,109,20,0
2024-05-25,S004,P0009,118,20,0
2024-05-25,S004,P0010,80,20,0
2024-05-25,S005,P0001,90,20,0
2024-05-25,S005,P0002,69,20,0
2024-05-25,S005,P0003,100,20,0
2024-05-25,S005,P0004,37,20,0
2024-05-25,S005,P0005,39,20,0
2024-05-25,S005,P0006,111,20,0
2024-05-25,S005,P0007,32,20,0
2024-05-25,S005,P0008,82,20,0
2024-05-25,S005,P0009,83,20,0
2024-05-25,S005,P0010,77,20,0
2024-05-26,S001,P0001,51,20,0
2024-05-26,S001,P0002,31,20,0
2024-05-26,S001,P0003,99,20,0
2024-05-26,S001,P0004,119,20,0
2024-05-26,S001,P0005,49,20,0
2024-05-26,S001,P0006,87,20,0
2024-05-26,S001,P0007,72,20,0
2024-05-26,S001,P0008,89,20,0
2024-05-26,S001,P0009,43,20,0
2024-05-26,S001,P0010,90,20,0
2024-05-26,S002,P0001,57,20,0
2024-05-26,S002,P0002,93,20,0
2024-05-26,S002,P0003,110,20,0
2024-05-26,S002,P0004,35,20,0
2024-05-26,S002,P0005,107,20,0
2024-05-26,S002,P0006,57,20,0
2024-05-26,S002,P0007,64,20,0
2024-05-26,S002,P0008,70,20,0
2024-05-26,S002,P0009,33,20,0
2024-05-26,S002,P0010,72,20,0
2024-05-26,S003,P0001,68,20,0
2024-05-26,S003,P0002,53,20,0
2024-05-26,S003,P0003,79,20,0
2024-05-26,S003,P0004,21,20,0
2024-05-26,S003,P0005,52,20,0
2024-05-26,S003,P0006,96,20,0
2024-05-26,S003,P0007,31,20,0
2024-05-26,S003,P0008,116,20,0
2024-05-26,S003,P0009,23,20,0
2024-05-26,S003,P0010,97,20,0
2024-05-26,S004,P0001,44,20,0
2024-05-26,S004,P0002,51,20,0
2024-05-26,S004,P0003,93,20,0
2024-05-26,S004,P0004,113,20,0
2024-05-26,S004,P0005,48,20,0
2024-05-26,S004,P0006,79,20,0
2024-05-26,S004,P0007,49,20,0
2024-05-26,S004,P0008,109,20,0
2024-05-26,S004,P0009,117,20,0
2024-05-26,S004,P0010,80,20,0
2024-05-26,S005,P0001,87,20,0
2024-05-26,S005,P0002,67,20,0
2024-05-26,S005,P0003,97,20,0
2024-05-26,S005,P0004,37,20,0
2024-05-26,S005,P0005,37,20,0
2024-05-26,S005,P0006,111,20,0
2024-05-26,S005,P0007,31,20,0
2024-05-26,S005,P0008,81,20,0
2024-05-26,S005,P0009,81,20,0
2024-05-26,S005,P0010,75,20,0
2024-05-27,S001,P0001,50,20,0
2024-05-27,S001,P0002,27,20,0
2024-05-27,S001,P0003,98,20,0
2024-05-27,S001,P0004,118,20,0
2024-05-27,S001,P0005,49,20,0
2024-05-27,S001,P0006,87,20,0
2024-05-27,S001,P0007,72,20,0
2024-05-27,S001,P0008,89,20,0
2024-05-27,S001,P0009,40,20,0
2024-05-27,S001,P0010,89,20,0
2024-05-27,S002,P0001,55,20,0
2024-05-27,S002,P0002,93,20,0
2024-05-27,S002,P0003,109,20,0
2024-05-27,S002,P0004,34,20,0
2024-05-27,S002,P0005,104,20,0
2024-05-27,S002,P0006,56,20,0
2024-05-27,S002,P0007,63,20,0
2024-05-27,S002,P0008,70,20,0
2024-05-27,S002,P0009,30,20,0
2024-05-27,S002,P0010,71,20,0
2024-05-27,S003,P0001,68,20,0
2024-05-27,S003,P0002,52,20,0
2024-05-27,S003,P0003,78,20,0
2024-05-27,S003,P0004,20,20,0
2024-05-27,S003,P0005,49,20,0
2024-05-27,S003,P0006,96,20,0
2024-05-27,S003,P0007,28,20,0
2024-05-27,S003,P0008,115,20,0
2024-05-27,S003,P0009,22,20,0
2024-05-27,S003,P0010,94,20,0
2024-05-27,S004,P0001,40,20,0
2024-05-27,S004,P0002,50,20,0
2024-05-27,S004,P0003,93,20,0
2024-05-27,S004,P0004,111,20,0
2024-05-27,S004,P0005,44,20,0
2024-05-27,S004,P0006,78,20,0
2024-05-27,S004,P0007,48,20,0
2024-05-27,S004,P0008,107,20,0
2024-05-27,S004,P0009,114,20,0
2024-05-27,S004,P0010,77,20,0
2024-05-27,S005,P0001,83,20,0
2024-05-27,S005,P0002,64,20,0
2024-05-27,S005,P0003,96,20,0
2024-05-27,S005,P0004,37,20,0
2024-05-27,S005,P0005,36,20,0
2024-05-27,S005,P0006,108,20,0
2024-05-27,S005,P0007,28,20,0
2024-05-27,S005,P0008,79,20,0
2024-05-27,S005,P0009,78,20,0
2024-05-27,S005,P0010,75,20,0
2024-05-28,S001,P0001,49,20,0
2024-05-28,S001,P0002,27,20,0
2024-05-28,S001,P0003,97,20,0
2024-05-28,S001,P0004,118,20,0
2024-05-28,S001,P0005,45,20,0
2024-05-28,S001,P0006,87,20,0
2024-05-28,S001,P0007,72,20,0
2024-05-28,S001,P0008,88,20,0
2024-05-28,S001,P0009,38,20,0
2024-05-28,S001,P0010,86,20,0
2024-05-28,S002,P0001,52,20,0
2024-05-28,S002,P0002,92,20,0
2024-05-28,S002,P0003,106,20,0
2024-05-28,S002,P0004,32,20,0
2024-05-28,S002,P0005,101,20,0
2024-05-28,S002,P0006,56,20,0
2024-05-28,S002,P0007,63,20,0
2024-05-28,S002,P0008,70,20,0
2024-05-28,S002,P0009,30,20,0
2024-05-28,S002,P0010,70,20,0
2024-05-28,S003,P0001,66,20,0
2024-05-28,S003,P0002,51,20,0
2024-05-28,S003,P0003,77,20,0
2024-05-28,S003,P0004,119,20,0
2024-05-28,S003,P0005,47,20,0
2024-05-28,S003,P0006,95,20,0
2024-05-28,S003,P0007,25,20,0
2024-05-28,S003,P0008,114,20,0
2024-05-28,S003,P0009,119,20,0
2024-05-28,S003,P0010,93,20,0
2024-05-28,S004,P0001,40,20,0
2024-05-28,S004,P0002,50,20,0
2024-05-28,S004,P0003,92,20,0
2024-05-28,S004,P0004,109,20,0
2024-05-28,S004,P0005,40,20,0
2024-05-28,S004,P0006,78,20,0
2024-05-28,S004,P0007,46,20,0
2024-05-28,S004,P0008,107,20,0
2024-05-28,S004,P0009,113,20,0
2024-05-28,S004,P0010,73,20,0
2024-05-28,S005,P0001,82,20,0
2024-05-28,S005,P0002,60,20,0
2024-05-28,S005,P0003,96,20,0
2024-05-28,S005,P0004,36,20,0
2024-05-28,S005,P0005,33,20,0
2024-05-28,S005,P0006,107,20,0
2024-05-28,S005,P0007,28,20,0
2024-05-28,S005,P0008,77,20,0
2024-05-28,S005,P0009,77,20,0
2024-05-28,S005,P0010,73,20,0
2024-05-29,S001,P0001,47,20,0
2024-05-29,S001,P0002,24,20,0
2024-05-29,S001,P0003,97,20,0
2024-05-29,S001,P0004,118,20,0
2024-05-29,S001,P0005,43,20,0
2024-05-29,S001,P0006,87,20,0
2024-05-29,S001,P0007,71,20,0
2024-05-29,S001,P0008,86,20,0
2024-05-29,S001,P0009,37,20,0
2024-05-29,S001,P0010,85,20,0
2024-05-29,S002,P0001,48,20,0
2024-05-29,S002,P0002,90,20,0
2024-05-29,S002,P0003,106,20,0
2024-05-29,S002,P0004,32,20,0
2024-05-29,S002,P0005,99,20,0
2024-05-29,S002,P0006,55,20,0
2024-05-29,S002,P0007,62,20,0
2024-05-29,S002,P0008,69,20,0
2024-05-29,S002,P0009,29,20,0
2024-05-29,S002,P0010,70,20,0
2024-05-29,S003,P0001,65,20,0
2024-05-29,S003,P0002,48,20,0
2024-05-29,S003,P0003,74,20,0
2024-05-29,S003,P0004,118,20,0
2024-05-29,S003,P0005,46,20,0
2024-05-29,S003,P0006,94,20,0
2024-05-29,S003,P0007,23,20,0
2024-05-29,S003,P0008,112,20,0
2024-05-29,S003,P0009,117,20,0
2024-05-29,S003,P0010,92,20,0
2024-05-29,S004,P0001,39,20,0
2024-05-29,S004,P0002,49,20,0
2024-05-29,S004,P0003,90,20,0
2024-05-29,S004,P0004,104,20,0
2024-05-29,S004,P0005,36,20,0
2024-05-29,S004,P0006,77,20,0
2024-05-29,S004,P0007,45,20,0
2024-05-29,S004,P0008,106,20,0
2024-05-29,S004,P0009,112,20,0
2024-05-29,S004,P0010,71,20,0
2024-05-29,S005,P0001,81,20,0
2024-05-29,S005,P0002,59,20,0
2024-05-29,S005,P0003,95,20,0
2024-05-29,S005,P0004,35,20,0
2024-05-29,S005,P0005,33,20,0
2024-05-29,S005,P0006,107,20,0
2024-05-29,S005,P0007,26,20,0
2024-05-29,S005,P0008,74,20,0
2024-05-29,S005,P0009,74,20,0
2024-05-29,S005,P0010,70,20,0
2024-05-30,S001,P0001,44,20,0
2024-05-30,S001,P0002,24,20,0
2024-05-30,S001,P0003,96,20,0
2024-05-30,S001,P0004,118,20,0
2024-05-30,S001,P0005,42,20,0
2024-05-30,S001,P0006,87,20,0
2024-05-30,S001,P0007,68,20,0
2024-05-30,S001,P0008,85,20,0
2024-05-30,S001,P0009,35,20,0
2024-05-30,S001,P0010,85,20,0
2024-05-30,S002,P0001,47,20,0
2024-05-30,S002,P0002,88,20,0
2024-05-30,S002,P0003,105,20,0
2024-05-30,S002,P0004,32,20,0
2024-05-30,S002,P0005,96,20,0
2024-05-30,S002,P0006,55,20,0
2024-05-30,S002,P0007,62,20,0
2024-05-30,S002,P0008,68,20,0
2024-05-30,S002,P0009,27,20,0
2024-05-30,S002,P0010,70,20,0
2024-05-30,S003,P0001,64,20,0
2024-05-30,S003,P0002,43,20,0
2024-05-30,S003,P0003,73,20,0
2024-05-30,S003,P0004,117,20,0
2024-05-30,S003,P0005,45,20,0
2024-05-30,S003,P0006,94,20,0
2024-05-30,S003,P0007,21,20,0
2024-05-30,S003,P0008,112,20,0
2024-05-30,S003,P0009,116,20,0
2024-05-30,S003,P0010,92,20,0
2024-05-30,S004,P0001,38,20,0
2024-05-30,S004,P0002,46,20,0
2024-05-30,S004,P0003,88,20,0
2024-05-30,S004,P0004,103,20,0
2024-05-30,S004,P0005,33,20,0
2024-05-30,S004,P0006,76,20,0
2024-05-30,S004,P0007,44,20,0
2024-05-30,S004,P0008,106,20,0
2024-05-30,S004,P0009,109,20,0
2024-05-30,S004,P0010,71,20,0
2024-05-30,S005,P0001,80,20,0
2024-05-30,S005,P0002,59,20,0
2024-05-30,S005,P0003,95,20,0
2024-05-30,S005,P0004,33,20,0
2024-05-30,S005,P0005,33,20,0
2024-05-30,S005,P0006,105,20,0
2024-05-30,S005,P0007,25,20,0
2024-05-30,S005,P0008,73,20,0
2024-05-30,S005,P0009,69,20,0
2024-05-30,S005,P0010,69,20,0
2024-05-31,S001,P0001,44,20,0
2024-05-31,S001,P0002,24,20,0
2024-05-31,S001,P0003,94,20,0
2024-05-31,S001,P0004,117,20,0
2024-05-31,S001,P0005,39,20,0
2024-05-31,S001,P0006,86,20,0
2024-05-31,S001,P0007,67,20,0
2024-05-31,S001,P0008,82,20,0
2024-05-31,S001,P0009,32,20,0
2024-05-31,S001,P0010,83,20,0
2024-05-31,S002,P0001,46,20,0
2024-05-31,S002,P0002,86,20,0
2024-05-31,S002,P0003,105,20,0
2024-05-31,S002,P0004,31,20,0
2024-05-31,S002,P0005,93,20,0
2024-05-31,S002,P0006,54,20,0
2024-05-31,S002,P0007,61,20,0
2024-05-31,S002,P0008,66,20,0
2024-05-31,S002,P0009,27,20,0
2024-05-31,S002,P0010,70,20,0
2024-05-31,S003,P0001,63,20,0
2024-05-31,S003,P0002,40,20,0
2024-05-31,S003,P0003,72,20,0
2024-05-31,S003,P0004,115,20,0
2024-05-31,S003,P0005,41,20,0
2024-05-31,S003,P0006,94,20,0
2024-05-31,S003,P0007,20,20,0
2024-05-31,S003,P0008,112,20,0
2024-05-31,S003,P0009,115,20,0
2024-05-31,S003,P0010,89,20,0
2024-05-31,S004,P0001,35,20,0
2024-05-31,S004,P0002,45,20,0
2024-05-31,S004,P0003,86,20,0
2024-05-31,S004,P0004,102,20,0
2024-05-31,S004,P0005,30,20,0
2024-05-31,S004,P0006,76,20,0
2024-05-31,S004,P0007,44,20,0
2024-05-31,S004,P0008,106,20,0
2024-05-31,S004,P0009,106,20,0
2024-05-31,S004,P0010,68,20,0
2024-05-31,S005,P0001,79,20,0
2024-05-31,S005,P0002,58,20,0
2024-05-31,S005,P0003,94,20,0
2024-05-31,S005,P0004,32,20,0
2024-05-31,S005,P0005,30,20,0
2024-05-31,S005,P0006,104,20,0
2024-05-31,S005,P0007,23,20,0
2024-05-31,S005,P0008,72,20,0
2024-05-31,S005,P0009,69,20,0
2024-05-31,S005,P0010,67,20,0
2024-06-01,S001,P0001,43,20,0
2024-06-01,S001,P0002,23,20,0
2024-06-01,S001,P0003,91,20,0
2024-06-01,S001,P0004,117,20,0
2024-06-01,S001,P0005,35,20,0
2024-06-01,S001,P0006,86,20,0
2024-06-01,S001,P0007,67,20,0
2024-06-01,S001,P0008,80,20,0
2024-06-01,S001,P0009,32,20,0
2024-06-01,S001,P0010,83,20,0
2024-06-01,S002,P0001,44,20,0
2024-06-01,S002,P0002,84,20,0
2024-06-01,S002,P0003,105,20,0
2024-06-01,S002,P0004,31,20,0
2024-06-01,S002,P0005,89,20,0
2024-06-01,S002,P0006,51,20,0
2024-06-01,S002,P0007,60,20,0
2024-06-01,S002,P0008,66,20,0
2024-06-01,S002,P0009,26,20,0
2024-06-01,S002,P0010,67,20,0
2024-06-01,S003,P0001,63,20,0
2024-06-01,S003,P0002,40,20,0
2024-06-01,S003,P0003,70,20,0
2024-06-01,S003,P0004,114,20,0
2024-06-01,S003,P0005,39,20,0
2024-06-01,S003,P0006,93,20,0
2024-06-01,S003,P0007,119,20,0
2024-06-01,S003,P0008,110,20,0
2024-06-01,S003,P0009,108,20,0
2024-06-01,S003,P0010,88,20,0
2024-06-01,S004,P0001,35,20,0
2024-06-01,S004,P0002,45,20,0
2024-06-01,S004,P0003,82,20,0
2024-06-01,S004,P0004,102,20,0
2024-06-01,S004,P0005,28,20,0
2024-06-01,S004,P0006,75,20,0
2024-06-01,S004,P0007,43,20,0
2024-06-01,S004,P0008,106,20,0
2024-06-01,S004,P0009,104,20,0
2024-06-01,S004,P0010,68,20,0
2024-06-01,S005,P0001,75,20,0
2024-06-01,S005,P0002,55,20,0
2024-06-01,S005,P0003,93,20,0
2024-06-01,S005,P0004,32,20,0
2024-06-01,S005,P0005,28,20,0
2024-06-01,S005,P0006,104,20,0
2024-06-01,S005,P0007,23,20,0
2024-06-01,S005,P0008,72,20,0
2024-06-01,S005,P0009,64,20,0
2024-06-01,S005,P0010,65,20,0
2024-06-02,S001,P0001,43,20,0
2024-06-02,S001,P0002,22,20,0
2024-06-02,S001,P0003,89,20,0
2024-06-02,S001,P0004,115,20,0
2024-06-02,S001,P0005,29,20,0
2024-06-02,S001,P0006,84,20,0
2024-06-02,S001,P0007,67,20,0
2024-06-02,S001,P0008,80,20,0
2024-06-02,S001,P0009,31,20,0
2024-06-02,S001,P0010,82,20,0
2024-06-02,S002,P0001,42,20,0
2024-06-02,S002,P0002,82,20,0
2024-06-02,S002,P0003,105,20,0
2024-06-02,S002,P0004,30,20,0
2024-06-02,S002,P0005,87,20,0
2024-06-02,S002,P0006,49,20,0
2024-06-02,S002,P0007,60,20,0
2024-06-02,S002,P0008,65,20,0
2024-06-02,S002,P0009,25,20,0
2024-06-02,S002,P0010,67,20,0
2024-06-02,S003,P0001,63,20,0
2024-06-02,S003,P0002,38,20,0
2024-06-02,S003,P0003,70,20,0
2024-06-02,S003,P0004,113,20,0
2024-06-02,S003,P0005,36,20,0
2024-06-02,S003,P0006,92,20,0
2024-06-02,S003,P0007,119,20,0
2024-06-02,S003,P0008,109,20,0
2024-06-02,S003,P0009,107,20,0
2024-06-02,S003,P0010,86,20,0
2024-06-02,S004,P0001,31,20,0
2024-06-02,S004,P0002,42,20,0
2024-06-02,S004,P0003,80,20,0
2024-06-02,S004,P0004,100,20,0
2024-06-02,S004,P0005,24,20,0
2024-06-02,S004,P0006,75,20,0
2024-06-02,S004,P0007,40,20,0
2024-06-02,S004,P0008,103,20,0
2024-06-02,S004,P0009,103,20,0
2024-06-02,S004,P0010,67,20,0
2024-06-02,S005,P0001,73,20,0
2024-06-02,S005,P0002,52,20,0
2024-06-02,S005,P0003,89,20,0
2024-06-02,S005,P0004,30,20,0
2024-06-02,S005,P0005,26,20,0
2024-06-02,S005,P0006,102,20,0
2024-06-02,S005,P0007,23,20,0
2024-06-02,S005,P0008,72,20,0
2024-06-02,S005,P0009,62,20,0
2024-06-02,S005,P0010,64,20,0
2024-06-03,S001,P0001,43,20,0
2024-06-03,S001,P0002,22,20,0
2024-06-03,S001,P0003,87,20,0
2024-06-03,S001,P0004,115,20,0
2024-06-03,S001,P0005,27,20,0
2024-06-03,S001,P0006,84,20,0
2024-06-03,S001,P0007,66,20,0
2024-06-03,S001,P0008,80,20,0
2024-06-03,S001,P0009,28,20,0
2024-06-03,S001,P0010,82,20,0
2024-06-03,S002,P0001,41,20,0
2024-06-03,S002,P0002,81,20,0
2024-06-03,S002,P0003,105,20,0
2024-06-03,S002,P0004,30,20,0
2024-06-03,S002,P0005,85,20,0
2024-06-03,S002,P0006,49,20,0
2024-06-03,S002,P0007,60,20,0
2024-06-03,S002,P0008,65,20,0
2024-06-03,S002,P0009,21,20,0
2024-06-03,S002,P0010,64,20,0
2024-06-03,S003,P0001,61,20,0
2024-06-03,S003,P0002,36,20,0
2024-06-03,S003,P0003,69,20,0
2024-06-03,S003,P0004,111,20,0
2024-06-03,S003,P0005,33,20,0
2024-06-03,S003,P0006,92,20,0
2024-06-03,S003,P0007,119,20,0
2024-06-03,S003,P0008,108,20,0
2024-06-03,S003,P0009,107,20,0
2024-06-03,S003,P0010,86,20,0
2024-06-03,S004,P0001,29,20,0
2024-06-03,S004,P0002,40,20,0
2024-06-03,S004,P0003,78,20,0
2024-06-03,S004,P0004,100,20,0
2024-06-03,S004,P0005,20,20,0
2024-06-03,S004,P0006,73,20,0
2024-06-03,S004,P0007,40,20,0
2024-06-03,S004,P0008,101,20,0
2024-06-03,S004,P0009,101,20,0
2024-06-03,S004,P0010,65,20,0
2024-06-03,S005,P0001,72,20,0
2024-06-03,S005,P0002,51,20,0
2024-06-03,S005,P0003,89,20,0
2024-06-03,S005,P0004,29,20,0
2024-06-03,S005,P0005,23,20,0
2024-06-03,S005,P0006,102,20,0
2024-06-03,S005,P0007,22,20,0
2024-06-03,S005,P0008,69,20,0
2024-06-03,S005,P0009,60,20,0
2024-06-03,S005,P0010,62,20,0
2024-06-04,S001,P0001,43,20,0
2024-06-04,S001,P0002,20,20,0
2024-06-04,S001,P0003,85,20,0
2024-06-04,S001,P0004,112,20,0
2024-06-04,S001,P0005,22,20,0
2024-06-04,S001,P0006,84,20,0
2024-06-04,S001,P0007,66,20,0
2024-06-04,S001,P0008,79,20,0
2024-06-04,S001,P0009,26,20,0
2024-06-04,S001,P0010,82,20,0
2024-06-04,S002,P0001,38,20,0
2024-06-04,S002,P0002,79,20,0
2024-06-04,S002,P0003,104,20,0
2024-06-04,S002,P0004,30,20,0
2024-06-04,S002,P0005,84,20,0
2024-06-04,S002,P0006,49,20,0
2024-06-04,S002,P0007,59,20,0
2024-06-04,S002,P0008,62,20,0
2024-06-04,S002,P0009,119,20,0
2024-06-04,S002,P0010,61,20,0
2024-06-04,S003,P0001,60,20,0
2024-06-04,S003,P0002,34,20,0
2024-06-04,S003,P0003,69,20,0
2024-06-04,S003,P0004,111,20,0
2024-06-04,S003,P0005,29,20,0
2024-06-04,S003,P0006,92,20,0
2024-06-04,S003,P0007,118,20,0
2024-06-04,S003,P0008,107,20,0
2024-06-04,S003,P0009,106,20,0
2024-06-04,S003,P0010,85,20,0
2024-06-04,S004,P0001,27,20,0
2024-06-04,S004,P0002,39,20,0
2024-06-04,S004,P0003,74,20,0
2024-06-04,S004,P0004,98,20,0
2024-06-04,S004,P0005,117,20,0
2024-06-04,S004,P0006,73,20,0
2024-06-04,S004,P0007,39,20,0
2024-06-04,S004,P0008,101,20,0
2024-06-04,S004,P0009,98,20,0
2024-06-04,S004,P0010,63,20,0
2024-06-04,S005,P0001,71,20,0
2024-06-04,S005,P0002,48,20,0
2024-06-04,S005,P0003,88,20,0
2024-06-04,S005,P0004,28,20,0
2024-06-04,S005,P0005,22,20,0
2024-06-04,S005,P0006,102,20,0
2024-06-04,S005,P0007,21,20,0
2024-06-04,S005,P0008,67,20,0
2024-06-04,S005,P0009,58,20,0
2024-06-04,S005,P0010,62,20,0
2024-06-05,S001,P0001,42,20,0
2024-06-05,S001,P0002,118,20,0
2024-06-05,S001,P0003,84,20,0
2024-06-05,S001,P0004,112,20,0
2024-06-05,S001,P0005,20,20,0
2024-06-05,S001,P0006,83,20,0
2024-06-05,S001,P0007,65,20,0
2024-06-05,S001,P0008,78,20,0
2024-06-05,S001,P0009,25,20,0
2024-06-05,S001,P0010,81,20,0
2024-06-05,S002,P0001,37,20,0
2024-06-05,S002,P0002,78,20,0
2024-06-05,S002,P0003,102,20,0
2024-06-05,S002,P0004,28,20,0
2024-06-05,S002,P0005,81,20,0
2024-06-05,S002,P0006,48,20,0
2024-06-05,S002,P0007,59,20,0
2024-06-05,S002,P0008,61,20,0
2024-06-05,S002,P0009,119,20,0
2024-06-05,S002,P0010,57,20,0
2024-06-05,S003,P0001,60,20,0
2024-06-05,S003,P0002,33,20,0
2024-06-05,S003,P0003,68,20,0
2024-06-05,S003,P0004,111,20,0
2024-06-05,S003,P0005,27,20,0
2024-06-05,S003,P0006,92,20,0
2024-06-05,S003,P0007,117,20,0
2024-06-05,S003,P0008,105,20,0
2024-06-05,S003,P0009,105,20,0
2024-06-05,S003,P0010,83,20,0
2024-06-05,S004,P0001,25,20,0
2024-06-05,S004,P0002,37,20,0
2024-06-05,S004,P0003,72,20,0
2024-06-05,S004,P0004,96,20,0
2024-06-05,S004,P0005,114,20,0
2024-06-05,S004,P0006,73,20,0
2024-06-05,S004,P0007,38,20,0
2024-06-05,S004,P0008,100,20,0
2024-06-05,S004,P0009,96,20,0
2024-06-05,S004,P0010,63,20,0
2024-06-05,S005,P0001,70,20,0
2024-06-05,S005,P0002,46,20,0
2024-06-05,S005,P0003,86,20,0
2024-06-05,S005,P0004,26,20,0
2024-06-05,S005,P0005,114,20,0
2024-06-05,S005,P0006,101,20,0
2024-06-05,S005,P0007,20,20,0
2024-06-05,S005,P0008,66,20,0
2024-06-05,S005,P0009,57,20,0
2024-06-05,S005,P0010,62,20,0
2024-06-06,S001,P0001,41,20,0
2024-06-06,S001,P0002,116,20,0
2024-06-06,S001,P0003,83,20,0
2024-06-06,S001,P0004,111,20,0
2024-06-06,S001,P0005,117,20,0
2024-06-06,S001,P0006,83,20,0
2024-06-06,S001,P0007,64,20,0
2024-06-06,S001,P0008,78,20,0
2024-06-06,S001,P0009,22,20,0
2024-06-06,S001,P0010,81,20,0
2024-06-06,S002,P0001,36,20,0
2024-06-06,S002,P0002,78,20,0
2024-06-06,S002,P0003,100,20,0
2024-06-06,S002,P0004,28,20,0
2024-06-06,S002,P0005,80,20,0
2024-06-06,S002,P0006,47,20,0
2024-06-06,S002,P0007,57,20,0
2024-06-06,S002,P0008,59,20,0
2024-06-06,S002,P0009,115,20,0
2024-06-06,S002,P0010,57,20,0
2024-06-06,S003,P0001,60,20,0
2024-06-06,S003,P0002,32,20,0
2024-06-06,S003,P0003,68,20,0
2024-06-06,S003,P0004,110,20,0
2024-06-06,S003,P0005,24,20,0
2024-06-06,S003,P0006,92,20,0
2024-06-06,S003,P0007,116,20,0
2024-06-06,S003,P0008,102,20,0
2024-06-06,S003,P0009,103,20,0
2024-06-06,S003,P0010,81,20,0
2024-06-06,S004,P0001,25,20,0
2024-06-06,S004,P0002,37,20,0
2024-06-06,S004,P0003,72,20,0
2024-06-06,S004,P0004,95,20,0
2024-06-06,S004,P0005,110,20,0
2024-06-06,S004,P0006,73,20,0
2024-06-06,S004,P0007,37,20,0
2024-06-06,S004,P0008,100,20,0
2024-06-06,S004,P0009,92,20,0
2024-06-06,S004,P0010,61,20,0
2024-06-06,S005,P0001,70,20,0
2024-06-06,S005,P0002,41,20,0
2024-06-06,S005,P0003,84,20,0
2024-06-06,S005,P0004,24,20,0
2024-06-06,S005,P0005,112,20,0
2024-06-06,S005,P0006,100,20,0
2024-06-06,S005,P0007,119,20,0
2024-06-06,S005,P0008,65,20,0
2024-06-06,S005,P0009,57,20,0
2024-06-06,S005,P0010,59,20,0
2024-06-07,S001,P0001,39,20,0
2024-06-07,S001,P0002,114,20,0
2024-06-07,S001,P0003,82,20,0
2024-06-07,S001,P0004,110,20,0
2024-06-07,S001,P0005,115,20,0
2024-06-07,S001,P0006,83,20,0
2024-06-07,S001,P0007,62,20,0
2024-06-07,S001,P0008,75,20,0
2024-06-07,S001,P0009,117,20,0
2024-06-07,S001,P0010,80,20,0
2024-06-07,S002,P0001,35,20,0
2024-06-07,S002,P0002,76,20,0
2024-06-07,S002,P0003,100,20,0
2024-06-07,S002,P0004,27,20,0
2024-06-07,S002,P0005,76,20,0
2024-06-07,S002,P0006,47,20,0
2024-06-07,S002,P0007,55,20,0
2024-06-07,S002,P0008,59,20,0
2024-06-07,S002,P0009,113,20,0
2024-06-07,S002,P0010,56,20,0
2024-06-07,S003,P0001,60,20,0
2024-06-07,S003,P0002,30,20,0
2024-06-07,S003,P0003,66,20,0
2024-06-07,S003,P0004,108,20,0
2024-06-07,S003,P0005,22,20,0
2024-06-07,S003,P0006,92,20,0
2024-06-07,S003,P0007,116,20,0
2024-06-07,S003,P0008,101,20,0
2024-06-07,S003,P0009,102,20,0
2024-06-07,S003,P0010,78,20,0
2024-06-07,S004,P0001,24,20,0
2024-06-07,S004,P0002,34,20,0
2024-06-07,S004,P0003,70,20,0
2024-06-07,S004,P0004,94,20,0
2024-06-07,S004,P0005,105,20,0
2024-06-07,S004,P0006,73,20,0
2024-06-07,S004,P0007,36,20,0
2024-06-07,S004,P0008,100,20,0
2024-06-07,S004,P0009,90,20,0
2024-06-07,S004,P0010,60,20,0
2024-06-07,S005,P0001,68,20,0
2024-06-07,S005,P0002,39,20,0
2024-06-07,S005,P0003,83,20,0
2024-06-07,S005,P0004,21,20,0
2024-06-07,S005,P0005,111,20,0
2024-06-07,S005,P0006,100,20,0
2024-06-07,S005,P0007,118,20,0
2024-06-07,S005,P0008,65,20,0
2024-06-07,S005,P0009,56,20,0
2024-06-07,S005,P0010,54,20,0
2024-06-08,S001,P0001,36,20,0
2024-06-08,S001,P0002,111,20,0
2024-06-08,S001,P0003,81,20,0
2024-06-08,S001,P0004,110,20,0
2024-06-08,S001,P0005,115,20,0
2024-06-08,S001,P0006,83,20,0
2024-06-08,S001,P0007,61,20,0
2024-06-08,S001,P0008,75,20,0
2024-06-08,S001,P0009,116,20,0
2024-06-08,S001,P0010,79,20,0
2024-06-08,S002,P0001,35,20,0
2024-06-08,S002,P0002,75,20,0
2024-06-08,S002,P0003,100,20,0
2024-06-08,S002,P0004,26,20,0
2024-06-08,S002,P0005,74,20,0
2024-06-08,S002,P0006,47,20,0
2024-06-08,S002,P0007,55,20,0
2024-06-08,S002,P0008,58,20,0
2024-06-08,S002,P0009,113,20,0
2024-06-08,S002,P0010,56,20,0
2024-06-08,S003,P0001,58,20,0
2024-06-08,S003,P0002,30,20,0
2024-06-08,S003,P0003,65,20,0
2024-06-08,S003,P0004,105,20,0
2024-06-08,S003,P0005,119,20,0
2024-06-08,S003,P0006,92,20,0
2024-06-08,S003,P0007,116,20,0
2024-06-08,S003,P0008,101,20,0
2024-06-08,S003,P0009,101,20,0
2024-06-08,S003,P0010,78,20,0
2024-06-08,S004,P0001,23,20,0
2024-06-08,S004,P0002,33,20,0
2024-06-08,S004,P0003,68,20,0
2024-06-08,S004,P0004,93,20,0
2024-06-08,S004,P0005,102,20,0
2024-06-08,S004,P0006,73,20,0
2024-06-08,S004,P0007,36,20,0
2024-06-08,S004,P0008,97,20,0
2024-06-08,S004,P0009,87,20,0
2024-06-08,S004,P0010,59,20,0
2024-06-08,S005,P0001,68,20,0
2024-06-08,S005,P0002,37,20,0
2024-06-08,S005,P0003,82,20,0
2024-06-08,S005,P0004,118,20,0
2024-06-08,S005,P0005,110,20,0
2024-06-08,S005,P0006,98,20,0
2024-06-08,S005,P0007,116,20,0
2024-06-08,S005,P0008,64,20,0
2024-06-08,S005,P0009,52,20,0
2024-06-08,S005,P0010,54,20,0
2024-06-09,S001,P0001,36,20,0
2024-06-09,S001,P0002,109,20,0
2024-06-09,S001,P0003,80,20,0
2024-06-09,S001,P0004,109,20,0
2024-06-09,S001,P0005,110,20,0
2024-06-09,S001,P0006,82,20,0
2024-06-09,S001,P0007,60,20,0
2024-06-09,S001,P0008,73,20,0
2024-06-09,S001,P0009,112,20,0
2024-06-09,S001,P0010,78,20,0
2024-06-09,S002,P0001,35,20,0
2024-06-09,S002,P0002,72,20,0
2024-06-09,S002,P0003,97,20,0
2024-06-09,S002,P0004,23,20,0
2024-06-09,S002,P0005,72,20,0
2024-06-09,S002,P0006,47,20,0
2024-06-09,S002,P0007,54,20,0
2024-06-09,S002,P0008,53,20,0
2024-06-09,S002,P0009,112,20,0
2024-06-09,S002,P0010,54,20,0
2024-06-09,S003,P0001,58,20,0
2024-06-09,S003,P0002,29,20,0
2024-06-09,S003,P0003,64,20,0
2024-06-09,S003,P0004,105,20,0
2024-06-09,S003,P0005,117,20,0
2024-06-09,S003,P0006,91,20,0
2024-06-09,S003,P0007,115,20,0
2024-06-09,S003,P0008,101,20,0
2024-06-09,S003,P0009,101,20,0
2024-06-09,S003,P0010,78,20,0
2024-06-09,S004,P0001,22,20,0
2024-06-09,S004,P0002,31,20,0
2024-06-09,S004,P0003,66,20,0
2024-06-09,S004,P0004,92,20,0
2024-06-09,S004,P0005,101,20,0
2024-06-09,S004,P0006,73,20,0
2024-06-09,S004,P0007,36,20,0
2024-06-09,S004,P0008,96,20,0
2024-06-09,S004,P0009,84,20,0
2024-06-09,S004,P0010,57,20,0
2024-06-09,S005,P0001,64,20,0
2024-06-09,S005,P0002,36,20,0
2024-06-09,S005,P0003,81,20,0
2024-06-09,S005,P0004,118,20,0
2024-06-09,S005,P0005,107,20,0
2024-06-09,S005,P0006,98,20,0
2024-06-09,S005,P0007,116,20,0
2024-06-09,S005,P0008,63,20,0
2024-06-09,S005,P0009,51,20,0
2024-06-09,S005,P0010,54,20,0
2024-06-10,S001,P0001,35,20,0
2024-06-10,S001,P0002,108,20,0
2024-06-10,S001,P0003,76,20,0
2024-06-10,S001,P0004,108,20,0
2024-06-10,S001,P0005,108,20,0
2024-06-10,S001,P0006,81,20,0
2024-06-10,S001,P0007,59,20,0
2024-06-10,S001,P0008,72,20,0
2024-06-10,S001,P0009,111,20,0
2024-06-10,S001,P0010,76,20,0
2024-06-10,S002,P0001,33,20,0
2024-06-10,S002,P0002,71,20,0
2024-06-10,S002,P0003,96,20,0
2024-06-10,S002,P0004,22,20,0
2024-06-10,S002,P0005,71,20,0
2024-06-10,S002,P0006,47,20,0
2024-06-10,S002,P0007,52,20,0
2024-06-10,S002,P0008,50,20,0
2024-06-10,S002,P0009,110,20,0
2024-06-10,S002,P0010,53,20,0
2024-06-10,S003,P0001,56,20,0
2024-06-10,S003,P0002,27,20,0
2024-06-10,S003,P0003,63,20,0
2024-06-10,S003,P0004,101,20,0
2024-06-10,S003,P0005,114,20,0
2024-06-10,S003,P0006,89,20,0
2024-06-10,S003,P0007,115,20,0
2024-06-10,S003,P0008,99,20,0
2024-06-10,S003,P0009,101,20,0
2024-06-10,S003,P0010,75,20,0
2024-06-10,S004,P0001,119,20,0
2024-06-10,S004,P0002,30,20,0
2024-06-10,S004,P0003,65,20,0
2024-06-10,S004,P0004,90,20,0
2024-06-10,S004,P0005,99,20,0
2024-06-10,S004,P0006,73,20,0
2024-06-10,S004,P0007,35,20,0
2024-06-10,S004,P0008,96,20,0
2024-06-10,S004,P0009,84,20,0
2024-06-10,S004,P0010,55,20,0
2024-06-10,S005,P0001,63,20,0
2024-06-10,S005,P0002,35,20,0
2024-06-10,S005,P0003,78,20,0
2024-06-10,S005,P0004,117,20,0
2024-06-10,S005,P0005,104,20,0
2024-06-10,S005,P0006,98,20,0
2024-06-10,S005,P0007,115,20,0
2024-06-10,S005,P0008,62,20,0
2024-06-10,S005,P0009,49,20,0
2024-06-10,S005,P0010,52,20,0
2024-06-11,S001,P0001,33,20,0
2024-06-11,S001,P0002,106,20,0
2024-06-11,S001,P0003,73,20,0
2024-06-11,S001,P0004,105,20,0
2024-06-11,S001,P0005,101,20,0
2024-06-11,S001,P0006,81,20,0
2024-06-11,S001,P0007,58,20,0
2024-06-11,S001,P0008,71,20,0
2024-06-11,S001,P0009,110,20,0
2024-06-11,S001,P0010,76,20,0
2024-06-11,S002,P0001,32,20,0
2024-06-11,S002,P0002,68,20,0
2024-06-11,S002,P0003,95,20,0
2024-06-11,S002,P0004,20,20,0
2024-06-11,S002,P0005,67,20,0
2024-06-11,S002,P0006,46,20,0
2024-06-11,S002,P0007,50,20,0
2024-06-11,S002,P0008,50,20,0
2024-06-11,S002,P0009,107,20,0
2024-06-11,S002,P0010,52,20,0
2024-06-11,S003,P0001,55,20,0
2024-06-11,S003,P0002,23,20,0
2024-06-11,S003,P0003,62,20,0
2024-06-11,S003,P0004,99,20,0
2024-06-11,S003,P0005,109,20,0
2024-06-11,S003,P0006,89,20,0
2024-06-11,S003,P0007,115,20,0
2024-06-11,S003,P0008,97,20,0
2024-06-11,S003,P0009,97,20,0
2024-06-11,S003,P0010,74,20,0
2024-06-11,S004,P0001,118,20,0
2024-06-11,S004,P0002,29,20,0
2024-06-11,S004,P0003,64,20,0
2024-06-11,S004,P0004,90,20,0
2024-06-11,S004,P0005,97,20,0
2024-06-11,S004,P0006,73,20,0
2024-06-11,S004,P0007,34,20,0
2024-06-11,S004,P0008,93,20,0
2024-06-11,S004,P0009,82,20,0
2024-06-11,S004,P0010,53,20,0
2024-06-11,S005,P0001,62,20,0
2024-06-11,S005,P0002,33,20,0
2024-06-11,S005,P0003,78,20,0
2024-06-11,S005,P0004,117,20,0
2024-06-11,S005,P0005,102,20,0
2024-06-11,S005,P0006,98,20,0
2024-06-11,S005,P0007,115,20,0
2024-06-11,S005,P0008,62,20,0
2024-06-11,S005,P0009,47,20,0
2024-06-11,S005,P0010,51,20,0
2024-06-12,S001,P0001,30,20,0
2024-06-12,S001,P0002,105,20,0
2024-06-12,S001,P0003,72,20,0
2024-06-12,S001,P0004,104,20,0
2024-06-12,S001,P0005,100,20,0
2024-06-12,S001,P0006,81,20,0
2024-06-12,S001,P0007,56,20,0
2024-06-12,S001,P0008,70,20,0
2024-06-12,S001,P0009,107,20,0
2024-06-12,S001,P0010,76,20,0
2024-06-12,S002,P0001,32,20,0
2024-06-12,S002,P0002,66,20,0
2024-06-12,S002,P0003,95,20,0
2024-06-12,S002,P0004,117,20,0
2024-06-12,S002,P0005,64,20,0
2024-06-12,S002,P0006,45,20,0
2024-06-12,S002,P0007,49,20,0
2024-06-12,S002,P0008,49,20,0
2024-06-12,S002,P0009,104,20,0
2024-06-12,S002,P0010,52,20,0
2024-06-12,S003,P0001,53,20,0
2024-06-12,S003,P0002,22,20,0
2024-06-12,S003,P0003,62,20,0
2024-06-12,S003,P0004,98,20,0
2024-06-12,S003,P0005,106,20,0
2024-06-12,S003,P0006,89,20,0
2024-06-12,S003,P0007,115,20,0
2024-06-12,S003,P0008,96,20,0
2024-06-12,S003,P0009,94,20,0
2024-06-12,S003,P0010,71,20,0
2024-06-12,S004,P0001,116,20,0
2024-06-12,S004,P0002,27,20,0
2024-06-12,S004,P0003,64,20,0
2024-06-12,S004,P0004,88,20,0
2024-06-12,S004,P0005,94,20,0
2024-06-12,S004,P0006,72,20,0
2024-06-12,S004,P0007,33,20,0
2024-06-12,S004,P0008,90,20,0
2024-06-12,S004,P0009,81,20,0
2024-06-12,S004,P0010,51,20,0
2024-06-12,S005,P0001,60,20,0
2024-06-12,S005,P0002,32,20,0
2024-06-12,S005,P0003,78,20,0
2024-06-12,S005,P0004,116,20,0
2024-06-12,S005,P0005,100,20,0
2024-06-12,S005,P0006,96,20,0
2024-06-12,S005,P0007,113,20,0
2024-06-12,S005,P0008,62,20,0
2024-06-12,S005,P0009,45,20,0
2024-06-12,S005,P0010,46,20,0
2024-06-13,S001,P0001,30,20,0
2024-06-13,S001,P0002,103,20,0
2024-06-13,S001,P0003,72,20,0
2024-06-13,S001,P0004,104,20,0
2024-06-13,S001,P0005,97,20,0
2024-06-13,S001,P0006,80,20,0
2024-06-13,S001,P0007,56,20,0
2024-06-13,S001,P0008,70,20,0
2024-06-13,S001,P0009,103,20,0
2024-06-13,S001,P0010,75,20,0
2024-06-13,S002,P0001,31,20,0
2024-06-13,S002,P0002,65,20,0
2024-06-13,S002,P0003,95,20,0
2024-06-13,S002,P0004,115,20,0
2024-06-13,S002,P0005,61,20,0
2024-06-13,S002,P0006,44,20,0
2024-06-13,S002,P0007,47,20,0
2024-06-13,S002,P0008,49,20,0
2024-06-13,S002,P0009,103,20,0
2024-06-13,S002,P0010,51,20,0
2024-06-13,S003,P0001,51,20,0
2024-06-13,S003,P0002,22,20,0
2024-06-13,S003,P0003,61,20,0
2024-06-13,S003,P0004,97,20,0
2024-06-13,S003,P0005,105,20,0
2024-06-13,S003,P0006,88,20,0
2024-06-13,S003,P0007,115,20,0
2024-06-13,S003,P0008,95,20,0
2024-06-13,S003,P0009,93,20,0
2024-06-13,S003,P0010,68,20,0
2024-06-13,S004,P0001,115,20,0
2024-06-13,S004,P0002,27,20,0
2024-06-13,S004,P0003,64,20,0
2024-06-13,S004,P0004,86,20,0
2024-06-13,S004,P0005,91,20,0
2024-06-13,S004,P0006,72,20,0
2024-06-13,S004,P0007,33,20,0
2024-06-13,S004,P0008,88,20,0
2024-06-13,S004,P0009,79,20,0
2024-06-13,S004,P0010,47,20,0
2024-06-13,S005,P0001,60,20,0
2024-06-13,S005,P0002,32,20,0
2024-06-13,S005,P0003,77,20,0
2024-06-13,S005,P0004,114,20,0
2024-06-13,S005,P0005,100,20,0
2024-06-13,S005,P0006,95,20,0
2024-06-13,S005,P0007,112,20,0
2024-06-13,S005,P0008,60,20,0
2024-06-13,S005,P0009,42,20,0
2024-06-13,S005,P0010,45,20,0
2024-06-14,S001,P0001,27,20,0
2024-06-14,S001,P0002,101,20,0
2024-06-14,S001,P0003,70,20,0
2024-06-14,S001,P0004,104,20,0
2024-06-14,S001,P0005,92,20,0
2024-06-14,S001,P0006,79,20,0
2024-06-14,S001,P0007,55,20,0
2024-06-14,S001,P0008,70,20,0
2024-06-14,S001,P0009,100,20,0
2024-06-14,S001,P0010,71,20,0
2024-06-14,S002,P0001,31,20,0
2024-06-14,S002,P0002,64,20,0
2024-06-14,S002,P0003,93,20,0
2024-06-14,S002,P0004,114,20,0
2024-06-14,S002,P0005,60,20,0
2024-06-14,S002,P0006,44,20,0
2024-06-14,S002,P0007,45,20,0
2024-06-14,S002,P0008,47,20,0
2024-06-14,S002,P0009,102,20,0
2024-06-14,S002,P0010,50,20,0
2024-06-14,S003,P0001,50,20,0
2024-06-14,S003,P0002,21,20,0
2024-06-14,S003,P0003,60,20,0
2024-06-14,S003,P0004,95,20,0
2024-06-14,S003,P0005,103,20,0
2024-06-14,S003,P0006,87,20,0
2024-06-14,S003,P0007,115,20,0
2024-06-14,S003,P0008,94,20,0
2024-06-14,S003,P0009,93,20,0
2024-06-14,S003,P0010,68,20,0
2024-06-14,S004,P0001,113,20,0
2024-06-14,S004,P0002,24,20,0
2024-06-14,S004,P0003,64,20,0
2024-06-14,S004,P0004,85,20,0
2024-06-14,S004,P0005,85,20,0
2024-06-14,S004,P0006,72,20,0
2024-06-14,S004,P0007,33,20,0
2024-06-14,S004,P0008,84,20,0
2024-06-14,S004,P0009,77,20,0
2024-06-14,S004,P0010,45,20,0
2024-06-14,S005,P0001,58,20,0
2024-06-14,S005,P0002,29,20,0
2024-06-14,S005,P0003,77,20,0
2024-06-14,S005,P0004,113,20,0
2024-06-14,S005,P0005,98,20,0
2024-06-14,S005,P0006,94,20,0
2024-06-14,S005,P0007,112,20,0
2024-06-14,S005,P0008,57,20,0
2024-06-14,S005,P0009,41,20,0
2024-06-14,S005,P0010,42,20,0
2024-06-15,S001,P0001,27,20,0
2024-06-15,S001,P0002,97,20,0
2024-06-15,S001,P0003,69,20,0
2024-06-15,S001,P0004,103,20,0
2024-06-15,S001,P0005,88,20,0
2024-06-15,S001,P0006,78,20,0
2024-06-15,S001,P0007,54,20,0
2024-06-15,S001,P0008,69,20,0
2024-06-15,S001,P0009,100,20,0
2024-06-15,S001,P0010,69,20,0
2024-06-15,S002,P0001,29,20,0
2024-06-15,S002,P0002,61,20,0
2024-06-15,S002,P0003,92,20,0
2024-06-15,S002,P0004,114,20,0
2024-06-15,S002,P0005,59,20,0
2024-06-15,S002,P0006,44,20,0
2024-06-15,S002,P0007,45,20,0
2024-06-15,S002,P0008,47,20,0
2024-06-15,S002,P0009,100,20,0
2024-06-15,S002,P0010,48,20,0
2024-06-15,S003,P0001,49,20,0
2024-06-15,S003,P0002,21,20,0
2024-06-15,S003,P0003,59,20,0
2024-06-15,S003,P0004,95,20,0
2024-06-15,S003,P0005,101,20,0
2024-06-15,S003,P0006,86,20,0
2024-06-15,S003,P0007,112,20,0
2024-06-15,S003,P0008,93,20,0
2024-06-15,S003,P0009,93,20,0
2024-06-15,S003,P0010,68,20,0
2024-06-15,S004,P0001,113,20,0
2024-06-15,S004,P0002,24,20,0
2024-06-15,S004,P0003,64,20,0
2024-06-15,S004,P0004,85,20,0
2024-06-15,S004,P0005,84,20,0
2024-06-15,S004,P0006,71,20,0
2024-06-15,S004,P0007,33,20,0
2024-06-15,S004,P0008,84,20,0
2024-06-15,S004,P0009,76,20,0
2024-06-15,S004,P0010,43,20,0
2024-06-15,S005,P0001,57,20,0
2024-06-15,S005,P0002,29,20,0
2024-06-15,S005,P0003,76,20,0
2024-06-15,S005,P0004,113,20,0
2024-06-15,S005,P0005,96,20,0
2024-06-15,S005,P0006,94,20,0
2024-06-15,S005,P0007,111,20,0
2024-06-15,S005,P0008,57,20,0
2024-06-15,S005,P0009,40,20,0
2024-06-15,S005,P0010,39,20,0
2024-06-16,S001,P0001,24,20,0
2024-06-16,S001,P0002,94,20,0
2024-06-16,S001,P0003,69,20,0
2024-06-16,S001,P0004,101,20,0
2024-06-16,S001,P0005,87,20,0
2024-06-16,S001,P0006,77,20,0
2024-06-16,S001,P0007,53,20,0
2024-06-16,S001,P0008,67,20,0
2024-06-16,S001,P0009,98,20,0
2024-06-16,S001,P0010,68,20,0
2024-06-16,S002,P0001,28,20,0
2024-06-16,S002,P0002,58,20,0
2024-06-16,S002,P0003,90,20,0
2024-06-16,S002,P0004,113,20,0
2024-06-16,S002,P0005,58,20,0
2024-06-16,S002,P0006,43,20,0
2024-06-16,S002,P0007,41,20,0
2024-06-16,S002,P0008,46,20,0
2024-06-16,S002,P0009,98,20,0
2024-06-16,S002,P0010,44,20,0
2024-06-16,S003,P0001,48,20,0
2024-06-16,S003,P0002,119,20,0
2024-06-16,S003,P0003,57,20,0
2024-06-16,S003,P0004,95,20,0
2024-06-16,S003,P0005,100,20,0
2024-06-16,S003,P0006,85,20,0
2024-06-16,S003,P0007,111,20,0
2024-06-16,S003,P0008,91,20,0
2024-06-16,S003,P0009,91,20,0
2024-06-16,S003,P0010,66,20,0
2024-06-16,S004,P0001,111,20,0
2024-06-16,S004,P0002,23,20,0
2024-06-16,S004,P0003,64,20,0
2024-06-16,S004,P0004,84,20,0
2024-06-16,S004,P0005,84,20,0
2024-06-16,S004,P0006,71,20,0
2024-06-16,S004,P0007,32,20,0
2024-06-16,S004,P0008,83,20,0
2024-06-16,S004,P0009,73,20,0
2024-06-16,S004,P0010,43,20,0
2024-06-16,S005,P0001,57,20,0
2024-06-16,S005,P0002,27,20,0
2024-06-16,S005,P0003,74,20,0
2024-06-16,S005,P0004,112,20,0
2024-06-16,S005,P0005,96,20,0
2024-06-16,S005,P0006,93,20,0
2024-06-16,S005,P0007,109,20,0
2024-06-16,S005,P0008,54,20,0
2024-06-16,S005,P0009,39,20,0
2024-06-16,S005,P0010,38,20,0
2024-06-17,S001,P0001,24,20,0
2024-06-17,S001,P0002,93,20,0
2024-06-17,S001,P0003,67,20,0
2024-06-17,S001,P0004,101,20,0
2024-06-17,S001,P0005,87,20,0
2024-06-17,S001,P0006,77,20,0
2024-06-17,S001,P0007,52,20,0
2024-06-17,S001,P0008,66,20,0
2024-06-17,S001,P0009,98,20,0
2024-06-17,S001,P0010,67,20,0
2024-06-17,S002,P0001,23,20,0
2024-06-17,S002,P0002,56,20,0
2024-06-17,S002,P0003,89,20,0
2024-06-17,S002,P0004,112,20,0
2024-06-17,S002,P0005,57,20,0
2024-06-17,S002,P0006,42,20,0
2024-06-17,S002,P0007,38,20,0
2024-06-17,S002,P0008,44,20,0
2024-06-17,S002,P0009,95,20,0
2024-06-17,S002,P0010,43,20,0
2024-06-17,S003,P0001,45,20,0
2024-06-17,S003,P0002,118,20,0
2024-06-17,S003,P0003,55,20,0
2024-06-17,S003,P0004,95,20,0
2024-06-17,S003,P0005,97,20,0
2024-06-17,S003,P0006,84,20,0
2024-06-17,S003,P0007,110,20,0
2024-06-17,S003,P0008,90,20,0
2024-06-17,S003,P0009,91,20,0
2024-06-17,S003,P0010,66,20,0
2024-06-17,S004,P0001,111,20,0
2024-06-17,S004,P0002,21,20,0
2024-06-17,S004,P0003,64,20,0
2024-06-17,S004,P0004,81,20,0
2024-06-17,S004,P0005,84,20,0
2024-06-17,S004,P0006,71,20,0
2024-06-17,S004,P0007,31,20,0
2024-06-17,S004,P0008,82,20,0
2024-06-17,S004,P0009,72,20,0
2024-06-17,S004,P0010,41,20,0
2024-06-17,S005,P0001,56,20,0
2024-06-17,S005,P0002,26,20,0
2024-06-17,S005,P0003,74,20,0
2024-06-17,S005,P0004,111,20,0
2024-06-17,S005,P0005,96,20,0
2024-06-17,S005,P0006,93,20,0
2024-06-17,S005,P0007,108,20,0
2024-06-17,S005,P0008,52,20,0
2024-06-17,S005,P0009,37,20,0
2024-06-17,S005,P0010,37,20,0
2024-06-18,S001,P0001,22,20,0
2024-06-18,S001,P0002,90,20,0
2024-06-18,S001,P0003,67,20,0
2024-06-18,S001,P0004,99,20,0
2024-06-18,S001,P0005,85,20,0
2024-06-18,S001,P0006,75,20,0
2024-06-18,S001,P0007,51,20,0
2024-06-18,S001,P0008,66,20,0
2024-06-18,S001,P0009,92,20,0
2024-06-18,S001,P0010,66,20,0
2024-06-18,S002,P0001,21,20,0
2024-06-18,S002,P0002,56,20,0
2024-06-18,S002,P0003,88,20,0
2024-06-18,S002,P0004,111,20,0
2024-06-18,S002,P0005,55,20,0
2024-06-18,S002,P0006,40,20,0
2024-06-18,S002,P0007,38,20,0
2024-06-18,S002,P0008,43,20,0
2024-06-18,S002,P0009,95,20,0
2024-06-18,S002,P0010,43,20,0
2024-06-18,S003,P0001,40,20,0
2024-06-18,S003,P0002,118,20,0
2024-06-18,S003,P0003,55,20,0
2024-06-18,S003,P0004,95,20,0
2024-06-18,S003,P0005,97,20,0
2024-06-18,S003,P0006,83,20,0
2024-06-18,S003,P0007,106,20,0
2024-06-18,S003,P0008,90,20,0
2024-06-18,S003,P0009,89,20,0
2024-06-18,S003,P0010,64,20,0
2024-06-18,S004,P0001,109,20,0
2024-06-18,S004,P0002,21,20,0
2024-06-18,S004,P0003,63,20,0
2024-06-18,S004,P0004,79,20,0
2024-06-18,S004,P0005,82,20,0
2024-06-18,S004,P0006,69,20,0
2024-06-18,S004,P0007,30,20,0
2024-06-18,S004,P0008,82,20,0
2024-06-18,S004,P0009,69,20,0
2024-06-18,S004,P0010,39,20,0
2024-06-18,S005,P0001,54,20,0
2024-06-18,S005,P0002,22,20,0
2024-06-18,S005,P0003,72,20,0
2024-06-18,S005,P0004,109,20,0
2024-06-18,S005,P0005,94,20,0
2024-06-18,S005,P0006,89,20,0
2024-06-18,S005,P0007,108,20,0
2024-06-18,S005,P0008,50,20,0
2024-06-18,S005,P0009,37,20,0
2024-06-18,S005,P0010,34,20,0
2024-06-19,S001,P0001,21,20,0
2024-06-19,S001,P0002,88,20,0
2024-06-19,S001,P0003,65,20,0
2024-06-19,S001,P0004,95,20,0
2024-06-19,S001,P0005,80,20,0
2024-06-19,S001,P0006,74,20,0
2024-06-19,S001,P0007,50,20,0
2024-06-19,S001,P0008,66,20,0
2024-06-19,S001,P0009,89,20,0
2024-06-19,S001,P0010,65,20,0
2024-06-19,S002,P0001,119,20,0
2024-06-19,S002,P0002,55,20,0
2024-06-19,S002,P0003,85,20,0
2024-06-19,S002,P0004,110,20,0
2024-06-19,S002,P0005,54,20,0
2024-06-19,S002,P0006,40,20,0
2024-06-19,S002,P0007,38,20,0
2024-06-19,S002,P0008,40,20,0
2024-06-19,S002,P0009,95,20,0
2024-06-19,S002,P0010,41,20,0
2024-06-19,S003,P0001,36,20,0
2024-06-19,S003,P0002,116,20,0
2024-06-19,S003,P0003,54,20,0
2024-06-19,S003,P0004,93,20,0
2024-06-19,S003,P0005,95,20,0
2024-06-19,S003,P0006,83,20,0
2024-06-19,S003,P0007,105,20,0
2024-06-19,S003,P0008,89,20,0
2024-06-19,S003,P0009,88,20,0
2024-06-19,S003,P0010,64,20,0
2024-06-19,S004,P0001,108,20,0
2024-06-19,S004,P0002,119,20,0
2024-06-19,S004,P0003,60,20,0
2024-06-19,S004,P0004,78,20,0
2024-06-19,S004,P0005,80,20,0
2024-06-19,S004,P0006,68,20,0
2024-06-19,S004,P0007,30,20,0
2024-06-19,S004,P0008,81,20,0
2024-06-19,S004,P0009,67,20,0
2024-06-19,S004,P0010,38,20,0
2024-06-19,S005,P0001,53,20,0
2024-06-19,S005,P0002,21,20,0
2024-06-19,S005,P0003,71,20,0
2024-06-19,S005,P0004,109,20,0
2024-06-19,S005,P0005,89,20,0
2024-06-19,S005,P0006,88,20,0
2024-06-19,S005,P0007,108,20,0
2024-06-19,S005,P0008,50,20,0
2024-06-19,S005,P0009,37,20,0
2024-06-19,S005,P0010,33,20,0
2024-06-20,S001,P0001,20,20,0
2024-06-20,S001,P0002,88,20,0
2024-06-20,S001,P0003,65,20,0
2024-06-20,S001,P0004,94,20,0
2024-06-20,S001,P0005,78,20,0
2024-06-20,S001,P0006,74,20,0
2024-06-20,S001,P0007,50,20,0
2024-06-20,S001,P0008,66,20,0
2024-06-20,S001,P0009,88,20,0
2024-06-20,S001,P0010,64,20,0
2024-06-20,S002,P0001,117,20,0
2024-06-20,S002,P0002,51,20,0
2024-06-20,S002,P0003,83,20,0
2024-06-20,S002,P0004,110,20,0
2024-06-20,S002,P0005,53,20,0
2024-06-20,S002,P0006,40,20,0
2024-06-20,S002,P0007,38,20,0
2024-06-20,S002,P0008,38,20,0
2024-06-20,S002,P0009,93,20,0
2024-06-20,S002,P0010,39,20,0
2024-06-20,S003,P0001,33,20,0
2024-06-20,S003,P0002,114,20,0
2024-06-20,S003,P0003,54,20,0
2024-06-20,S003,P0004,92,20,0
2024-06-20,S003,P0005,93,20,0
2024-06-20,S003,P0006,82,20,0
2024-06-20,S003,P0007,104,20,0
2024-06-20,S003,P0008,88,20,0
2024-06-20,S003,P0009,86,20,0
2024-06-20,S003,P0010,61,20,0
2024-06-20,S004,P0001,107,20,0
2024-06-20,S004,P0002,118,20,0
2024-06-20,S004,P0003,59,20,0
2024-06-20,S004,P0004,76,20,0
2024-06-20,S004,P0005,76,20,0
2024-06-20,S004,P0006,68,20,0
2024-06-20,S004,P0007,29,20,0
2024-06-20,S004,P0008,78,20,0
2024-06-20,S004,P0009,65,20,0
2024-06-20,S004,P0010,35,20,0
2024-06-20,S005,P0001,53,20,0
2024-06-20,S005,P0002,119,20,0
2024-06-20,S005,P0003,70,20,0
2024-06-20,S005,P0004,109,20,0
2024-06-20,S005,P0005,87,20,0
2024-06-20,S005,P0006,88,20,0
2024-06-20,S005,P0007,108,20,0
2024-06-20,S005,P0008,49,20,0
2024-06-20,S005,P0009,37,20,0
2024-06-20,S005,P0010,32,20,0
2024-06-21,S001,P0001,20,20,0
2024-06-21,S001,P0002,88,20,0
2024-06-21,S001,P0003,63,20,0
2024-06-21,S001,P0004,94,20,0
2024-06-21,S001,P0005,77,20,0
2024-06-21,S001,P0006,73,20,0
2024-06-21,S001,P0007,49,20,0
2024-06-21,S001,P0008,65,20,0
2024-06-21,S001,P0009,86,20,0
2024-06-21,S001,P0010,60,20,0
2024-06-21,S002,P0001,114,20,0
2024-06-21,S002,P0002,50,20,0
2024-06-21,S002,P0003,82,20,0
2024-06-21,S002,P0004,108,20,0
2024-06-21,S002,P0005,51,20,0
2024-06-21,S002,P0006,40,20,0
2024-06-21,S002,P0007,37,20,0
2024-06-21,S002,P0008,37,20,0
2024-06-21,S002,P0009,92,20,0
2024-06-21,S002,P0010,39,20,0
2024-06-21,S003,P0001,31,20,0
2024-06-21,S003,P0002,113,20,0
2024-06-21,S003,P0003,52,20,0
2024-06-21,S003,P0004,92,20,0
2024-06-21,S003,P0005,88,20,0
2024-06-21,S003,P0006,82,20,0
2024-06-21,S003,P0007,102,20,0
2024-06-21,S003,P0008,87,20,0
2024-06-21,S003,P0009,85,20,0
2024-06-21,S003,P0010,60,20,0
2024-06-21,S004,P0001,104,20,0
2024-06-21,S004,P0002,117,20,0
2024-06-21,S004,P0003,59,20,0
2024-06-21,S004,P0004,75,20,0
2024-06-21,S004,P0005,69,20,0
2024-06-21,S004,P0006,68,20,0
2024-06-21,S004,P0007,29,20,0
2024-06-21,S004,P0008,77,20,0
2024-06-21,S004,P0009,63,20,0
2024-06-21,S004,P0010,35,20,0
2024-06-21,S005,P0001,51,20,0
2024-06-21,S005,P0002,119,20,0
2024-06-21,S005,P0003,69,20,0
2024-06-21,S005,P0004,108,20,0
2024-06-21,S005,P0005,87,20,0
2024-06-21,S005,P0006,88,20,0
2024-06-21,S005,P0007,105,20,0
2024-06-21,S005,P0008,48,20,0
2024-06-21,S005,P0009,35,20,0
2024-06-21,S005,P0010,32,20,0
2024-06-22,S001,P0001,20,20,0
2024-06-22,S001,P0002,87,20,0
2024-06-22,S001,P0003,63,20,0
2024-06-22,S001,P0004,94,20,0
2024-06-22,S001,P0005,75,20,0
2024-06-22,S001,P0006,73,20,0
2024-06-22,S001,P0007,49,20,0
2024-06-22,S001,P0008,64,20,0
2024-06-22,S001,P0009,84,20,0
2024-06-22,S001,P0010,56,20,0
2024-06-22,S002,P0001,111,20,0
2024-06-22,S002,P0002,48,20,0
2024-06-22,S002,P0003,82,20,0
2024-06-22,S002,P0004,107,20,0
2024-06-22,S002,P0005,49,20,0
2024-06-22,S002,P0006,40,20,0
2024-06-22,S002,P0007,37,20,0
2024-06-22,S002,P0008,36,20,0
2024-06-22,S002,P0009,88,20,0
2024-06-22,S002,P0010,35,20,0
2024-06-22,S003,P0001,29,20,0
2024-06-22,S003,P0002,110,20,0
2024-06-22,S003,P0003,51,20,0
2024-06-22,S003,P0004,91,20,0
2024-06-22,S003,P0005,86,20,0
2024-06-22,S003,P0006,82,20,0
2024-06-22,S003,P0007,101,20,0
2024-06-22,S003,P0008,87,20,0
2024-06-22,S003,P0009,85,20,0
2024-06-22,S003,P0010,60,20,0
2024-06-22,S004,P0001,104,20,0
2024-06-22,S004,P0002,117,20,0
2024-06-22,S004,P0003,56,20,0
2024-06-22,S004,P0004,74,20,0
2024-06-22,S004,P0005,63,20,0
2024-06-22,S004,P0006,68,20,0
2024-06-22,S004,P0007,27,20,0
2024-06-22,S004,P0008,76,20,0
2024-06-22,S004,P0009,61,20,0
2024-06-22,S004,P0010,34,20,0
2024-06-22,S005,P0001,49,20,0
2024-06-22,S005,P0002,115,20,0
2024-06-22,S005,P0003,65,20,0
2024-06-22,S005,P0004,107,20,0
2024-06-22,S005,P0005,85,20,0
2024-06-22,S005,P0006,88,20,0
2024-06-22,S005,P0007,105,20,0
2024-06-22,S005,P0008,46,20,0
2024-06-22,S005,P0009,32,20,0
2024-06-22,S005,P0010,32,20,0
2024-06-23,S001,P0001,117,20,0
2024-06-23,S001,P0002,86,20,0
2024-06-23,S001,P0003,61,20,0
2024-06-23,S001,P0004,90,20,0
2024-06-23,S001,P0005,71,20,0
2024-06-23,S001,P0006,72,20,0
2024-06-23,S001,P0007,47,20,0
2024-06-23,S001,P0008,63,20,0
2024-06-23,S001,P0009,83,20,0
2024-06-23,S001,P0010,55,20,0
2024-06-23,S002,P0001,110,20,0
2024-06-23,S002,P0002,47,20,0
2024-06-23,S002,P0003,82,20,0
2024-06-23,S002,P0004,107,20,0
2024-06-23,S002,P0005,41,20,0
2024-06-23,S002,P0006,39,20,0
2024-06-23,S002,P0007,36,20,0
2024-06-23,S002,P0008,36,20,0
2024-06-23,S002,P0009,88,20,0
2024-06-23,S002,P0010,34,20,0
2024-06-23,S003,P0001,29,20,0
2024-06-23,S003,P0002,110,20,0
2024-06-23,S003,P0003,48,20,0
2024-06-23,S003,P0004,91,20,0
2024-06-23,S003,P0005,84,20,0
2024-06-23,S003,P0006,81,20,0
2024-06-23,S003,P0007,101,20,0
2024-06-23,S003,P0008,86,20,0
2024-06-23,S003,P0009,82,20,0
2024-06-23,S003,P0010,58,20,0
2024-06-23,S004,P0001,102,20,0
2024-06-23,S004,P0002,114,20,0
2024-06-23,S004,P0003,55,20,0
2024-06-23,S004,P0004,73,20,0
2024-06-23,S004,P0005,59,20,0
2024-06-23,S004,P0006,68,20,0
2024-06-23,S004,P0007,25,20,0
2024-06-23,S004,P0008,76,20,0
2024-06-23,S004,P0009,57,20,0
2024-06-23,S004,P0010,33,20,0
2024-06-23,S005,P0001,45,20,0
2024-06-23,S005,P0002,114,20,0
2024-06-23,S005,P0003,63,20,0
2024-06-23,S005,P0004,105,20,0
2024-06-23,S005,P0005,79,20,0
2024-06-23,S005,P0006,87,20,0
2024-06-23,S005,P0007,105,20,0
2024-06-23,S005,P0008,44,20,0
2024-06-23,S005,P0009,28,20,0
2024-06-23,S005,P0010,28,20,0
2024-06-24,S001,P0001,114,20,0
2024-06-24,S001,P0002,84,20,0
2024-06-24,S001,P0003,59,20,0
2024-06-24,S001,P0004,88,20,0
2024-06-24,S001,P0005,70,20,0
2024-06-24,S001,P0006,71,20,0
2024-06-24,S001,P0007,46,20,0
2024-06-24,S001,P0008,62,20,0
2024-06-24,S001,P0009,82,20,0
2024-06-24,S001,P0010,55,20,0
2024-06-24,S002,P0001,109,20,0
2024-06-24,S002,P0002,45,20,0
2024-06-24,S002,P0003,81,20,0
2024-06-24,S002,P0004,107,20,0
2024-06-24,S002,P0005,36,20,0
2024-06-24,S002,P0006,39,20,0
2024-06-24,S002,P0007,36,20,0
2024-06-24,S002,P0008,36,20,0
2024-06-24,S002,P0009,85,20,0
2024-06-24,S002,P0010,32,20,0
2024-06-24,S003,P0001,29,20,0
2024-06-24,S003,P0002,108,20,0
2024-06-24,S003,P0003,48,20,0
2024-06-24,S003,P0004,91,20,0
2024-06-24,S003,P0005,80,20,0
2024-06-24,S003,P0006,80,20,0
2024-06-24,S003,P0007,101,20,0
2024-06-24,S003,P0008,83,20,0
2024-06-24,S003,P0009,79,20,0
2024-06-24,S003,P0010,57,20,0
2024-06-24,S004,P0001,98,20,0
2024-06-24,S004,P0002,113,20,0
2024-06-24,S004,P0003,51,20,0
2024-06-24,S004,P0004,72,20,0
2024-06-24,S004,P0005,59,20,0
2024-06-24,S004,P0006,68,20,0
2024-06-24,S004,P0007,25,20,0
2024-06-24,S004,P0008,76,20,0
2024-06-24,S004,P0009,53,20,0
2024-06-24,S004,P0010,31,20,0
2024-06-24,S005,P0001,44,20,0
2024-06-24,S005,P0002,113,20,0
2024-06-24,S005,P0003,61,20,0
2024-06-24,S005,P0004,104,20,0
2024-06-24,S005,P0005,76,20,0
2024-06-24,S005,P0006,87,20,0
2024-06-24,S005,P0007,105,20,0
2024-06-24,S005,P0008,44,20,0
2024-06-24,S005,P0009,26,20,0
2024-06-24,S005,P0010,27,20,0
2024-06-25,S001,P0001,112,20,0
2024-06-25,S001,P0002,83,20,0
2024-06-25,S001,P0003,58,20,0
2024-06-25,S001,P0004,86,20,0
2024-06-25,S001,P0005,69,20,0
2024-06-25,S001,P0006,70,20,0
2024-06-25,S001,P0007,44,20,0
2024-06-25,S001,P0008,58,20,0
2024-06-25,S001,P0009,82,20,0
2024-06-25,S001,P0010,55,20,0
2024-06-25,S002,P0001,108,20,0
2024-06-25,S002,P0002,43,20,0
2024-06-25,S002,P0003,81,20,0
2024-06-25,S002,P0004,106,20,0
2024-06-25,S002,P0005,31,20,0
2024-06-25,S002,P0006,39,20,0
2024-06-25,S002,P0007,35,20,0
2024-06-25,S002,P0008,36,20,0
2024-06-25,S002,P0009,83,20,0
2024-06-25,S002,P0010,31,20,0
2024-06-25,S003,P0001,29,20,0
2024-06-25,S003,P0002,106,20,0
2024-06-25,S003,P0003,48,20,0
2024-06-25,S003,P0004,90,20,0
2024-06-25,S003,P0005,78,20,0
2024-06-25,S003,P0006,80,20,0
2024-06-25,S003,P0007,98,20,0
2024-06-25,S003,P0008,81,20,0
2024-06-25,S003,P0009,76,20,0
2024-06-25,S003,P0010,56,20,0
2024-06-25,S004,P0001,96,20,0
2024-06-25,S004,P0002,113,20,0
2024-06-25,S004,P0003,50,20,0
2024-06-25,S004,P0004,72,20,0
2024-06-25,S004,P0005,58,20,0
2024-06-25,S004,P0006,68,20,0
2024-06-25,S004,P0007,25,20,0
2024-06-25,S004,P0008,75,20,0
2024-06-25,S004,P0009,53,20,0
2024-06-25,S004,P0010,28,20,0
2024-06-25,S005,P0001,42,20,0
2024-06-25,S005,P0002,110,20,0
2024-06-25,S005,P0003,59,20,0
2024-06-25,S005,P0004,104,20,0
2024-06-25,S005,P0005,72,20,0
2024-06-25,S005,P0006,86,20,0
2024-06-25,S005,P0007,104,20,0
2024-06-25,S005,P0008,44,20,0
2024-06-25,S005,P0009,25,20,0
2024-06-25,S005,P0010,24,20,0
2024-06-26,S001,P0001,112,20,0
2024-06-26,S001,P0002,83,20,0
2024-06-26,S001,P0003,57,20,0
2024-06-26,S001,P0004,85,20,0
2024-06-26,S001,P0005,64,20,0
2024-06-26,S001,P0006,70,20,0
2024-06-26,S001,P0007,41,20,0
2024-06-26,S001,P0008,57,20,0
2024-06-26,S001,P0009,81,20,0
2024-06-26,S001,P0010,54,20,0
2024-06-26,S002,P0001,108,20,0
2024-06-26,S002,P0002,42,20,0
2024-06-26,S002,P0003,79,20,0
2024-06-26,S002,P0004,105,20,0
2024-06-26,S002,P0005,27,20,0
2024-06-26,S002,P0006,37,20,0
2024-06-26,S002,P0007,35,20,0
2024-06-26,S002,P0008,36,20,0
2024-06-26,S002,P0009,83,20,0
2024-06-26,S002,P0010,31,20,0
2024-06-26,S003,P0001,28,20,0
2024-06-26,S003,P0002,106,20,0
2024-06-26,S003,P0003,47,20,0
2024-06-26,S003,P0004,89,20,0
2024-06-26,S003,P0005,76,20,0
2024-06-26,S003,P0006,79,20,0
2024-06-26,S003,P0007,97,20,0
2024-06-26,S003,P0008,81,20,0
2024-06-26,S003,P0009,76,20,0
2024-06-26,S003,P0010,56,20,0
2024-06-26,S004,P0001,96,20,0
2024-06-26,S004,P0002,110,20,0
2024-06-26,S004,P0003,48,20,0
2024-06-26,S004,P0004,71,20,0
2024-06-26,S004,P0005,56,20,0
2024-06-26,S004,P0006,68,20,0
2024-06-26,S004,P0007,24,20,0
2024-06-26,S004,P0008,74,20,0
2024-06-26,S004,P0009,52,20,0
2024-06-26,S004,P0010,26,20,0
2024-06-26,S005,P0001,41,20,0
2024-06-26,S005,P0002,109,20,0
2024-06-26,S005,P0003,59,20,0
2024-06-26,S005,P0004,104,20,0
2024-06-26,S005,P0005,69,20,0
2024-06-26,S005,P0006,86,20,0
2024-06-26,S005,P0007,104,20,0
2024-06-26,S005,P0008,43,20,0
2024-06-26,S005,P0009,25,20,0
2024-06-26,S005,P0010,24,20,0
2024-06-27,S001,P0001,110,20,0
2024-06-27,S001,P0002,82,20,0
2024-06-27,S001,P0003,55,20,0
2024-06-27,S001,P0004,85,20,0
2024-06-27,S001,P0005,62,20,0
2024-06-27,S001,P0006,70,20,0
2024-06-27,S001,P0007,40,20,0
2024-06-27,S001,P0008,57,20,0
2024-06-27,S001,P0009,79,20,0
2024-06-27,S001,P0010,53,20,0
2024-06-27,S002,P0001,107,20,0
2024-06-27,S002,P0002,41,20,0
2024-06-27,S002,P0003,76,20,0
2024-06-27,S002,P0004,105,20,0
2024-06-27,S002,P0005,23,20,0
2024-06-27,S002,P0006,35,20,0
2024-06-27,S002,P0007,35,20,0
2024-06-27,S002,P0008,33,20,0
2024-06-27,S002,P0009,82,20,0
2024-06-27,S002,P0010,31,20,0
2024-06-27,S003,P0001,27,20,0
2024-06-27,S003,P0002,104,20,0
2024-06-27,S003,P0003,46,20,0
2024-06-27,S003,P0004,89,20,0
2024-06-27,S003,P0005,74,20,0
2024-06-27,S003,P0006,79,20,0
2024-06-27,S003,P0007,95,20,0
2024-06-27,S003,P0008,81,20,0
2024-06-27,S003,P0009,76,20,0
2024-06-27,S003,P0010,54,20,0
2024-06-27,S004,P0001,96,20,0
2024-06-27,S004,P0002,108,20,0
2024-06-27,S004,P0003,48,20,0
2024-06-27,S004,P0004,70,20,0
2024-06-27,S004,P0005,53,20,0
2024-06-27,S004,P0006,68,20,0
2024-06-27,S004,P0007,24,20,0
2024-06-27,S004,P0008,73,20,0
2024-06-27,S004,P0009,50,20,0
2024-06-27,S004,P0010,26,20,0
2024-06-27,S005,P0001,41,20,0
2024-06-27,S005,P0002,106,20,0
2024-06-27,S005,P0003,59,20,0
2024-06-27,S005,P0004,104,20,0
2024-06-27,S005,P0005,67,20,0
2024-06-27,S005,P0006,84,20,0
2024-06-27,S005,P0007,104,20,0
2024-06-27,S005,P0008,42,20,0
2024-06-27,S005,P0009,23,20,0
2024-06-27,S005,P0010,22,20,0
2024-06-28,S001,P0001,109,20,0
2024-06-28,S001,P0002,81,20,0
2024-06-28,S001,P0003,53,20,0
2024-06-28,S001,P0004,85,20,0
2024-06-28,S001,P0005,57,20,0
2024-06-28,S001,P0006,69,20,0
2024-06-28,S001,P0007,38,20,0
2024-06-28,S001,P0008,57,20,0
2024-06-28,S001,P0009,73,20,0
2024-06-28,S001,P0010,51,20,0
2024-06-28,S002,P0001,106,20,0
2024-06-28,S002,P0002,38,20,0
2024-06-28,S002,P0003,76,20,0
2024-06-28,S002,P0004,104,20,0
2024-06-28,S002,P0005,22,20,0
2024-06-28,S002,P0006,35,20,0
2024-06-28,S002,P0007,34,20,0
2024-06-28,S002,P0008,31,20,0
2024-06-28,S002,P0009,80,20,0
2024-06-28,S002,P0010,30,20,0
2024-06-28,S003,P0001,26,20,0
2024-06-28,S003,P0002,103,20,0
2024-06-28,S003,P0003,45,20,0
2024-06-28,S003,P0004,88,20,0
2024-06-28,S003,P0005,71,20,0
2024-06-28,S003,P0006,79,20,0
2024-06-28,S003,P0007,93,20,0
2024-06-28,S003,P0008,78,20,0
2024-06-28,S003,P0009,74,20,0
2024-06-28,S003,P0010,54,20,0
2024-06-28,S004,P0001,94,20,0
2024-06-28,S004,P0002,107,20,0
2024-06-28,S004,P0003,48,20,0
2024-06-28,S004,P0004,69,20,0
2024-06-28,S004,P0005,53,20,0
2024-06-28,S004,P0006,67,20,0
2024-06-28,S004,P0007,24,20,0
2024-06-28,S004,P0008,72,20,0
2024-06-28,S004,P0009,46,20,0
2024-06-28,S004,P0010,23,20,0
2024-06-28,S005,P0001,41,20,0
2024-06-28,S005,P0002,106,20,0
2024-06-28,S005,P0003,58,20,0
2024-06-28,S005,P0004,102,20,0
2024-06-28,S005,P0005,66,20,0
2024-06-28,S005,P0006,84,20,0
2024-06-28,S005,P0007,103,20,0
2024-06-28,S005,P0008,42,20,0
2024-06-28,S005,P0009,23,20,0
2024-06-28,S005,P0010,22,20,0
2024-06-29,S001,P0001,107,20,0
2024-06-29,S001,P0002,80,20,0
2024-06-29,S001,P0003,52,20,0
2024-06-29,S001,P0004,82,20,0
2024-06-29,S001,P0005,57,20,0
2024-06-29,S001,P0006,67,20,0
2024-06-29,S001,P0007,37,20,0
2024-06-29,S001,P0008,57,20,0
2024-06-29,S001,P0009,72,20,0
2024-06-29,S001,P0010,49,20,0
2024-06-29,S002,P0001,100,20,0
2024-06-29,S002,P0002,37,20,0
2024-06-29,S002,P0003,70,20,0
2024-06-29,S002,P0004,103,20,0
2024-06-29,S002,P0005,21,20,0
2024-06-29,S002,P0006,35,20,0
2024-06-29,S002,P0007,33,20,0
2024-06-29,S002,P0008,31,20,0
2024-06-29,S002,P0009,78,20,0
2024-06-29,S002,P0010,25,20,0
2024-06-29,S003,P0001,24,20,0
2024-06-29,S003,P0002,101,20,0
2024-06-29,S003,P0003,44,20,0
2024-06-29,S003,P0004,86,20,0
2024-06-29,S003,P0005,71,20,0
2024-06-29,S003,P0006,78,20,0
2024-06-29,S003,P0007,93,20,0
2024-06-29,S003,P0008,78,20,0
2024-06-29,S003,P0009,72,20,0
2024-06-29,S003,P0010,52,20,0
2024-06-29,S004,P0001,94,20,0
2024-06-29,S004,P0002,106,20,0
2024-06-29,S004,P0003,48,20,0
2024-06-29,S004,P0004,69,20,0
2024-06-29,S004,P0005,48,20,0
2024-06-29,S004,P0006,67,20,0
2024-06-29,S004,P0007,23,20,0
2024-06-29,S004,P0008,70,20,0
2024-06-29,S004,P0009,45,20,0
2024-06-29,S004,P0010,119,20,0
2024-06-29,S005,P0001,40,20,0
2024-06-29,S005,P0002,104,20,0
2024-06-29,S005,P0003,57,20,0
2024-06-29,S005,P0004,101,20,0
2024-06-29,S005,P0005,65,20,0
2024-06-29,S005,P0006,82,20,0
2024-06-29,S005,P0007,102,20,0
2024-06-29,S005,P0008,40,20,0
2024-06-29,S005,P0009,21,20,0
2024-06-29,S005,P0010,21,20,0
2024-06-30,S001,P0001,107,20,0
2024-06-30,S001,P0002,78,20,0
2024-06-30,S001,P0003,51,20,0
2024-06-30,S001,P0004,82,20,0
2024-06-30,S001,P0005,55,20,0
2024-06-30,S001,P0006,66,20,0
2024-06-30,S001,P0007,36,20,0
2024-06-30,S001,P0008,56,20,0
2024-06-30,S001,P0009,72,20,0
2024-06-30,S001,P0010,45,20,0
2024-06-30,S002,P0001,99,20,0
2024-06-30,S002,P0002,36,20,0
2024-06-30,S002,P0003,70,20,0
2024-06-30,S002,P0004,103,20,0
2024-06-30,S002,P0005,119,20,0
2024-06-30,S002,P0006,34,20,0
2024-06-30,S002,P0007,33,20,0
2024-06-30,S002,P0008,29,20,0
2024-06-30,S002,P0009,73,20,0
2024-06-30,S002,P0010,23,20,0
2024-06-30,S003,P0001,21,20,0
2024-06-30,S003,P0002,100,20,0
2024-06-30,S003,P0003,43,20,0
2024-06-30,S003,P0004,86,20,0
2024-06-30,S003,P0005,69,20,0
2024-06-30,S003,P0006,78,20,0
2024-06-30,S003,P0007,93,20,0
2024-06-30,S003,P0008,77,20,0
2024-06-30,S003,P0009,72,20,0
2024-06-30,S003,P0010,51,20,0
2024-06-30,S004,P0001,93,20,0
2024-06-30,S004,P0002,105,20,0
2024-06-30,S004,P0003,45,20,0
2024-06-30,S004,P0004,67,20,0
2024-06-30,S004,P0005,47,20,0
2024-06-30,S004,P0006,65,20,0
2024-06-30,S004,P0007,22,20,0
2024-06-30,S004,P0008,70,20,0
2024-06-30,S004,P0009,43,20,0
2024-06-30,S004,P0010,116,20,0
2024-06-30,S005,P0001,40,20,0
2024-06-30,S005,P0002,103,20,0
2024-06-30,S005,P0003,56,20,0
2024-06-30,S005,P0004,100,20,0
2024-06-30,S005,P0005,63,20,0
2024-06-30,S005,P0006,81,20,0
2024-06-30,S005,P0007,101,20,0
2024-06-30,S005,P0008,39,20,0
2024-06-30,S005,P0009,118,20,0
2024-06-30,S005,P0010,21,20,0
2024-07-01,S001,P0001,106,20,0
2024-07-01,S001,P0002,78,20,0
2024-07-01,S001,P0003,50,20,0
2024-07-01,S001,P0004,82,20,0
2024-07-01,S001,P0005,51,20,0
2024-07-01,S001,P0006,65,20,0
2024-07-01,S001,P0007,34,20,0
2024-07-01,S001,P0008,55,20,0
2024-07-01,S001,P0009,69,20,0
2024-07-01,S001,P0010,41,20,0
2024-07-01,S002,P0001,98,20,0
2024-07-01,S002,P0002,36,20,0
2024-07-01,S002,P0003,68,20,0
2024-07-01,S002,P0004,102,20,0
2024-07-01,S002,P0005,118,20,0
2024-07-01,S002,P0006,33,20,0
2024-07-01,S002,P0007,32,20,0
2024-07-01,S002,P0008,29,20,0
2024-07-01,S002,P0009,71,20,0
2024-07-01,S002,P0010,119,20,0
2024-07-01,S003,P0001,117,20,0
2024-07-01,S003,P0002,99,20,0
2024-07-01,S003,P0003,40,20,0
2024-07-01,S003,P0004,84,20,0
2024-07-01,S003,P0005,65,20,0
2024-07-01,S003,P0006,75,20,0
2024-07-01,S003,P0007,90,20,0
2024-07-01,S003,P0008,76,20,0
2024-07-01,S003,P0009,72,20,0
2024-07-01,S003,P0010,51,20,0
2024-07-01,S004,P0001,92,20,0
2024-07-01,S004,P0002,105,20,0
2024-07-01,S004,P0003,44,20,0
2024-07-01,S004,P0004,66,20,0
2024-07-01,S004,P0005,47,20,0
2024-07-01,S004,P0006,65,20,0
2024-07-01,S004,P0007,22,20,0
2024-07-01,S004,P0008,68,20,0
2024-07-01,S004,P0009,42,20,0
2024-07-01,S004,P0010,112,20,0
2024-07-01,S005,P0001,38,20,0
2024-07-01,S005,P0002,101,20,0
2024-07-01,S005,P0003,54,20,0
2024-07-01,S005,P0004,100,20,0
2024-07-01,S005,P0005,60,20,0
2024-07-01,S005,P0006,81,20,0
2024-07-01,S005,P0007,101,20,0
2024-07-01,S005,P0008,39,20,0
2024-07-01,S005,P0009,116,20,0
2024-07-01,S005,P0010,118,20,0
2024-07-02,S001,P0001,106,20,0
2024-07-02,S001,P0002,77,20,0
2024-07-02,S001,P0003,49,20,0
2024-07-02,S001,P0004,82,20,0
2024-07-02,S001,P0005,48,20,0
2024-07-02,S001,P0006,65,20,0
2024-07-02,S001,P0007,34,20,0
2024-07-02,S001,P0008,54,20,0
2024-07-02,S001,P0009,67,20,0
2024-07-02,S001,P0010,41,20,0
2024-07-02,S002,P0001,96,20,0
2024-07-02,S002,P0002,36,20,0
2024-07-02,S002,P0003,66,20,0
2024-07-02,S002,P0004,101,20,0
2024-07-02,S002,P0005,114,20,0
2024-07-02,S002,P0006,32,20,0
2024-07-02,S002,P0007,32,20,0
2024-07-02,S002,P0008,26,20,0
2024-07-02,S002,P0009,70,20,0
2024-07-02,S002,P0010,118,20,0
2024-07-02,S003,P0001,115,20,0
2024-07-02,S003,P0002,98,20,0
2024-07-02,S003,P0003,38,20,0
2024-07-02,S003,P0004,82,20,0
2024-07-02,S003,P0005,61,20,0
2024-07-02,S003,P0006,72,20,0
2024-07-02,S003,P0007,88,20,0
2024-07-02,S003,P0008,75,20,0
2024-07-02,S003,P0009,70,20,0
2024-07-02,S003,P0010,51,20,0
2024-07-02,S004,P0001,91,20,0
2024-07-02,S004,P0002,103,20,0
2024-07-02,S004,P0003,43,20,0
2024-07-02,S004,P0004,64,20,0
2024-07-02,S004,P0005,46,20,0
2024-07-02,S004,P0006,63,20,0
2024-07-02,S004,P0007,21,20,0
2024-07-02,S004,P0008,68,20,0
2024-07-02,S004,P0009,42,20,0
2024-07-02,S004,P0010,111,20,0
2024-07-02,S005,P0001,36,20,0
2024-07-02,S005,P0002,100,20,0
2024-07-02,S005,P0003,53,20,0
2024-07-02,S005,P0004,99,20,0
2024-07-02,S005,P0005,59,20,0
2024-07-02,S005,P0006,81,20,0
2024-07-02,S005,P0007,101,20,0
2024-07-02,S005,P0008,38,20,0
2024-07-02,S005,P0009,114,20,0
2024-07-02,S005,P0010,116,20,0
2024-07-03,S001,P0001,103,20,0
2024-07-03,S001,P0002,76,20,0
2024-07-03,S001,P0003,46,20,0
2024-07-03,S001,P0004,81,20,0
2024-07-03,S001,P0005,47,20,0
2024-07-03,S001,P0006,64,20,0
2024-07-03,S001,P0007,33,20,0
2024-07-03,S001,P0008,53,20,0
2024-07-03,S001,P0009,65,20,0
2024-07-03,S001,P0010,40,20,0
2024-07-03,S002,P0001,96,20,0
2024-07-03,S002,P0002,34,20,0
2024-07-03,S002,P0003,64,20,0
2024-07-03,S002,P0004,100,20,0
2024-07-03,S002,P0005,111,20,0
2024-07-03,S002,P0006,32,20,0
2024-07-03,S002,P0007,31,20,0
2024-07-03,S002,P0008,26,20,0
2024-07-03,S002,P0009,67,20,0
2024-07-03,S002,P0010,116,20,0
2024-07-03,S003,P0001,114,20,0
2024-07-03,S003,P0002,97,20,0
2024-07-03,S003,P0003,37,20,0
2024-07-03,S003,P0004,81,20,0
2024-07-03,S003,P0005,60,20,0
2024-07-03,S003,P0006,72,20,0
2024-07-03,S003,P0007,88,20,0
2024-07-03,S003,P0008,74,20,0
2024-07-03,S003,P0009,69,20,0
2024-07-03,S003,P0010,49,20,0
2024-07-03,S004,P0001,90,20,0
2024-07-03,S004,P0002,100,20,0
2024-07-03,S004,P0003,41,20,0
2024-07-03,S004,P0004,61,20,0
2024-07-03,S004,P0005,44,20,0
2024-07-03,S004,P0006,62,20,0
2024-07-03,S004,P0007,20,20,0
2024-07-03,S004,P0008,67,20,0
2024-07-03,S004,P0009,40,20,0
2024-07-03,S004,P0010,110,20,0
2024-07-03,S005,P0001,36,20,0
2024-07-03,S005,P0002,97,20,0
2024-07-03,S005,P0003,52,20,0
2024-07-03,S005,P0004,98,20,0
2024-07-03,S005,P0005,56,20,0
2024-07-03,S005,P0006,80,20,0
2024-07-03,S005,P0007,100,20,0
2024-07-03,S005,P0008,38,20,0
2024-07-03,S005,P0009,112,20,0
2024-07-03,S005,P0010,114,20,0
2024-07-04,S001,P0001,100,20,0
2024-07-04,S001,P0002,75,20,0
2024-07-04,S001,P0003,44,20,0
2024-07-04,S001,P0004,81,20,0
2024-07-04,S001,P0005,44,20,0
2024-07-04,S001,P0006,64,20,0
2024-07-04,S001,P0007,31,20,0
2024-07-04,S001,P0008,53,20,0
2024-07-04,S001,P0009,63,20,0
2024-07-04,S001,P0010,40,20,0
2024-07-04,S002,P0001,93,20,0
2024-07-04,S002,P0002,34,20,0
2024-07-04,S002,P0003,62,20,0
2024-07-04,S002,P0004,99,20,0
2024-07-04,S002,P0005,110,20,0
2024-07-04,S002,P0006,30,20,0
2024-07-04,S002,P0007,30,20,0
2024-07-04,S002,P0008,24,20,0
2024-07-04,S002,P0009,67,20,0
2024-07-04,S002,P0010,115,20,0
2024-07-04,S003,P0001,113,20,0
2024-07-04,S003,P0002,94,20,0
2024-07-04,S003,P0003,33,20,0
2024-07-04,S003,P0004,80,20,0
2024-07-04,S003,P0005,57,20,0
2024-07-04,S003,P0006,72,20,0
2024-07-04,S003,P0007,88,20,0
2024-07-04,S003,P0008,71,20,0
2024-07-04,S003,P0009,69,20,0
2024-07-04,S003,P0010,48,20,0
2024-07-04,S004,P0001,88,20,0
2024-07-04,S004,P0002,98,20,0
2024-07-04,S004,P0003,40,20,0
2024-07-04,S004,P0004,59,20,0
2024-07-04,S004,P0005,44,20,0
2024-07-04,S004,P0006,61,20,0
2024-07-04,S004,P0007,118,20,0
2024-07-04,S004,P0008,67,20,0
2024-07-04,S004,P0009,40,20,0
2024-07-04,S004,P0010,110,20,0
2024-07-04,S005,P0001,34,20,0
2024-07-04,S005,P0002,97,20,0
2024-07-04,S005,P0003,50,20,0
2024-07-04,S005,P0004,95,20,0
2024-07-04,S005,P0005,54,20,0
2024-07-04,S005,P0006,80,20,0
2024-07-04,S005,P0007,98,20,0
2024-07-04,S005,P0008,36,20,0
2024-07-04,S005,P0009,110,20,0
2024-07-04,S005,P0010,112,20,0
2024-07-05,S001,P0001,95,20,0
2024-07-05,S001,P0002,74,20,0
2024-07-05,S001,P0003,41,20,0
2024-07-05,S001,P0004,80,20,0
2024-07-05,S001,P0005,42,20,0
2024-07-05,S001,P0006,62,20,0
2024-07-05,S001,P0007,31,20,0
2024-07-05,S001,P0008,50,20,0
2024-07-05,S001,P0009,63,20,0
2024-07-05,S001,P0010,35,20,0
2024-07-05,S002,P0001,89,20,0
2024-07-05,S002,P0002,32,20,0
2024-07-05,S002,P0003,62,20,0
2024-07-05,S002,P0004,97,20,0
2024-07-05,S002,P0005,106,20,0
2024-07-05,S002,P0006,30,20,0
2024-07-05,S002,P0007,29,20,0
2024-07-05,S002,P0008,24,20,0
2024-07-05,S002,P0009,66,20,0
2024-07-05,S002,P0010,114,20,0
2024-07-05,S003,P0001,109,20,0
2024-07-05,S003,P0002,94,20,0
2024-07-05,S003,P0003,31,20,0
2024-07-05,S003,P0004,80,20,0
2024-07-05,S003,P0005,55,20,0
2024-07-05,S003,P0006,71,20,0
2024-07-05,S003,P0007,88,20,0
2024-07-05,S003,P0008,68,20,0
2024-07-05,S003,P0009,68,20,0
2024-07-05,S003,P0010,47,20,0
2024-07-05,S004,P0001,88,20,0
2024-07-05,S004,P0002,95,20,0
2024-07-05,S004,P0003,40,20,0
2024-07-05,S004,P0004,59,20,0
2024-07-05,S004,P0005,42,20,0
2024-07-05,S004,P0006,60,20,0
2024-07-05,S004,P0007,118,20,0
2024-07-05,S004,P0008,66,20,0
2024-07-05,S004,P0009,39,20,0
2024-07-05,S004,P0010,110,20,0
2024-07-05,S005,P0001,33,20,0
2024-07-05,S005,P0002,96,20,0
2024-07-05,S005,P0003,50,20,0
2024-07-05,S005,P0004,92,20,0
2024-07-05,S005,P0005,51,20,0
2024-07-05,S005,P0006,78,20,0
2024-07-05,S005,P0007,96,20,0
2024-07-05,S005,P0008,34,20,0
2024-07-05,S005,P0009,108,20,0
2024-07-05,S005,P0010,112,20,0
2024-07-06,S001,P0001,94,20,0
2024-07-06,S001,P0002,74,20,0
2024-07-06,S001,P0003,40,20,0
2024-07-06,S001,P0004,78,20,0
2024-07-06,S001,P0005,37,20,0
2024-07-06,S001,P0006,62,20,0
2024-07-06,S001,P0007,29,20,0
2024-07-06,S001,P0008,46,20,0
2024-07-06,S001,P0009,57,20,0
2024-07-06,S001,P0010,34,20,0
2024-07-06,S002,P0001,89,20,0
2024-07-06,S002,P0002,30,20,0
2024-07-06,S002,P0003,62,20,0
2024-07-06,S002,P0004,94,20,0
2024-07-06,S002,P0005,103,20,0
2024-07-06,S002,P0006,29,20,0
2024-07-06,S002,P0007,25,20,0
2024-07-06,S002,P0008,24,20,0
2024-07-06,S002,P0009,65,20,0
2024-07-06,S002,P0010,113,20,0
2024-07-06,S003,P0001,108,20,0
2024-07-06,S003,P0002,93,20,0
2024-07-06,S003,P0003,31,20,0
2024-07-06,S003,P0004,76,20,0
2024-07-06,S003,P0005,52,20,0
2024-07-06,S003,P0006,69,20,0
2024-07-06,S003,P0007,88,20,0
2024-07-06,S003,P0008,66,20,0
2024-07-06,S003,P0009,65,20,0
2024-07-06,S003,P0010,46,20,0
2024-07-06,S004,P0001,86,20,0
2024-07-06,S004,P0002,91,20,0
2024-07-06,S004,P0003,39,20,0
2024-07-06,S004,P0004,58,20,0
2024-07-06,S004,P0005,36,20,0
2024-07-06,S004,P0006,58,20,0
2024-07-06,S004,P0007,117,20,0
2024-07-06,S004,P0008,63,20,0
2024-07-06,S004,P0009,37,20,0
2024-07-06,S004,P0010,108,20,0
2024-07-06,S005,P0001,33,20,0
2024-07-06,S005,P0002,95,20,0
2024-07-06,S005,P0003,49,20,0
2024-07-06,S005,P0004,90,20,0
2024-07-06,S005,P0005,48,20,0
2024-07-06,S005,P0006,78,20,0
2024-07-06,S005,P0007,96,20,0
2024-07-06,S005,P0008,31,20,0
2024-07-06,S005,P0009,106,20,0
2024-07-06,S005,P0010,111,20,0
2024-07-07,S001,P0001,92,20,0
2024-07-07,S001,P0002,73,20,0
2024-07-07,S001,P0003,37,20,0
2024-07-07,S001,P0004,78,20,0
2024-07-07,S001,P0005,35,20,0
2024-07-07,S001,P0006,62,20,0
2024-07-07,S001,P0007,28,20,0
2024-07-07,S001,P0008,45,20,0
2024-07-07,S001,P0009,54,20,0
2024-07-07,S001,P0010,32,20,0
2024-07-07,S002,P0001,87,20,0
2024-07-07,S002,P0002,29,20,0
2024-07-07,S002,P0003,62,20,0
2024-07-07,S002,P0004,93,20,0
2024-07-07,S002,P0005,102,20,0
2024-07-07,S002,P0006,29,20,0
2024-07-07,S002,P0007,24,20,0
2024-07-07,S002,P0008,23,20,0
2024-07-07,S002,P0009,60,20,0
2024-07-07,S002,P0010,112,20,0
2024-07-07,S003,P0001,107,20,0
2024-07-07,S003,P0002,92,20,0
2024-07-07,S003,P0003,29,20,0
2024-07-07,S003,P0004,76,20,0
2024-07-07,S003,P0005,49,20,0
2024-07-07,S003,P0006,69,20,0
2024-07-07,S003,P0007,88,20,0
2024-07-07,S003,P0008,64,20,0
2024-07-07,S003,P0009,62,20,0
2024-07-07,S003,P0010,46,20,0
2024-07-07,S004,P0001,84,20,0
2024-07-07,S004,P0002,91,20,0
2024-07-07,S004,P0003,38,20,0
2024-07-07,S004,P0004,58,20,0
2024-07-07,S004,P0005,33,20,0
2024-07-07,S004,P0006,58,20,0
2024-07-07,S004,P0007,116,20,0
2024-07-07,S004,P0008,63,20,0
2024-07-07,S004,P0009,35,20,0
2024-07-07,S004,P0010,107,20,0
2024-07-07,S005,P0001,32,20,0
2024-07-07,S005,P0002,94,20,0
2024-07-07,S005,P0003,48,20,0
2024-07-07,S005,P0004,88,20,0
2024-07-07,S005,P0005,46,20,0
2024-07-07,S005,P0006,78,20,0
2024-07-07,S005,P0007,96,20,0
2024-07-07,S005,P0008,29,20,0
2024-07-07,S005,P0009,104,20,0
2024-07-07,S005,P0010,110,20,0
2024-07-08,S001,P0001,92,20,0
2024-07-08,S001,P0002,73,20,0
2024-07-08,S001,P0003,37,20,0
2024-07-08,S001,P0004,77,20,0
2024-07-08,S001,P0005,33,20,0
2024-07-08,S001,P0006,61,20,0
2024-07-08,S001,P0007,26,20,0
2024-07-08,S001,P0008,45,20,0
2024-07-08,S001,P0009,52,20,0
2024-07-08,S001,P0010,30,20,0
2024-07-08,S002,P0001,87,20,0
2024-07-08,S002,P0002,29,20,0
2024-07-08,S002,P0003,61,20,0
2024-07-08,S002,P0004,92,20,0
2024-07-08,S002,P0005,98,20,0
2024-07-08,S002,P0006,27,20,0
2024-07-08,S002,P0007,24,20,0
2024-07-08,S002,P0008,23,20,0
2024-07-08,S002,P0009,60,20,0
2024-07-08,S002,P0010,110,20,0
2024-07-08,S003,P0001,106,20,0
2024-07-08,S003,P0002,91,20,0
2024-07-08,S003,P0003,28,20,0
2024-07-08,S003,P0004,75,20,0
2024-07-08,S003,P0005,44,20,0
2024-07-08,S003,P0006,68,20,0
2024-07-08,S003,P0007,88,20,0
2024-07-08,S003,P0008,62,20,0
2024-07-08,S003,P0009,61,20,0
2024-07-08,S003,P0010,45,20,0
2024-07-08,S004,P0001,82,20,0
2024-07-08,S004,P0002,89,20,0
2024-07-08,S004,P0003,36,20,0
2024-07-08,S004,P0004,57,20,0
2024-07-08,S004,P0005,31,20,0
2024-07-08,S004,P0006,58,20,0
2024-07-08,S004,P0007,114,20,0
2024-07-08,S004,P0008,61,20,0
2024-07-08,S004,P0009,35,20,0
2024-07-08,S004,P0010,106,20,0
2024-07-08,S005,P0001,30,20,0
2024-07-08,S005,P0002,90,20,0
2024-07-08,S005,P0003,48,20,0
2024-07-08,S005,P0004,86,20,0
2024-07-08,S005,P0005,43,20,0
2024-07-08,S005,P0006,77,20,0
2024-07-08,S005,P0007,95,20,0
2024-07-08,S005,P0008,28,20,0
2024-07-08,S005,P0009,101,20,0
2024-07-08,S005,P0010,108,20,0
2024-07-09,S001,P0001,90,20,0
2024-07-09,S001,P0002,73,20,0
2024-07-09,S001,P0003,36,20,0
2024-07-09,S001,P0004,77,20,0
2024-07-09,S001,P0005,28,20,0
2024-07-09,S001,P0006,61,20,0
2024-07-09,S001,P0007,25,20,0
2024-07-09,S001,P0008,44,20,0
2024-07-09,S001,P0009,49,20,0
2024-07-09,S001,P0010,29,20,0
2024-07-09,S002,P0001,87,20,0
2024-07-09,S002,P0002,27,20,0
2024-07-09,S002,P0003,61,20,0
2024-07-09,S002,P0004,92,20,0
2024-07-09,S002,P0005,94,20,0
2024-07-09,S002,P0006,26,20,0
2024-07-09,S002,P0007,21,20,0
2024-07-09,S002,P0008,22,20,0
2024-07-09,S002,P0009,54,20,0
2024-07-09,S002,P0010,108,20,0
2024-07-09,S003,P0001,105,20,0
2024-07-09,S003,P0002,89,20,0
2024-07-09,S003,P0003,28,20,0
2024-07-09,S003,P0004,75,20,0
2024-07-09,S003,P0005,42,20,0
2024-07-09,S003,P0006,67,20,0
2024-07-09,S003,P0007,87,20,0
2024-07-09,S003,P0008,62,20,0
2024-07-09,S003,P0009,58,20,0
2024-07-09,S003,P0010,43,20,0
2024-07-09,S004,P0001,81,20,0
2024-07-09,S004,P0002,89,20,0
2024-07-09,S004,P0003,32,20,0
2024-07-09,S004,P0004,57,20,0
2024-07-09,S004,P0005,28,20,0
2024-07-09,S004,P0006,57,20,0
2024-07-09,S004,P0007,113,20,0
2024-07-09,S004,P0008,59,20,0
2024-07-09,S004,P0009,33,20,0
2024-07-09,S004,P0010,105,20,0
2024-07-09,S005,P0001,28,20,0
2024-07-09,S005,P0002,88,20,0
2024-07-09,S005,P0003,47,20,0
2024-07-09,S005,P0004,86,20,0
2024-07-09,S005,P0005,38,20,0
2024-07-09,S005,P0006,77,20,0
2024-07-09,S005,P0007,93,20,0
2024-07-09,S005,P0008,27,20,0
2024-07-09,S005,P0009,100,20,0
2024-07-09,S005,P0010,107,20,0
2024-07-10,S001,P0001,89,20,0
2024-07-10,S001,P0002,71,20,0
2024-07-10,S001,P0003,35,20,0
2024-07-10,S001,P0004,75,20,0
2024-07-10,S001,P0005,27,20,0
2024-07-10,S001,P0006,61,20,0
2024-07-10,S001,P0007,24,20,0
2024-07-10,S001,P0008,40,20,0
2024-07-10,S001,P0009,49,20,0
2024-07-10,S001,P0010,28,20,0
2024-07-10,S002,P0001,85,20,0
2024-07-10,S002,P0002,24,20,0
2024-07-10,S002,P0003,59,20,0
2024-07-10,S002,P0004,90,20,0
2024-07-10,S002,P0005,92,20,0
2024-07-10,S002,P0006,26,20,0
2024-07-10,S002,P0007,119,20,0
2024-07-10,S002,P0008,22,20,0
2024-07-10,S002,P0009,52,20,0
2024-07-10,S002,P0010,108,20,0
2024-07-10,S003,P0001,105,20,0
2024-07-10,S003,P0002,89,20,0
2024-07-10,S003,P0003,27,20,0
2024-07-10,S003,P0004,75,20,0
2024-07-10,S003,P0005,39,20,0
2024-07-10,S003,P0006,66,20,0
2024-07-10,S003,P0007,87,20,0
2024-07-10,S003,P0008,62,20,0
2024-07-10,S003,P0009,52,20,0
2024-07-10,S003,P0010,42,20,0
2024-07-10,S004,P0001,81,20,0
2024-07-10,S004,P0002,87,20,0
2024-07-10,S004,P0003,31,20,0
2024-07-10,S004,P0004,56,20,0
2024-07-10,S004,P0005,27,20,0
2024-07-10,S004,P0006,55,20,0
2024-07-10,S004,P0007,113,20,0
2024-07-10,S004,P0008,57,20,0
2024-07-10,S004,P0009,32,20,0
2024-07-10,S004,P0010,102,20,0
2024-07-10,S005,P0001,26,20,0
2024-07-10,S005,P0002,87,20,0
2024-07-10,S005,P0003,46,20,0
2024-07-10,S005,P0004,86,20,0
2024-07-10,S005,P0005,35,20,0
2024-07-10,S005,P0006,77,20,0
2024-07-10,S005,P0007,93,20,0
2024-07-10,S005,P0008,23,20,0
2024-07-10,S005,P0009,98,20,0
2024-07-10,S005,P0010,107,20,0
2024-07-11,S001,P0001,89,20,0
2024-07-11,S001,P0002,70,20,0
2024-07-11,S001,P0003,35,20,0
2024-07-11,S001,P0004,74,20,0
2024-07-11,S001,P0005,26,20,0
2024-07-11,S001,P0006,60,20,0
2024-07-11,S001,P0007,22,20,0
2024-07-11,S001,P0008,39,20,0
2024-07-11,S001,P0009,48,20,0
2024-07-11,S001,P0010,27,20,0
2024-07-11,S002,P0001,84,20,0
2024-07-11,S002,P0002,22,20,0
2024-07-11,S002,P0003,57,20,0
2024-07-11,S002,P0004,88,20,0
2024-07-11,S002,P0005,90,20,0
2024-07-11,S002,P0006,26,20,0
2024-07-11,S002,P0007,118,20,0
2024-07-11,S002,P0008,21,20,0
2024-07-11,S002,P0009,49,20,0
2024-07-11,S002,P0010,107,20,0
2024-07-11,S003,P0001,102,20,0
2024-07-11,S003,P0002,85,20,0
2024-07-11,S003,P0003,24,20,0
2024-07-11,S003,P0004,72,20,0
2024-07-11,S003,P0005,36,20,0
2024-07-11,S003,P0006,65,20,0
2024-07-11,S003,P0007,86,20,0
2024-07-11,S003,P0008,61,20,0
2024-07-11,S003,P0009,51,20,0
2024-07-11,S003,P0010,38,20,0
2024-07-11,S004,P0001,80,20,0
2024-07-11,S004,P0002,83,20,0
2024-07-11,S004,P0003,30,20,0
2024-07-11,S004,P0004,54,20,0
2024-07-11,S004,P0005,24,20,0
2024-07-11,S004,P0006,54,20,0
2024-07-11,S004,P0007,112,20,0
2024-07-11,S004,P0008,56,20,0
2024-07-11,S004,P0009,32,20,0
2024-07-11,S004,P0010,99,20,0
2024-07-11,S005,P0001,23,20,0
2024-07-11,S005,P0002,86,20,0
2024-07-11,S005,P0003,44,20,0
2024-07-11,S005,P0004,86,20,0
2024-07-11,S005,P0005,33,20,0
2024-07-11,S005,P0006,76,20,0
2024-07-11,S005,P0007,93,20,0
2024-07-11,S005,P0008,20,20,0
2024-07-11,S005,P0009,98,20,0
2024-07-11,S005,P0010,105,20,0
2024-07-12,S001,P0001,88,20,0
2024-07-12,S001,P0002,69,20,0
2024-07-12,S001,P0003,34,20,0
2024-07-12,S001,P0004,72,20,0
2024-07-12,S001,P0005,24,20,0
2024-07-12,S001,P0006,58,20,0
2024-07-12,S001,P0007,22,20,0
2024-07-12,S001,P0008,37,20,0
2024-07-12,S001,P0009,45,20,0
2024-07-12,S001,P0010,25,20,0
2024-07-12,S002,P0001,82,20,0
2024-07-12,S002,P0002,22,20,0
2024-07-12,S002,P0003,56,20,0
2024-07-12,S002,P0004,87,20,0
2024-07-12,S002,P0005,85,20,0
2024-07-12,S002,P0006,26,20,0
2024-07-12,S002,P0007,116,20,0
2024-07-12,S002,P0008,20,20,0
2024-07-12,S002,P0009,47,20,0
2024-07-12,S002,P0010,105,20,0
2024-07-12,S003,P0001,102,20,0
2024-07-12,S003,P0002,81,20,0
2024-07-12,S003,P0003,24,20,0
2024-07-12,S003,P0004,71,20,0
2024-07-12,S003,P0005,32,20,0
2024-07-12,S003,P0006,64,20,0
2024-07-12,S003,P0007,85,20,0
2024-07-12,S003,P0008,60,20,0
2024-07-12,S003,P0009,47,20,0
2024-07-12,S003,P0010,33,20,0
2024-07-12,S004,P0001,80,20,0
2024-07-12,S004,P0002,83,20,0
2024-07-12,S004,P0003,30,20,0
2024-07-12,S004,P0004,50,20,0
2024-07-12,S004,P0005,21,20,0
2024-07-12,S004,P0006,54,20,0
2024-07-12,S004,P0007,110,20,0
2024-07-12,S004,P0008,55,20,0
2024-07-12,S004,P0009,30,20,0
2024-07-12,S004,P0010,95,20,0
2024-07-12,S005,P0001,23,20,0
2024-07-12,S005,P0002,81,20,0
2024-07-12,S005,P0003,42,20,0
2024-07-12,S005,P0004,85,20,0
2024-07-12,S005,P0005,32,20,0
2024-07-12,S005,P0006,76,20,0
2024-07-12,S005,P0007,93,20,0
2024-07-12,S005,P0008,119,20,0
2024-07-12,S005,P0009,96,20,0
2024-07-12,S005,P0010,104,20,0
2024-07-13,S001,P0001,87,20,0
2024-07-13,S001,P0002,67,20,0
2024-07-13,S001,P0003,32,20,0
2024-07-13,S001,P0004,71,20,0
2024-07-13,S001,P0005,119,20,0
2024-07-13,S001,P0006,57,20,0
2024-07-13,S001,P0007,20,20,0
2024-07-13,S001,P0008,36,20,0
2024-07-13,S001,P0009,43,20,0
2024-07-13,S001,P0010,25,20,0
2024-07-13,S002,P0001,81,20,0
2024-07-13,S002,P0002,20,20,0
2024-07-13,S002,P0003,56,20,0
2024-07-13,S002,P0004,87,20,0
2024-07-13,S002,P0005,82,20,0
2024-07-13,S002,P0006,25,20,0
2024-07-13,S002,P0007,115,20,0
2024-07-13,S002,P0008,118,20,0
2024-07-13,S002,P0009,47,20,0
2024-07-13,S002,P0010,105,20,0
2024-07-13,S003,P0001,101,20,0
2024-07-13,S003,P0002,80,20,0
2024-07-13,S003,P0003,24,20,0
2024-07-13,S003,P0004,71,20,0
2024-07-13,S003,P0005,29,20,0
2024-07-13,S003,P0006,64,20,0
2024-07-13,S003,P0007,84,20,0
2024-07-13,S003,P0008,60,20,0
2024-07-13,S003,P0009,47,20,0
2024-07-13,S003,P0010,33,20,0
2024-07-13,S004,P0001,78,20,0
2024-07-13,S004,P0002,81,20,0
2024-07-13,S004,P0003,27,20,0
2024-07-13,S004,P0004,50,20,0
2024-07-13,S004,P0005,118,20,0
2024-07-13,S004,P0006,53,20,0
2024-07-13,S004,P0007,109,20,0
2024-07-13,S004,P0008,53,20,0
2024-07-13,S004,P0009,28,20,0
2024-07-13,S004,P0010,95,20,0
2024-07-13,S005,P0001,20,20,0
2024-07-13,S005,P0002,81,20,0
2024-07-13,S005,P0003,41,20,0
2024-07-13,S005,P0004,83,20,0
2024-07-13,S005,P0005,30,20,0
2024-07-13,S005,P0006,76,20,0
2024-07-13,S005,P0007,93,20,0
2024-07-13,S005,P0008,117,20,0
2024-07-13,S005,P0009,93,20,0
2024-07-13,S005,P0010,102,20,0
2024-07-14,S001,P0001,84,20,0
2024-07-14,S001,P0002,65,20,0
2024-07-14,S001,P0003,31,20,0
2024-07-14,S001,P0004,71,20,0
2024-07-14,S001,P0005,116,20,0
2024-07-14,S001,P0006,56,20,0
2024-07-14,S001,P0007,118,20,0
2024-07-14,S001,P0008,35,20,0
2024-07-14,S001,P0009,40,20,0
2024-07-14,S001,P0010,21,20,0
2024-07-14,S002,P0001,81,20,0
2024-07-14,S002,P0002,117,20,0
2024-07-14,S002,P0003,56,20,0
2024-07-14,S002,P0004,87,20,0
2024-07-14,S002,P0005,81,20,0
2024-07-14,S002,P0006,25,20,0
2024-07-14,S002,P0007,113,20,0
2024-07-14,S002,P0008,117,20,0
2024-07-14,S002,P0009,46,20,0
2024-07-14,S002,P0010,104,20,0
2024-07-14,S003,P0001,101,20,0
2024-07-14,S003,P0002,79,20,0
2024-07-14,S003,P0003,23,20,0
2024-07-14,S003,P0004,70,20,0
2024-07-14,S003,P0005,26,20,0
2024-07-14,S003,P0006,63,20,0
2024-07-14,S003,P0007,84,20,0
2024-07-14,S003,P0008,60,20,0
2024-07-14,S003,P0009,45,20,0
2024-07-14,S003,P0010,31,20,0
2024-07-14,S004,P0001,77,20,0
2024-07-14,S004,P0002,79,20,0
2024-07-14,S004,P0003,27,20,0
2024-07-14,S004,P0004,49,20,0
2024-07-14,S004,P0005,112,20,0
2024-07-14,S004,P0006,53,20,0
2024-07-14,S004,P0007,108,20,0
2024-07-14,S004,P0008,52,20,0
2024-07-14,S004,P0009,27,20,0
2024-07-14,S004,P0010,94,20,0
2024-07-14,S005,P0001,119,20,0
2024-07-14,S005,P0002,79,20,0
2024-07-14,S005,P0003,40,20,0
2024-07-14,S005,P0004,83,20,0
2024-07-14,S005,P0005,25,20,0
2024-07-14,S005,P0006,76,20,0
2024-07-14,S005,P0007,92,20,0
2024-07-14,S005,P0008,116,20,0
2024-07-14,S005,P0009,92,20,0
2024-07-14,S005,P0010,99,20,0
2024-07-15,S001,P0001,82,20,0
2024-07-15,S001,P0002,64,20,0
2024-07-15,S001,P0003,29,20,0
2024-07-15,S001,P0004,70,20,0
2024-07-15,S001,P0005,112,20,0
2024-07-15,S001,P0006,55,20,0
2024-07-15,S001,P0007,118,20,0
2024-07-15,S001,P0008,33,20,0
2024-07-15,S001,P0009,39,20,0
2024-07-15,S001,P0010,20,20,0
2024-07-15,S002,P0001,79,20,0
2024-07-15,S002,P0002,116,20,0
2024-07-15,S002,P0003,55,20,0
2024-07-15,S002,P0004,86,20,0
2024-07-15,S002,P0005,78,20,0
2024-07-15,S002,P0006,25,20,0
2024-07-15,S002,P0007,113,20,0
2024-07-15,S002,P0008,116,20,0
2024-07-15,S002,P0009,45,20,0
2024-07-15,S002,P0010,101,20,0
2024-07-15,S003,P0001,95,20,0
2024-07-15,S003,P0002,78,20,0
2024-07-15,S003,P0003,22,20,0
2024-07-15,S003,P0004,67,20,0
2024-07-15,S003,P0005,24,20,0
2024-07-15,S003,P0006,61,20,0
2024-07-15,S003,P0007,81,20,0
2024-07-15,S003,P0008,60,20,0
2024-07-15,S003,P0009,41,20,0
2024-07-15,S003,P0010,28,20,0
2024-07-15,S004,P0001,77,20,0
2024-07-15,S004,P0002,79,20,0
2024-07-15,S004,P0003,26,20,0
2024-07-15,S004,P0004,47,20,0
2024-07-15,S004,P0005,110,20,0
2024-07-15,S004,P0006,53,20,0
2024-07-15,S004,P0007,108,20,0
2024-07-15,S004,P0008,52,20,0
2024-07-15,S004,P0009,27,20,0
2024-07-15,S004,P0010,92,20,0
2024-07-15,S005,P0001,117,20,0
2024-07-15,S005,P0002,77,20,0
2024-07-15,S005,P0003,39,20,0
2024-07-15,S005,P0004,83,20,0
2024-07-15,S005,P0005,20,20,0
2024-07-15,S005,P0006,76,20,0
2024-07-15,S005,P0007,91,20,0
2024-07-15,S005,P0008,115,20,0
2024-07-15,S005,P0009,91,20,0
2024-07-15,S005,P0010,98,20,0
2024-07-16,S001,P0001,81,20,0
2024-07-16,S001,P0002,61,20,0
2024-07-16,S001,P0003,28,20,0
2024-07-16,S001,P0004,70,20,0
2024-07-16,S001,P0005,112,20,0
2024-07-16,S001,P0006,55,20,0
2024-07-16,S001,P0007,117,20,0
2024-07-16,S001,P0008,31,20,0
2024-07-16,S001,P0009,37,20,0
2024-07-16,S001,P0010,119,20,0
2024-07-16,S002,P0001,79,20,0
2024-07-16,S002,P0002,113,20,0
2024-07-16,S002,P0003,52,20,0
2024-07-16,S002,P0004,84,20,0
2024-07-16,S002,P0005,74,20,0
2024-07-16,S002,P0006,25,20,0
2024-07-16,S002,P0007,112,20,0
2024-07-16,S002,P0008,115,20,0
2024-07-16,S002,P0009,44,20,0
2024-07-16,S002,P0010,100,20,0
2024-07-16,S003,P0001,94,20,0
2024-07-16,S003,P0002,78,20,0
2024-07-16,S003,P0003,21,20,0
2024-07-16,S003,P0004,66,20,0
2024-07-16,S003,P0005,22,20,0
2024-07-16,S003,P0006,61,20,0
2024-07-16,S003,P0007,78,20,0
2024-07-16,S003,P0008,59,20,0
2024-07-16,S003,P0009,39,20,0
2024-07-16,S003,P0010,27,20,0
2024-07-16,S004,P0001,77,20,0
2024-07-16,S004,P0002,78,20,0
2024-07-16,S004,P0003,26,20,0
2024-07-16,S004,P0004,45,20,0
2024-07-16,S004,P0005,107,20,0
2024-07-16,S004,P0006,53,20,0
2024-07-16,S004,P0007,107,20,0
2024-07-16,S004,P0008,48,20,0
2024-07-16,S004,P0009,23,20,0
2024-07-16,S004,P0010,90,20,0
2024-07-16,S005,P0001,117,20,0
2024-07-16,S005,P0002,75,20,0
2024-07-16,S005,P0003,37,20,0
2024-07-16,S005,P0004,83,20,0
2024-07-16,S005,P0005,116,20,0
2024-07-16,S005,P0006,76,20,0
2024-07-16,S005,P0007,91,20,0
2024-07-16,S005,P0008,114,20,0
2024-07-16,S005,P0009,90,20,0
2024-07-16,S005,P0010,96,20,0
2024-07-17,S001,P0001,79,20,0
2024-07-17,S001,P0002,59,20,0
2024-07-17,S001,P0003,27,20,0
2024-07-17,S001,P0004,70,20,0
2024-07-17,S001,P0005,110,20,0
2024-07-17,S001,P0006,53,20,0
2024-07-17,S001,P0007,115,20,0
2024-07-17,S001,P0008,30,20,0
2024-07-17,S001,P0009,36,20,0
2024-07-17,S001,P0010,117,20,0
2024-07-17,S002,P0001,78,20,0
2024-07-17,S002,P0002,111,20,0
2024-07-17,S002,P0003,51,20,0
2024-07-17,S002,P0004,84,20,0
2024-07-17,S002,P0005,68,20,0
2024-07-17,S002,P0006,25,20,0
2024-07-17,S002,P0007,111,20,0
2024-07-17,S002,P0008,113,20,0
2024-07-17,S002,P0009,43,20,0
2024-07-17,S002,P0010,99,20,0
2024-07-17,S003,P0001,94,20,0
2024-07-17,S003,P0002,76,20,0
2024-07-17,S003,P0003,21,20,0
2024-07-17,S003,P0004,65,20,0
2024-07-17,S003,P0005,116,20,0
2024-07-17,S003,P0006,61,20,0
2024-07-17,S003,P0007,76,20,0
2024-07-17,S003,P0008,58,20,0
2024-07-17,S003,P0009,38,20,0
2024-07-17,S003,P0010,27,20,0
2024-07-17,S004,P0001,73,20,0
2024-07-17,S004,P0002,77,20,0
2024-07-17,S004,P0003,25,20,0
2024-07-17,S004,P0004,45,20,0
2024-07-17,S004,P0005,105,20,0
2024-07-17,S004,P0006,53,20,0
2024-07-17,S004,P0007,107,20,0
2024-07-17,S004,P0008,45,20,0
2024-07-17,S004,P0009,23,20,0
2024-07-17,S004,P0010,87,20,0
2024-07-17,S005,P0001,116,20,0
2024-07-17,S005,P0002,73,20,0
2024-07-17,S005,P0003,36,20,0
2024-07-17,S005,P0004,81,20,0
2024-07-17,S005,P0005,110,20,0
2024-07-17,S005,P0006,76,20,0
2024-07-17,S005,P0007,91,20,0
2024-07-17,S005,P0008,111,20,0
2024-07-17,S005,P0009,89,20,0
2024-07-17,S005,P0010,96,20,0
2024-07-18,S001,P0001,76,20,0
2024-07-18,S001,P0002,57,20,0
2024-07-18,S001,P0003,26,20,0
2024-07-18,S001,P0004,70,20,0
2024-07-18,S001,P0005,110,20,0
2024-07-18,S001,P0006,53,20,0
2024-07-18,S001,P0007,115,20,0
2024-07-18,S001,P0008,28,20,0
2024-07-18,S001,P0009,33,20,0
2024-07-18,S001,P0010,116,20,0
2024-07-18,S002,P0001,78,20,0
2024-07-18,S002,P0002,110,20,0
2024-07-18,S002,P0003,50,20,0
2024-07-18,S002,P0004,82,20,0
2024-07-18,S002,P0005,68,20,0
2024-07-18,S002,P0006,23,20,0
2024-07-18,S002,P0007,109,20,0
2024-07-18,S002,P0008,113,20,0
2024-07-18,S002,P0009,41,20,0
2024-07-18,S002,P0010,99,20,0
2024-07-18,S003,P0001,93,20,0
2024-07-18,S003,P0002,73,20,0
2024-07-18,S003,P0003,119,20,0
2024-07-18,S003,P0004,64,20,0
2024-07-18,S003,P0005,112,20,0
2024-07-18,S003,P0006,59,20,0
2024-07-18,S003,P0007,72,20,0
2024-07-18,S003,P0008,57,20,0
2024-07-18,S003,P0009,38,20,0
2024-07-18,S003,P0010,25,20,0
2024-07-18,S004,P0001,71,20,0
2024-07-18,S004,P0002,75,20,0
2024-07-18,S004,P0003,22,20,0
2024-07-18,S004,P0004,44,20,0
2024-07-18,S004,P0005,103,20,0
2024-07-18,S004,P0006,52,20,0
2024-07-18,S004,P0007,105,20,0
2024-07-18,S004,P0008,42,20,0
2024-07-18,S004,P0009,22,20,0
2024-07-18,S004,P0010,87,20,0
2024-07-18,S005,P0001,114,20,0
2024-07-18,S005,P0002,69,20,0
2024-07-18,S005,P0003,35,20,0
2024-07-18,S005,P0004,81,20,0
2024-07-18,S005,P0005,106,20,0
2024-07-18,S005,P0006,76,20,0
2024-07-18,S005,P0007,90,20,0
2024-07-18,S005,P0008,111,20,0
2024-07-18,S005,P0009,89,20,0
2024-07-18,S005,P0010,96,20,0
2024-07-19,S001,P0001,76,20,0
2024-07-19,S001,P0002,55,20,0
2024-07-19,S001,P0003,24,20,0
2024-07-19,S001,P0004,70,20,0
2024-07-19,S001,P0005,109,20,0
2024-07-19,S001,P0006,50,20,0
2024-07-19,S001,P0007,114,20,0
2024-07-19,S001,P0008,27,20,0
2024-07-19,S001,P0009,30,20,0
2024-07-19,S001,P0010,113,20,0
2024-07-19,S002,P0001,77,20,0
2024-07-19,S002,P0002,110,20,0
2024-07-19,S002,P0003,49,20,0
2024-07-19,S002,P0004,80,20,0
2024-07-19,S002,P0005,66,20,0
2024-07-19,S002,P0006,21,20,0
2024-07-19,S002,P0007,107,20,0
2024-07-19,S002,P0008,111,20,0
2024-07-19,S002,P0009,39,20,0
2024-07-19,S002,P0010,98,20,0
2024-07-19,S003,P0001,92,20,0
2024-07-19,S003,P0002,71,20,0
2024-07-19,S003,P0003,118,20,0
2024-07-19,S003,P0004,62,20,0
2024-07-19,S003,P0005,108,20,0
2024-07-19,S003,P0006,59,20,0
2024-07-19,S003,P0007,72,20,0
2024-07-19,S003,P0008,55,20,0
2024-07-19,S003,P0009,35,20,0
2024-07-19,S003,P0010,22,20,0
2024-07-19,S004,P0001,67,20,0
2024-07-19,S004,P0002,73,20,0
2024-07-19,S004,P0003,20,20,0
2024-07-19,S004,P0004,44,20,0
2024-07-19,S004,P0005,103,20,0
2024-07-19,S004,P0006,51,20,0
2024-07-19,S004,P0007,103,20,0
2024-07-19,S004,P0008,41,20,0
2024-07-19,S004,P0009,118,20,0
2024-07-19,S004,P0010,87,20,0
2024-07-19,S005,P0001,112,20,0
2024-07-19,S005,P0002,68,20,0
2024-07-19,S005,P0003,33,20,0
2024-07-19,S005,P0004,80,20,0
2024-07-19,S005,P0005,105,20,0
2024-07-19,S005,P0006,76,20,0
2024-07-19,S005,P0007,90,20,0
2024-07-19,S005,P0008,108,20,0
2024-07-19,S005,P0009,87,20,0
2024-07-19,S005,P0010,95,20,0
2024-07-20,S001,P0001,74,20,0
2024-07-20,S001,P0002,54,20,0
2024-07-20,S001,P0003,24,20,0
2024-07-20,S001,P0004,69,20,0
2024-07-20,S001,P0005,106,20,0
2024-07-20,S001,P0006,47,20,0
2024-07-20,S001,P0007,113,20,0
2024-07-20,S001,P0008,26,20,0
2024-07-20,S001,P0009,30,20,0
2024-07-20,S001,P0010,112,20,0
2024-07-20,S002,P0001,75,20,0
2024-07-20,S002,P0002,110,20,0
2024-07-20,S002,P0003,49,20,0
2024-07-20,S002,P0004,80,20,0
2024-07-20,S002,P0005,65,20,0
2024-07-20,S002,P0006,21,20,0
2024-07-20,S002,P0007,106,20,0
2024-07-20,S002,P0008,108,20,0
2024-07-20,S002,P0009,37,20,0
2024-07-20,S002,P0010,97,20,0
2024-07-20,S003,P0001,91,20,0
2024-07-20,S003,P0002,70,20,0
2024-07-20,S003,P0003,117,20,0
2024-07-20,S003,P0004,62,20,0
2024-07-20,S003,P0005,103,20,0
2024-07-20,S003,P0006,59,20,0
2024-07-20,S003,P0007,71,20,0
2024-07-20,S003,P0008,54,20,0
2024-07-20,S003,P0009,34,20,0
2024-07-20,S003,P0010,119,20,0
2024-07-20,S004,P0001,65,20,0
2024-07-20,S004,P0002,72,20,0
2024-07-20,S004,P0003,118,20,0
2024-07-20,S004,P0004,43,20,0
2024-07-20,S004,P0005,102,20,0
2024-07-20,S004,P0006,51,20,0
2024-07-20,S004,P0007,102,20,0
2024-07-20,S004,P0008,41,20,0
2024-07-20,S004,P0009,117,20,0
2024-07-20,S004,P0010,86,20,0
2024-07-20,S005,P0001,112,20,0
2024-07-20,S005,P0002,66,20,0
2024-07-20,S005,P0003,30,20,0
2024-07-20,S005,P0004,79,20,0
2024-07-20,S005,P0005,101,20,0
2024-07-20,S005,P0006,76,20,0
2024-07-20,S005,P0007,89,20,0
2024-07-20,S005,P0008,107,20,0
2024-07-20,S005,P0009,83,20,0
2024-07-20,S005,P0010,92,20,0
2024-07-21,S001,P0001,73,20,0
2024-07-21,S001,P0002,54,20,0
2024-07-21,S001,P0003,22,20,0
2024-07-21,S001,P0004,65,20,0
2024-07-21,S001,P0005,102,20,0
2024-07-21,S001,P0006,45,20,0
2024-07-21,S001,P0007,111,20,0
2024-07-21,S001,P0008,24,20,0
2024-07-21,S001,P0009,28,20,0
2024-07-21,S001,P0010,112,20,0
2024-07-21,S002,P0001,72,20,0
2024-07-21,S002,P0002,109,20,0
2024-07-21,S002,P0003,49,20,0
2024-07-21,S002,P0004,78,20,0
2024-07-21,S002,P0005,61,20,0
2024-07-21,S002,P0006,20,20,0
2024-07-21,S002,P0007,105,20,0
2024-07-21,S002,P0008,107,20,0
2024-07-21,S002,P0009,36,20,0
2024-07-21,S002,P0010,95,20,0
2024-07-21,S003,P0001,90,20,0
2024-07-21,S003,P0002,69,20,0
2024-07-21,S003,P0003,116,20,0
2024-07-21,S003,P0004,62,20,0
2024-07-21,S003,P0005,102,20,0
2024-07-21,S003,P0006,59,20,0
2024-07-21,S003,P0007,70,20,0
2024-07-21,S003,P0008,53,20,0
2024-07-21,S003,P0009,31,20,0
2024-07-21,S003,P0010,119,20,0
2024-07-21,S004,P0001,63,20,0
2024-07-21,S004,P0002,71,20,0
2024-07-21,S004,P0003,116,20,0
2024-07-21,S004,P0004,41,20,0
2024-07-21,S004,P0005,102,20,0
2024-07-21,S004,P0006,50,20,0
2024-07-21,S004,P0007,102,20,0
2024-07-21,S004,P0008,41,20,0
2024-07-21,S004,P0009,116,20,0
2024-07-21,S004,P0010,83,20,0
2024-07-21,S005,P0001,110,20,0
2024-07-21,S005,P0002,64,20,0
2024-07-21,S005,P0003,28,20,0
2024-07-21,S005,P0004,78,20,0
2024-07-21,S005,P0005,99,20,0
2024-07-21,S005,P0006,76,20,0
2024-07-21,S005,P0007,89,20,0
2024-07-21,S005,P0008,106,20,0
2024-07-21,S005,P0009,80,20,0
2024-07-21,S005,P0010,89,20,0
2024-07-22,S001,P0001,70,20,0
2024-07-22,S001,P0002,49,20,0
2024-07-22,S001,P0003,20,20,0
2024-07-22,S001,P0004,63,20,0
2024-07-22,S001,P0005,100,20,0
2024-07-22,S001,P0006,43,20,0
2024-07-22,S001,P0007,110,20,0
2024-07-22,S001,P0008,22,20,0
2024-07-22,S001,P0009,27,20,0
2024-07-22,S001,P0010,110,20,0
2024-07-22,S002,P0001,72,20,0
2024-07-22,S002,P0002,108,20,0
2024-07-22,S002,P0003,47,20,0
2024-07-22,S002,P0004,77,20,0
2024-07-22,S002,P0005,59,20,0
2024-07-22,S002,P0006,20,20,0
2024-07-22,S002,P0007,105,20,0
2024-07-22,S002,P0008,106,20,0
2024-07-22,S002,P0009,34,20,0
2024-07-22,S002,P0010,94,20,0
2024-07-22,S003,P0001,90,20,0
2024-07-22,S003,P0002,69,20,0
2024-07-22,S003,P0003,114,20,0
2024-07-22,S003,P0004,61,20,0
2024-07-22,S003,P0005,99,20,0
2024-07-22,S003,P0006,57,20,0
2024-07-22,S003,P0007,69,20,0
2024-07-22,S003,P0008,52,20,0
2024-07-22,S003,P0009,27,20,0
2024-07-22,S003,P0010,118,20,0
2024-07-22,S004,P0001,62,20,0
2024-07-22,S004,P0002,70,20,0
2024-07-22,S004,P0003,116,20,0
2024-07-22,S004,P0004,38,20,0
2024-07-22,S004,P0005,101,20,0
2024-07-22,S004,P0006,48,20,0
2024-07-22,S004,P0007,100,20,0
2024-07-22,S004,P0008,40,20,0
2024-07-22,S004,P0009,115,20,0
2024-07-22,S004,P0010,83,20,0
2024-07-22,S005,P0001,108,20,0
2024-07-22,S005,P0002,63,20,0
2024-07-22,S005,P0003,26,20,0
2024-07-22,S005,P0004,77,20,0
2024-07-22,S005,P0005,96,20,0
2024-07-22,S005,P0006,76,20,0
2024-07-22,S005,P0007,89,20,0
2024-07-22,S005,P0008,103,20,0
2024-07-22,S005,P0009,79,20,0
2024-07-22,S005,P0010,89,20,0
2024-07-23,S001,P0001,69,20,0
2024-07-23,S001,P0002,48,20,0
2024-07-23,S001,P0003,20,20,0
2024-07-23,S001,P0004,60,20,0
2024-07-23,S001,P0005,96,20,0
2024-07-23,S001,P0006,42,20,0
2024-07-23,S001,P0007,109,20,0
2024-07-23,S001,P0008,20,20,0
2024-07-23,S001,P0009,27,20,0
2024-07-23,S001,P0010,107,20,0
2024-07-23,S002,P0001,70,20,0
2024-07-23,S002,P0002,103,20,0
2024-07-23,S002,P0003,47,20,0
2024-07-23,S002,P0004,76,20,0
2024-07-23,S002,P0005,54,20,0
2024-07-23,S002,P0006,119,20,0
2024-07-23,S002,P0007,105,20,0
2024-07-23,S002,P0008,105,20,0
2024-07-23,S002,P0009,34,20,0
2024-07-23,S002,P0010,93,20,0
2024-07-23,S003,P0001,90,20,0
2024-07-23,S003,P0002,68,20,0
2024-07-23,S003,P0003,113,20,0
2024-07-23,S003,P0004,59,20,0
2024-07-23,S003,P0005,95,20,0
2024-07-23,S003,P0006,56,20,0
2024-07-23,S003,P0007,69,20,0
2024-07-23,S003,P0008,52,20,0
2024-07-23,S003,P0009,26,20,0
2024-07-23,S003,P0010,117,20,0
2024-07-23,S004,P0001,62,20,0
2024-07-23,S004,P0002,69,20,0
2024-07-23,S004,P0003,115,20,0
2024-07-23,S004,P0004,38,20,0
2024-07-23,S004,P0005,96,20,0
2024-07-23,S004,P0006,46,20,0
2024-07-23,S004,P0007,100,20,0
2024-07-23,S004,P0008,40,20,0
2024-07-23,S004,P0009,114,20,0
2024-07-23,S004,P0010,81,20,0
2024-07-23,S005,P0001,105,20,0
2024-07-23,S005,P0002,62,20,0
2024-07-23,S005,P0003,24,20,0
2024-07-23,S005,P0004,76,20,0
2024-07-23,S005,P0005,93,20,0
2024-07-23,S005,P0006,76,20,0
2024-07-23,S005,P0007,89,20,0
2024-07-23,S005,P0008,103,20,0
2024-07-23,S005,P0009,77,20,0
2024-07-23,S005,P0010,89,20,0
2024-07-24,S001,P0001,69,20,0
2024-07-24,S001,P0002,47,20,0
2024-07-24,S001,P0003,119,20,0
2024-07-24,S001,P0004,58,20,0
2024-07-24,S001,P0005,94,20,0
2024-07-24,S001,P0006,42,20,0
2024-07-24,S001,P0007,108,20,0
2024-07-24,S001,P0008,118,20,0
2024-07-24,S001,P0009,24,20,0
2024-07-24,S001,P0010,102,20,0
2024-07-24,S002,P0001,70,20,0
2024-07-24,S002,P0002,102,20,0
2024-07-24,S002,P0003,45,20,0
2024-07-24,S002,P0004,74,20,0
2024-07-24,S002,P0005,53,20,0
2024-07-24,S002,P0006,119,20,0
2024-07-24,S002,P0007,105,20,0
2024-07-24,S002,P0008,104,20,0
2024-07-24,S002,P0009,30,20,0
2024-07-24,S002,P0010,92,20,0
2024-07-24,S003,P0001,90,20,0
2024-07-24,S003,P0002,66,20,0
2024-07-24,S003,P0003,112,20,0
2024-07-24,S003,P0004,56,20,0
2024-07-24,S003,P0005,93,20,0
2024-07-24,S003,P0006,56,20,0
2024-07-24,S003,P0007,68,20,0
2024-07-24,S003,P0008,49,20,0
2024-07-24,S003,P0009,25,20,0
2024-07-24,S003,P0010,113,20,0
2024-07-24,S004,P0001,60,20,0
2024-07-24,S004,P0002,67,20,0
2024-07-24,S004,P0003,114,20,0
2024-07-24,S004,P0004,38,20,0
2024-07-24,S004,P0005,95,20,0
2024-07-24,S004,P0006,46,20,0
2024-07-24,S004,P0007,99,20,0
2024-07-24,S004,P0008,38,20,0
2024-07-24,S004,P0009,111,20,0
2024-07-24,S004,P0010,81,20,0
2024-07-24,S005,P0001,103,20,0
2024-07-24,S005,P0002,60,20,0
2024-07-24,S005,P0003,24,20,0
2024-07-24,S005,P0004,75,20,0
2024-07-24,S005,P0005,92,20,0
2024-07-24,S005,P0006,76,20,0
2024-07-24,S005,P0007,87,20,0
2024-07-24,S005,P0008,101,20,0
2024-07-24,S005,P0009,76,20,0
2024-07-24,S005,P0010,87,20,0
2024-07-25,S001,P0001,68,20,0
2024-07-25,S001,P0002,45,20,0
2024-07-25,S001,P0003,118,20,0
2024-07-25,S001,P0004,58,20,0
2024-07-25,S001,P0005,92,20,0
2024-07-25,S001,P0006,42,20,0
2024-07-25,S001,P0007,108,20,0
2024-07-25,S001,P0008,115,20,0
2024-07-25,S001,P0009,23,20,0
2024-07-25,S001,P0010,101,20,0
2024-07-25,S002,P0001,68,20,0
2024-07-25,S002,P0002,101,20,0
2024-07-25,S002,P0003,42,20,0
2024-07-25,S002,P0004,71,20,0
2024-07-25,S002,P0005,47,20,0
2024-07-25,S002,P0006,119,20,0
2024-07-25,S002,P0007,103,20,0
2024-07-25,S002,P0008,102,20,0
2024-07-25,S002,P0009,30,20,0
2024-07-25,S002,P0010,91,20,0
2024-07-25,S003,P0001,89,20,0
2024-07-25,S003,P0002,64,20,0
2024-07-25,S003,P0003,110,20,0
2024-07-25,S003,P0004,56,20,0
2024-07-25,S003,P0005,89,20,0
2024-07-25,S003,P0006,54,20,0
2024-07-25,S003,P0007,67,20,0
2024-07-25,S003,P0008,48,20,0
2024-07-25,S003,P0009,25,20,0
2024-07-25,S003,P0010,113,20,0
2024-07-25,S004,P0001,59,20,0
2024-07-25,S004,P0002,65,20,0
2024-07-25,S004,P0003,111,20,0
2024-07-25,S004,P0004,37,20,0
2024-07-25,S004,P0005,94,20,0
2024-07-25,S004,P0006,46,20,0
2024-07-25,S004,P0007,98,20,0
2024-07-25,S004,P0008,37,20,0
2024-07-25,S004,P0009,110,20,0
2024-07-25,S004,P0010,81,20,0
2024-07-25,S005,P0001,103,20,0
2024-07-25,S005,P0002,60,20,0
2024-07-25,S005,P0003,24,20,0
2024-07-25,S005,P0004,73,20,0
2024-07-25,S005,P0005,90,20,0
2024-07-25,S005,P0006,76,20,0
2024-07-25,S005,P0007,86,20,0
2024-07-25,S005,P0008,97,20,0
2024-07-25,S005,P0009,75,20,0
2024-07-25,S005,P0010,87,20,0
2024-07-26,S001,P0001,67,20,0
2024-07-26,S001,P0002,42,20,0
2024-07-26,S001,P0003,118,20,0
2024-07-26,S001,P0004,57,20,0
2024-07-26,S001,P0005,88,20,0
2024-07-26,S001,P0006,42,20,0
2024-07-26,S001,P0007,106,20,0
2024-07-26,S001,P0008,114,20,0
2024-07-26,S001,P0009,20,20,0
2024-07-26,S001,P0010,100,20,0
2024-07-26,S002,P0001,67,20,0
2024-07-26,S002,P0002,100,20,0
2024-07-26,S002,P0003,41,20,0
2024-07-26,S002,P0004,69,20,0
2024-07-26,S002,P0005,43,20,0
2024-07-26,S002,P0006,119,20,0
2024-07-26,S002,P0007,103,20,0
2024-07-26,S002,P0008,100,20,0
2024-07-26,S002,P0009,29,20,0
2024-07-26,S002,P0010,90,20,0
2024-07-26,S003,P0001,85,20,0
2024-07-26,S003,P0002,62,20,0
2024-07-26,S003,P0003,109,20,0
2024-07-26,S003,P0004,55,20,0
2024-07-26,S003,P0005,87,20,0
2024-07-26,S003,P0006,52,20,0
2024-07-26,S003,P0007,66,20,0
2024-07-26,S003,P0008,46,20,0
2024-07-26,S003,P0009,22,20,0
2024-07-26,S003,P0010,112,20,0
2024-07-26,S004,P0001,59,20,0
2024-07-26,S004,P0002,65,20,0
2024-07-26,S004,P0003,110,20,0
2024-07-26,S004,P0004,36,20,0
2024-07-26,S004,P0005,90,20,0
2024-07-26,S004,P0006,46,20,0
2024-07-26,S004,P0007,97,20,0
2024-07-26,S004,P0008,34,20,0
2024-07-26,S004,P0009,109,20,0
2024-07-26,S004,P0010,76,20,0
2024-07-26,S005,P0001,102,20,0
2024-07-26,S005,P0002,56,20,0
2024-07-26,S005,P0003,24,20,0
2024-07-26,S005,P0004,72,20,0
2024-07-26,S005,P0005,89,20,0
2024-07-26,S005,P0006,76,20,0
2024-07-26,S005,P0007,85,20,0
2024-07-26,S005,P0008,95,20,0
2024-07-26,S005,P0009,74,20,0
2024-07-26,S005,P0010,86,20,0
2024-07-27,S001,P0001,67,20,0
2024-07-27,S001,P0002,41,20,0
2024-07-27,S001,P0003,116,20,0
2024-07-27,S001,P0004,56,20,0
2024-07-27,S001,P0005,88,20,0
2024-07-27,S001,P0006,42,20,0
2024-07-27,S001,P0007,102,20,0
2024-07-27,S001,P0008,111,20,0
2024-07-27,S001,P0009,118,20,0
2024-07-27,S001,P0010,99,20,0
2024-07-27,S002,P0001,65,20,0
2024-07-27,S002,P0002,97,20,0
2024-07-27,S002,P0003,40,20,0
2024-07-27,S002,P0004,67,20,0
2024-07-27,S002,P0005,39,20,0
2024-07-27,S002,P0006,118,20,0
2024-07-27,S002,P0007,102,20,0
2024-07-27,S002,P0008,99,20,0
2024-07-27,S002,P0009,28,20,0
2024-07-27,S002,P0010,90,20,0
2024-07-27,S003,P0001,83,20,0
2024-07-27,S003,P0002,59,20,0
2024-07-27,S003,P0003,106,20,0
2024-07-27,S003,P0004,54,20,0
2024-07-27,S003,P0005,84,20,0
2024-07-27,S003,P0006,51,20,0
2024-07-27,S003,P0007,65,20,0
2024-07-27,S003,P0008,46,20,0
2024-07-27,S003,P0009,22,20,0
2024-07-27,S003,P0010,110,20,0
2024-07-27,S004,P0001,57,20,0
2024-07-27,S004,P0002,64,20,0
2024-07-27,S004,P0003,107,20,0
2024-07-27,S004,P0004,33,20,0
2024-07-27,S004,P0005,86,20,0
2024-07-27,S004,P0006,44,20,0
2024-07-27,S004,P0007,96,20,0
2024-07-27,S004,P0008,33,20,0
2024-07-27,S004,P0009,109,20,0
2024-07-27,S004,P0010,76,20,0
2024-07-27,S005,P0001,99,20,0
2024-07-27,S005,P0002,55,20,0
2024-07-27,S005,P0003,24,20,0
2024-07-27,S005,P0004,72,20,0
2024-07-27,S005,P0005,87,20,0
2024-07-27,S005,P0006,74,20,0
2024-07-27,S005,P0007,85,20,0
2024-07-27,S005,P0008,91,20,0
2024-07-27,S005,P0009,69,20,0
2024-07-27,S005,P0010,83,20,0
2024-07-28,S001,P0001,63,20,0
2024-07-28,S001,P0002,40,20,0
2024-07-28,S001,P0003,114,20,0
2024-07-28,S001,P0004,56,20,0
2024-07-28,S001,P0005,86,20,0
2024-07-28,S001,P0006,42,20,0
2024-07-28,S001,P0007,100,20,0
2024-07-28,S001,P0008,109,20,0
2024-07-28,S001,P0009,117,20,0
2024-07-28,S001,P0010,99,20,0
2024-07-28,S002,P0001,63,20,0
2024-07-28,S002,P0002,96,20,0
2024-07-28,S002,P0003,39,20,0
2024-07-28,S002,P0004,66,20,0
2024-07-28,S002,P0005,37,20,0
2024-07-28,S002,P0006,118,20,0
2024-07-28,S002,P0007,102,20,0
2024-07-28,S002,P0008,94,20,0
2024-07-28,S002,P0009,26,20,0
2024-07-28,S002,P0010,89,20,0
2024-07-28,S003,P0001,82,20,0
2024-07-28,S003,P0002,59,20,0
2024-07-28,S003,P0003,104,20,0
2024-07-28,S003,P0004,52,20,0
2024-07-28,S003,P0005,81,20,0
2024-07-28,S003,P0006,51,20,0
2024-07-28,S003,P0007,64,20,0
2024-07-28,S003,P0008,43,20,0
2024-07-28,S003,P0009,21,20,0
2024-07-28,S003,P0010,109,20,0
2024-07-28,S004,P0001,54,20,0
2024-07-28,S004,P0002,61,20,0
2024-07-28,S004,P0003,106,20,0
2024-07-28,S004,P0004,32,20,0
2024-07-28,S004,P0005,86,20,0
2024-07-28,S004,P0006,44,20,0
2024-07-28,S004,P0007,96,20,0
2024-07-28,S004,P0008,30,20,0
2024-07-28,S004,P0009,108,20,0
2024-07-28,S004,P0010,73,20,0
2024-07-28,S005,P0001,98,20,0
2024-07-28,S005,P0002,53,20,0
2024-07-28,S005,P0003,24,20,0
2024-07-28,S005,P0004,72,20,0
2024-07-28,S005,P0005,84,20,0
2024-07-28,S005,P0006,72,20,0
2024-07-28,S005,P0007,84,20,0
2024-07-28,S005,P0008,90,20,0
2024-07-28,S005,P0009,68,20,0
2024-07-28,S005,P0010,82,20,0
2024-07-29,S001,P0001,61,20,0
2024-07-29,S001,P0002,40,20,0
2024-07-29,S001,P0003,112,20,0
2024-07-29,S001,P0004,55,20,0
2024-07-29,S001,P0005,83,20,0
2024-07-29,S001,P0006,41,20,0
2024-07-29,S001,P0007,99,20,0
2024-07-29,S001,P0008,108,20,0
2024-07-29,S001,P0009,115,20,0
2024-07-29,S001,P0010,96,20,0
2024-07-29,S002,P0001,63,20,0
2024-07-29,S002,P0002,94,20,0
2024-07-29,S002,P0003,38,20,0
2024-07-29,S002,P0004,65,20,0
2024-07-29,S002,P0005,36,20,0
2024-07-29,S002,P0006,117,20,0
2024-07-29,S002,P0007,102,20,0
2024-07-29,S002,P0008,94,20,0
2024-07-29,S002,P0009,24,20,0
2024-07-29,S002,P0010,87,20,0
2024-07-29,S003,P0001,80,20,0
2024-07-29,S003,P0002,59,20,0
2024-07-29,S003,P0003,102,20,0
2024-07-29,S003,P0004,52,20,0
2024-07-29,S003,P0005,76,20,0
2024-07-29,S003,P0006,50,20,0
2024-07-29,S003,P0007,63,20,0
2024-07-29,S003,P0008,40,20,0
2024-07-29,S003,P0009,116,20,0
2024-07-29,S003,P0010,109,20,0
2024-07-29,S004,P0001,52,20,0
2024-07-29,S004,P0002,60,20,0
2024-07-29,S004,P0003,106,20,0
2024-07-29,S004,P0004,31,20,0
2024-07-29,S004,P0005,85,20,0
2024-07-29,S004,P0006,44,20,0
2024-07-29,S004,P0007,95,20,0
2024-07-29,S004,P0008,26,20,0
2024-07-29,S004,P0009,106,20,0
2024-07-29,S004,P0010,73,20,0
2024-07-29,S005,P0001,97,20,0
2024-07-29,S005,P0002,49,20,0
2024-07-29,S005,P0003,24,20,0
2024-07-29,S005,P0004,72,20,0
2024-07-29,S005,P0005,82,20,0
2024-07-29,S005,P0006,72,20,0
2024-07-29,S005,P0007,83,20,0
2024-07-29,S005,P0008,88,20,0
2024-07-29,S005,P0009,67,20,0
2024-07-29,S005,P0010,79,20,0
2024-07-30,S001,P0001,60,20,0
2024-07-30,S001,P0002,40,20,0
2024-07-30,S001,P0003,111,20,0
2024-07-30,S001,P0004,55,20,0
2024-07-30,S001,P0005,82,20,0
2024-07-30,S001,P0006,40,20,0
2024-07-30,S001,P0007,98,20,0
2024-07-30,S001,P0008,108,20,0
2024-07-30,S001,P0009,113,20,0
2024-07-30,S001,P0010,94,20,0
2024-07-30,S002,P0001,63,20,0
2024-07-30,S002,P0002,92,20,0
2024-07-30,S002,P0003,37,20,0
2024-07-30,S002,P0004,65,20,0
2024-07-30,S002,P0005,32,20,0
2024-07-30,S002,P0006,117,20,0
2024-07-30,S002,P0007,101,20,0
2024-07-30,S002,P0008,93,20,0
2024-07-30,S002,P0009,23,20,0
2024-07-30,S002,P0010,85,20,0
2024-07-30,S003,P0001,79,20,0
2024-07-30,S003,P0002,57,20,0
2024-07-30,S003,P0003,101,20,0
2024-07-30,S003,P0004,52,20,0
2024-07-30,S003,P0005,75,20,0
2024-07-30,S003,P0006,49,20,0
2024-07-30,S003,P0007,62,20,0
2024-07-30,S003,P0008,37,20,0
2024-07-30,S003,P0009,115,20,0
2024-07-30,S003,P0010,109,20,0
2024-07-30,S004,P0001,50,20,0
2024-07-30,S004,P0002,60,20,0
2024-07-30,S004,P0003,106,20,0
2024-07-30,S004,P0004,30,20,0
2024-07-30,S004,P0005,84,20,0
2024-07-30,S004,P0006,43,20,0
2024-07-30,S004,P0007,95,20,0
2024-07-30,S004,P0008,25,20,0
2024-07-30,S004,P0009,105,20,0
2024-07-30,S004,P0010,72,20,0
2024-07-30,S005,P0001,93,20,0
2024-07-30,S005,P0002,45,20,0
2024-07-30,S005,P0003,24,20,0
2024-07-30,S005,P0004,72,20,0
2024-07-30,S005,P0005,80,20,0
2024-07-30,S005,P0006,72,20,0
2024-07-30,S005,P0007,83,20,0
2024-07-30,S005,P0008,86,20,0
2024-07-30,S005,P0009,66,20,0
2024-07-30,S005,P0010,79,20,0
2024-07-31,S001,P0001,58,20,0
2024-07-31,S001,P0002,39,20,0
2024-07-31,S001,P0003,111,20,0
2024-07-31,S001,P0004,53,20,0
2024-07-31,S001,P0005,79,20,0
2024-07-31,S001,P0006,40,20,0
2024-07-31,S001,P0007,96,20,0
2024-07-31,S001,P0008,106,20,0
2024-07-31,S001,P0009,113,20,0
2024-07-31,S001,P0010,93,20,0
2024-07-31,S002,P0001,61,20,0
2024-07-31,S002,P0002,91,20,0
2024-07-31,S002,P0003,35,20,0
2024-07-31,S002,P0004,63,20,0
2024-07-31,S002,P0005,32,20,0
2024-07-31,S002,P0006,113,20,0
2024-07-31,S002,P0007,101,20,0
2024-07-31,S002,P0008,92,20,0
2024-07-31,S002,P0009,21,20,0
2024-07-31,S002,P0010,83,20,0
2024-07-31,S003,P0001,77,20,0
2024-07-31,S003,P0002,57,20,0
2024-07-31,S003,P0003,101,20,0
2024-07-31,S003,P0004,51,20,0
2024-07-31,S003,P0005,71,20,0
2024-07-31,S003,P0006,49,20,0
2024-07-31,S003,P0007,61,20,0
2024-07-31,S003,P0008,36,20,0
2024-07-31,S003,P0009,112,20,0
2024-07-31,S003,P0010,108,20,0
2024-07-31,S004,P0001,50,20,0
2024-07-31,S004,P0002,58,20,0
2024-07-31,S004,P0003,106,20,0
2024-07-31,S004,P0004,30,20,0
2024-07-31,S004,P0005,83,20,0
2024-07-31,S004,P0006,43,20,0
2024-07-31,S004,P0007,94,20,0
2024-07-31,S004,P0008,25,20,0
2024-07-31,S004,P0009,102,20,0
2024-07-31,S004,P0010,68,20,0
2024-07-31,S005,P0001,91,20,0
2024-07-31,S005,P0002,41,20,0
2024-07-31,S005,P0003,24,20,0
2024-07-31,S005,P0004,68,20,0
2024-07-31,S005,P0005,76,20,0
2024-07-31,S005,P0006,72,20,0
2024-07-31,S005,P0007,82,20,0
2024-07-31,S005,P0008,85,20,0
2024-07-31,S005,P0009,64,20,0
2024-07-31,S005,P0010,77,20,0
2024-08-01,S001,P0001,58,20,0
2024-08-01,S001,P0002,39,20,0
2024-08-01,S001,P0003,111,20,0
2024-08-01,S001,P0004,53,20,0
2024-08-01,S001,P0005,78,20,0
2024-08-01,S001,P0006,40,20,0
2024-08-01,S001,P0007,95,20,0
2024-08-01,S001,P0008,103,20,0
2024-08-01,S001,P0009,111,20,0
2024-08-01,S001,P0010,93,20,0
2024-08-01,S002,P0001,59,20,0
2024-08-01,S002,P0002,90,20,0
2024-08-01,S002,P0003,34,20,0
2024-08-01,S002,P0004,62,20,0
2024-08-01,S002,P0005,31,20,0
2024-08-01,S002,P0006,112,20,0
2024-08-01,S002,P0007,99,20,0
2024-08-01,S002,P0008,89,20,0
2024-08-01,S002,P0009,119,20,0
2024-08-01,S002,P0010,83,20,0
2024-08-01,S003,P0001,74,20,0
2024-08-01,S003,P0002,54,20,0
2024-08-01,S003,P0003,101,20,0
2024-08-01,S003,P0004,49,20,0
2024-08-01,S003,P0005,70,20,0
2024-08-01,S003,P0006,49,20,0
2024-08-01,S003,P0007,61,20,0
2024-08-01,S003,P0008,35,20,0
2024-08-01,S003,P0009,110,20,0
2024-08-01,S003,P0010,107,20,0
2024-08-01,S004,P0001,48,20,0
2024-08-01,S004,P0002,58,20,0
2024-08-01,S004,P0003,106,20,0
2024-08-01,S004,P0004,30,20,0
2024-08-01,S004,P0005,80,20,0
2024-08-01,S004,P0006,43,20,0
2024-08-01,S004,P0007,93,20,0
2024-08-01,S004,P0008,23,20,0
2024-08-01,S004,P0009,102,20,0
2024-08-01,S004,P0010,66,20,0
2024-08-01,S005,P0001,90,20,0
2024-08-01,S005,P0002,39,20,0
2024-08-01,S005,P0003,22,20,0
2024-08-01,S005,P0004,67,20,0
2024-08-01,S005,P0005,72,20,0
2024-08-01,S005,P0006,72,20,0
2024-08-01,S005,P0007,81,20,0
2024-08-01,S005,P0008,84,20,0
2024-08-01,S005,P0009,64,20,0
2024-08-01,S005,P0010,75,20,0
2024-08-02,S001,P0001,57,20,0
2024-08-02,S001,P0002,39,20,0
2024-08-02,S001,P0003,110,20,0
2024-08-02,S001,P0004,51,20,0
2024-08-02,S001,P0005,74,20,0
2024-08-02,S001,P0006,40,20,0
2024-08-02,S001,P0007,94,20,0
2024-08-02,S001,P0008,100,20,0
2024-08-02,S001,P0009,108,20,0
2024-08-02,S001,P0010,92,20,0
2024-08-02,S002,P0001,58,20,0
2024-08-02,S002,P0002,89,20,0
2024-08-02,S002,P0003,31,20,0
2024-08-02,S002,P0004,61,20,0
2024-08-02,S002,P0005,28,20,0
2024-08-02,S002,P0006,112,20,0
2024-08-02,S002,P0007,97,20,0
2024-08-02,S002,P0008,88,20,0
2024-08-02,S002,P0009,117,20,0
2024-08-02,S002,P0010,83,20,0
2024-08-02,S003,P0001,73,20,0
2024-08-02,S003,P0002,54,20,0
2024-08-02,S003,P0003,100,20,0
2024-08-02,S003,P0004,48,20,0
2024-08-02,S003,P0005,65,20,0
2024-08-02,S003,P0006,49,20,0
2024-08-02,S003,P0007,61,20,0
2024-08-02,S003,P0008,33,20,0
2024-08-02,S003,P0009,110,20,0
2024-08-02,S003,P0010,106,20,0
2024-08-02,S004,P0001,45,20,0
2024-08-02,S004,P0002,57,20,0
2024-08-02,S004,P0003,105,20,0
2024-08-02,S004,P0004,29,20,0
2024-08-02,S004,P0005,76,20,0
2024-08-02,S004,P0006,42,20,0
2024-08-02,S004,P0007,93,20,0
2024-08-02,S004,P0008,22,20,0
2024-08-02,S004,P0009,98,20,0
2024-08-02,S004,P0010,64,20,0
2024-08-02,S005,P0001,89,20,0
2024-08-02,S005,P0002,37,20,0
2024-08-02,S005,P0003,22,20,0
2024-08-02,S005,P0004,67,20,0
2024-08-02,S005,P0005,71,20,0
2024-08-02,S005,P0006,70,20,0
2024-08-02,S005,P0007,81,20,0
2024-08-02,S005,P0008,83,20,0
2024-08-02,S005,P0009,61,20,0
2024-08-02,S005,P0010,74,20,0
2024-08-03,S001,P0001,53,20,0
2024-08-03,S001,P0002,38,20,0
2024-08-03,S001,P0003,109,20,0
2024-08-03,S001,P0004,51,20,0
2024-08-03,S001,P0005,68,20,0
2024-08-03,S001,P0006,40,20,0
2024-08-03,S001,P0007,94,20,0
2024-08-03,S001,P0008,99,20,0
2024-08-03,S001,P0009,106,20,0
2024-08-03,S001,P0010,91,20,0
2024-08-03,S002,P0001,58,20,0
2024-08-03,S002,P0002,89,20,0
2024-08-03,S002,P0003,29,20,0
2024-08-03,S002,P0004,60,20,0
2024-08-03,S002,P0005,24,20,0
2024-08-03,S002,P0006,112,20,0
2024-08-03,S002,P0007,96,20,0
2024-08-03,S002,P0008,88,20,0
2024-08-03,S002,P0009,116,20,0
2024-08-03,S002,P0010,80,20,0
2024-08-03,S003,P0001,71,20,0
2024-08-03,S003,P0002,50,20,0
2024-08-03,S003,P0003,99,20,0
2024-08-03,S003,P0004,48,20,0
2024-08-03,S003,P0005,64,20,0
2024-08-03,S003,P0006,49,20,0
2024-08-03,S003,P0007,59,20,0
2024-08-03,S003,P0008,31,20,0
2024-08-03,S003,P0009,108,20,0
2024-08-03,S003,P0010,102,20,0
2024-08-03,S004,P0001,44,20,0
2024-08-03,S004,P0002,56,20,0
2024-08-03,S004,P0003,105,20,0
2024-08-03,S004,P0004,26,20,0
2024-08-03,S004,P0005,71,20,0
2024-08-03,S004,P0006,42,20,0
2024-08-03,S004,P0007,90,20,0
2024-08-03,S004,P0008,21,20,0
2024-08-03,S004,P0009,96,20,0
2024-08-03,S004,P0010,63,20,0
2024-08-03,S005,P0001,87,20,0
2024-08-03,S005,P0002,34,20,0
2024-08-03,S005,P0003,21,20,0
2024-08-03,S005,P0004,65,20,0
2024-08-03,S005,P0005,69,20,0
2024-08-03,S005,P0006,68,20,0
2024-08-03,S005,P0007,81,20,0
2024-08-03,S005,P0008,81,20,0
2024-08-03,S005,P0009,60,20,0
2024-08-03,S005,P0010,73,20,0
2024-08-04,S001,P0001,52,20,0
2024-08-04,S001,P0002,36,20,0
2024-08-04,S001,P0003,104,20,0
2024-08-04,S001,P0004,51,20,0
2024-08-04,S001,P0005,67,20,0
2024-08-04,S001,P0006,40,20,0
2024-08-04,S001,P0007,92,20,0
2024-08-04,S001,P0008,98,20,0
2024-08-04,S001,P0009,105,20,0
2024-08-04,S001,P0010,90,20,0
2024-08-04,S002,P0001,57,20,0
2024-08-04,S002,P0002,85,20,0
2024-08-04,S002,P0003,26,20,0
2024-08-04,S002,P0004,58,20,0
2024-08-04,S002,P0005,23,20,0
2024-08-04,S002,P0006,112,20,0
2024-08-04,S002,P0007,95,20,0
2024-08-04,S002,P0008,87,20,0
2024-08-04,S002,P0009,115,20,0
2024-08-04,S002,P0010,77,20,0
2024-08-04,S003,P0001,71,20,0
2024-08-04,S003,P0002,47,20,0
2024-08-04,S003,P0003,97,20,0
2024-08-04,S003,P0004,48,20,0
2024-08-04,S003,P0005,64,20,0
2024-08-04,S003,P0006,49,20,0
2024-08-04,S003,P0007,59,20,0
2024-08-04,S003,P0008,30,20,0
2024-08-04,S003,P0009,107,20,0
2024-08-04,S003,P0010,97,20,0
2024-08-04,S004,P0001,43,20,0
2024-08-04,S004,P0002,56,20,0
2024-08-04,S004,P0003,101,20,0
2024-08-04,S004,P0004,25,20,0
2024-08-04,S004,P0005,68,20,0
2024-08-04,S004,P0006,41,20,0
2024-08-04,S004,P0007,88,20,0
2024-08-04,S004,P0008,21,20,0
2024-08-04,S004,P0009,94,20,0
2024-08-04,S004,P0010,63,20,0
2024-08-04,S005,P0001,84,20,0
2024-08-04,S005,P0002,31,20,0
2024-08-04,S005,P0003,116,20,0
2024-08-04,S005,P0004,62,20,0
2024-08-04,S005,P0005,67,20,0
2024-08-04,S005,P0006,67,20,0
2024-08-04,S005,P0007,80,20,0
2024-08-04,S005,P0008,79,20,0
2024-08-04,S005,P0009,58,20,0
2024-08-04,S005,P0010,72,20,0
2024-08-05,S001,P0001,50,20,0
2024-08-05,S001,P0002,33,20,0
2024-08-05,S001,P0003,103,20,0
2024-08-05,S001,P0004,51,20,0
2024-08-05,S001,P0005,66,20,0
2024-08-05,S001,P0006,38,20,0
2024-08-05,S001,P0007,91,20,0
2024-08-05,S001,P0008,94,20,0
2024-08-05,S001,P0009,105,20,0
2024-08-05,S001,P0010,90,20,0
2024-08-05,S002,P0001,54,20,0
2024-08-05,S002,P0002,85,20,0
2024-08-05,S002,P0003,25,20,0
2024-08-05,S002,P0004,58,20,0
2024-08-05,S002,P0005,119,20,0
2024-08-05,S002,P0006,112,20,0
2024-08-05,S002,P0007,94,20,0
2024-08-05,S002,P0008,86,20,0
2024-08-05,S002,P0009,113,20,0
2024-08-05,S002,P0010,75,20,0
2024-08-05,S003,P0001,70,20,0
2024-08-05,S003,P0002,46,20,0
2024-08-05,S003,P0003,96,20,0
2024-08-05,S003,P0004,47,20,0
2024-08-05,S003,P0005,63,20,0
2024-08-05,S003,P0006,48,20,0
2024-08-05,S003,P0007,59,20,0
2024-08-05,S003,P0008,30,20,0
2024-08-05,S003,P0009,105,20,0
2024-08-05,S003,P0010,94,20,0
2024-08-05,S004,P0001,43,20,0
2024-08-05,S004,P0002,54,20,0
2024-08-05,S004,P0003,99,20,0
2024-08-05,S004,P0004,25,20,0
2024-08-05,S004,P0005,66,20,0
2024-08-05,S004,P0006,40,20,0
2024-08-05,S004,P0007,88,20,0
2024-08-05,S004,P0008,21,20,0
2024-08-05,S004,P0009,94,20,0
2024-08-05,S004,P0010,62,20,0
2024-08-05,S005,P0001,81,20,0
2024-08-05,S005,P0002,26,20,0
2024-08-05,S005,P0003,115,20,0
2024-08-05,S005,P0004,61,20,0
2024-08-05,S005,P0005,66,20,0
2024-08-05,S005,P0006,64,20,0
2024-08-05,S005,P0007,80,20,0
2024-08-05,S005,P0008,77,20,0
2024-08-05,S005,P0009,58,20,0
2024-08-05,S005,P0010,72,20,0
2024-08-06,S001,P0001,48,20,0
2024-08-06,S001,P0002,33,20,0
2024-08-06,S001,P0003,102,20,0
2024-08-06,S001,P0004,50,20,0
2024-08-06,S001,P0005,64,20,0
2024-08-06,S001,P0006,37,20,0
2024-08-06,S001,P0007,90,20,0
2024-08-06,S001,P0008,92,20,0
2024-08-06,S001,P0009,104,20,0
2024-08-06,S001,P0010,89,20,0
2024-08-06,S002,P0001,54,20,0
2024-08-06,S002,P0002,85,20,0
2024-08-06,S002,P0003,22,20,0
2024-08-06,S002,P0004,58,20,0
2024-08-06,S002,P0005,118,20,0
2024-08-06,S002,P0006,112,20,0
2024-08-06,S002,P0007,93,20,0
2024-08-06,S002,P0008,84,20,0
2024-08-06,S002,P0009,111,20,0
2024-08-06,S002,P0010,75,20,0
2024-08-06,S003,P0001,69,20,0
2024-08-06,S003,P0002,45,20,0
2024-08-06,S003,P0003,96,20,0
2024-08-06,S003,P0004,45,20,0
2024-08-06,S003,P0005,61,20,0
2024-08-06,S003,P0006,48,20,0
2024-08-06,S003,P0007,57,20,0
2024-08-06,S003,P0008,28,20,0
2024-08-06,S003,P0009,104,20,0
2024-08-06,S003,P0010,93,20,0
2024-08-06,S004,P0001,43,20,0
2024-08-06,S004,P0002,51,20,0
2024-08-06,S004,P0003,99,20,0
2024-08-06,S004,P0004,24,20,0
2024-08-06,S004,P0005,64,20,0
2024-08-06,S004,P0006,40,20,0
2024-08-06,S004,P0007,88,20,0
2024-08-06,S004,P0008,20,20,0
2024-08-06,S004,P0009,94,20,0
2024-08-06,S004,P0010,59,20,0
2024-08-06,S005,P0001,79,20,0
2024-08-06,S005,P0002,24,20,0
2024-08-06,S005,P0003,113,20,0
2024-08-06,S005,P0004,61,20,0
2024-08-06,S005,P0005,60,20,0
2024-08-06,S005,P0006,64,20,0
2024-08-06,S005,P0007,80,20,0
2024-08-06,S005,P0008,77,20,0
2024-08-06,S005,P0009,53,20,0
2024-08-06,S005,P0010,71,20,0
2024-08-07,S001,P0001,46,20,0
2024-08-07,S001,P0002,32,20,0
2024-08-07,S001,P0003,101,20,0
2024-08-07,S001,P0004,48,20,0
2024-08-07,S001,P0005,61,20,0
2024-08-07,S001,P0006,37,20,0
2024-08-07,S001,P0007,90,20,0
2024-08-07,S001,P0008,91,20,0
2024-08-07,S001,P0009,103,20,0
2024-08-07,S001,P0010,88,20,0
2024-08-07,S002,P0001,53,20,0
2024-08-07,S002,P0002,84,20,0
2024-08-07,S002,P0003,20,20,0
2024-08-07,S002,P0004,57,20,0
2024-08-07,S002,P0005,118,20,0
2024-08-07,S002,P0006,112,20,0
2024-08-07,S002,P0007,93,20,0
2024-08-07,S002,P0008,84,20,0
2024-08-07,S002,P0009,108,20,0
2024-08-07,S002,P0010,72,20,0
2024-08-07,S003,P0001,68,20,0
2024-08-07,S003,P0002,44,20,0
2024-08-07,S003,P0003,95,20,0
2024-08-07,S003,P0004,44,20,0
2024-08-07,S003,P0005,58,20,0
2024-08-07,S003,P0006,48,20,0
2024-08-07,S003,P0007,55,20,0
2024-08-07,S003,P0008,27,20,0
2024-08-07,S003,P0009,104,20,0
2024-08-07,S003,P0010,93,20,0
2024-08-07,S004,P0001,41,20,0
2024-08-07,S004,P0002,50,20,0
2024-08-07,S004,P0003,98,20,0
2024-08-07,S004,P0004,23,20,0
2024-08-07,S004,P0005,62,20,0
2024-08-07,S004,P0006,38,20,0
2024-08-07,S004,P0007,88,20,0
2024-08-07,S004,P0008,20,20,0
2024-08-07,S004,P0009,94,20,0
2024-08-07,S004,P0010,58,20,0
2024-08-07,S005,P0001,78,20,0
2024-08-07,S005,P0002,23,20,0
2024-08-07,S005,P0003,112,20,0
2024-08-07,S005,P0004,60,20,0
2024-08-07,S005,P0005,59,20,0
2024-08-07,S005,P0006,63,20,0
2024-08-07,S005,P0007,79,20,0
2024-08-07,S005,P0008,77,20,0
2024-08-07,S005,P0009,53,20,0
2024-08-07,S005,P0010,70,20,0
2024-08-08,S001,P0001,46,20,0
2024-08-08,S001,P0002,30,20,0
2024-08-08,S001,P0003,98,20,0
2024-08-08,S001,P0004,46,20,0
2024-08-08,S001,P0005,60,20,0
2024-08-08,S001,P0006,37,20,0
2024-08-08,S001,P0007,88,20,0
2024-08-08,S001,P0008,90,20,0
2024-08-08,S001,P0009,102,20,0
2024-08-08,S001,P0010,88,20,0
2024-08-08,S002,P0001,53,20,0
2024-08-08,S002,P0002,83,20,0
2024-08-08,S002,P0003,119,20,0
2024-08-08,S002,P0004,57,20,0
2024-08-08,S002,P0005,113,20,0
2024-08-08,S002,P0006,111,20,0
2024-08-08,S002,P0007,89,20,0
2024-08-08,S002,P0008,82,20,0
2024-08-08,S002,P0009,108,20,0
2024-08-08,S002,P0010,72,20,0
2024-08-08,S003,P0001,66,20,0
2024-08-08,S003,P0002,42,20,0
2024-08-08,S003,P0003,95,20,0
2024-08-08,S003,P0004,44,20,0
2024-08-08,S003,P0005,58,20,0
2024-08-08,S003,P0006,48,20,0
2024-08-08,S003,P0007,55,20,0
2024-08-08,S003,P0008,27,20,0
2024-08-08,S003,P0009,102,20,0
2024-08-08,S003,P0010,91,20,0
2024-08-08,S004,P0001,36,20,0
2024-08-08,S004,P0002,49,20,0
2024-08-08,S004,P0003,97,20,0
2024-08-08,S004,P0004,23,20,0
2024-08-08,S004,P0005,56,20,0
2024-08-08,S004,P0006,38,20,0
2024-08-08,S004,P0007,87,20,0
2024-08-08,S004,P0008,117,20,0
2024-08-08,S004,P0009,92,20,0
2024-08-08,S004,P0010,56,20,0
2024-08-08,S005,P0001,78,20,0
2024-08-08,S005,P0002,22,20,0
2024-08-08,S005,P0003,112,20,0
2024-08-08,S005,P0004,59,20,0
2024-08-08,S005,P0005,56,20,0
2024-08-08,S005,P0006,61,20,0
2024-08-08,S005,P0007,79,20,0
2024-08-08,S005,P0008,76,20,0
2024-08-08,S005,P0009,50,20,0
2024-08-08,S005,P0010,70,20,0
2024-08-09,S001,P0001,44,20,0
2024-08-09,S001,P0002,27,20,0
2024-08-09,S001,P0003,98,20,0
2024-08-09,S001,P0004,46,20,0
2024-08-09,S001,P0005,55,20,0
2024-08-09,S001,P0006,37,20,0
2024-08-09,S001,P0007,87,20,0
2024-08-09,S001,P0008,89,20,0
2024-08-09,S001,P0009,102,20,0
2024-08-09,S001,P0010,88,20,0
2024-08-09,S002,P0001,53,20,0
2024-08-09,S002,P0002,83,20,0
2024-08-09,S002,P0003,118,20,0
2024-08-09,S002,P0004,57,20,0
2024-08-09,S002,P0005,112,20,0
2024-08-09,S002,P0006,111,20,0
2024-08-09,S002,P0007,89,20,0
2024-08-09,S002,P0008,80,20,0
2024-08-09,S002,P0009,108,20,0
2024-08-09,S002,P0010,69,20,0
2024-08-09,S003,P0001,65,20,0
2024-08-09,S003,P0002,41,20,0
2024-08-09,S003,P0003,93,20,0
2024-08-09,S003,P0004,43,20,0
2024-08-09,S003,P0005,56,20,0
2024-08-09,S003,P0006,46,20,0
2024-08-09,S003,P0007,54,20,0
2024-08-09,S003,P0008,25,20,0
2024-08-09,S003,P0009,101,20,0
2024-08-09,S003,P0010,89,20,0
2024-08-09,S004,P0001,35,20,0
2024-08-09,S004,P0002,48,20,0
2024-08-09,S004,P0003,97,20,0
2024-08-09,S004,P0004,21,20,0
2024-08-09,S004,P0005,54,20,0
2024-08-09,S004,P0006,38,20,0
2024-08-09,S004,P0007,86,20,0
2024-08-09,S004,P0008,116,20,0
2024-08-09,S004,P0009,91,20,0
2024-08-09,S004,P0010,56,20,0
2024-08-09,S005,P0001,75,20,0
2024-08-09,S005,P0002,21,20,0
2024-08-09,S005,P0003,112,20,0
2024-08-09,S005,P0004,59,20,0
2024-08-09,S005,P0005,49,20,0
2024-08-09,S005,P0006,60,20,0
2024-08-09,S005,P0007,79,20,0
2024-08-09,S005,P0008,73,20,0
2024-08-09,S005,P0009,47,20,0
2024-08-09,S005,P0010,68,20,0
2024-08-10,S001,P0001,42,20,0
2024-08-10,S001,P0002,25,20,0
2024-08-10,S001,P0003,98,20,0
2024-08-10,S001,P0004,45,20,0
2024-08-10,S001,P0005,53,20,0
2024-08-10,S001,P0006,35,20,0
2024-08-10,S001,P0007,87,20,0
2024-08-10,S001,P0008,89,20,0
2024-08-10,S001,P0009,97,20,0
2024-08-10,S001,P0010,86,20,0
2024-08-10,S002,P0001,53,20,0
2024-08-10,S002,P0002,82,20,0
2024-08-10,S002,P0003,116,20,0
2024-08-10,S002,P0004,56,20,0
2024-08-10,S002,P0005,112,20,0
2024-08-10,S002,P0006,110,20,0
2024-08-10,S002,P0007,87,20,0
2024-08-10,S002,P0008,80,20,0
2024-08-10,S002,P0009,106,20,0
2024-08-10,S002,P0010,68,20,0
2024-08-10,S003,P0001,62,20,0
2024-08-10,S003,P0002,41,20,0
2024-08-10,S003,P0003,93,20,0
2024-08-10,S003,P0004,43,20,0
2024-08-10,S003,P0005,53,20,0
2024-08-10,S003,P0006,45,20,0
2024-08-10,S003,P0007,51,20,0
2024-08-10,S003,P0008,25,20,0
2024-08-10,S003,P0009,100,20,0
2024-08-10,S003,P0010,89,20,0
2024-08-10,S004,P0001,35,20,0
2024-08-10,S004,P0002,47,20,0
2024-08-10,S004,P0003,97,20,0
2024-08-10,S004,P0004,21,20,0
2024-08-10,S004,P0005,50,20,0
2024-08-10,S004,P0006,37,20,0
2024-08-10,S004,P0007,84,20,0
2024-08-10,S004,P0008,111,20,0
2024-08-10,S004,P0009,90,20,0
2024-08-10,S004,P0010,51,20,0
2024-08-10,S005,P0001,74,20,0
2024-08-10,S005,P0002,20,20,0
2024-08-10,S005,P0003,109,20,0
2024-08-10,S005,P0004,58,20,0
2024-08-10,S005,P0005,48,20,0
2024-08-10,S005,P0006,59,20,0
2024-08-10,S005,P0007,77,20,0
2024-08-10,S005,P0008,70,20,0
2024-08-10,S005,P0009,42,20,0
2024-08-10,S005,P0010,65,20,0
2024-08-11,S001,P0001,41,20,0
2024-08-11,S001,P0002,23,20,0
2024-08-11,S001,P0003,96,20,0
2024-08-11,S001,P0004,41,20,0
2024-08-11,S001,P0005,53,20,0
2024-08-11,S001,P0006,35,20,0
2024-08-11,S001,P0007,87,20,0
2024-08-11,S001,P0008,86,20,0
2024-08-11,S001,P0009,96,20,0
2024-08-11,S001,P0010,86,20,0
2024-08-11,S002,P0001,52,20,0
2024-08-11,S002,P0002,77,20,0
2024-08-11,S002,P0003,116,20,0
2024-08-11,S002,P0004,54,20,0
2024-08-11,S002,P0005,111,20,0
2024-08-11,S002,P0006,110,20,0
2024-08-11,S002,P0007,87,20,0
2024-08-11,S002,P0008,78,20,0
2024-08-11,S002,P0009,104,20,0
2024-08-11,S002,P0010,65,20,0
2024-08-11,S003,P0001,61,20,0
2024-08-11,S003,P0002,40,20,0
2024-08-11,S003,P0003,93,20,0
2024-08-11,S003,P0004,41,20,0
2024-08-11,S003,P0005,51,20,0
2024-08-11,S003,P0006,45,20,0
2024-08-11,S003,P0007,51,20,0
2024-08-11,S003,P0008,22,20,0
2024-08-11,S003,P0009,99,20,0
2024-08-11,S003,P0010,87,20,0
2024-08-11,S004,P0001,34,20,0
2024-08-11,S004,P0002,46,20,0
2024-08-11,S004,P0003,97,20,0
2024-08-11,S004,P0004,20,20,0
2024-08-11,S004,P0005,50,20,0
2024-08-11,S004,P0006,37,20,0
2024-08-11,S004,P0007,83,20,0
2024-08-11,S004,P0008,107,20,0
2024-08-11,S004,P0009,90,20,0
2024-08-11,S004,P0010,50,20,0
2024-08-11,S005,P0001,73,20,0
2024-08-11,S005,P0002,119,20,0
2024-08-11,S005,P0003,107,20,0
2024-08-11,S005,P0004,57,20,0
2024-08-11,S005,P0005,45,20,0
2024-08-11,S005,P0006,59,20,0
2024-08-11,S005,P0007,77,20,0
2024-08-11,S005,P0008,68,20,0
2024-08-11,S005,P0009,42,20,0
2024-08-11,S005,P0010,64,20,0
2024-08-12,S001,P0001,40,20,0
2024-08-12,S001,P0002,22,20,0
2024-08-12,S001,P0003,96,20,0
2024-08-12,S001,P0004,41,20,0
2024-08-12,S001,P0005,51,20,0
2024-08-12,S001,P0006,35,20,0
2024-08-12,S001,P0007,86,20,0
2024-08-12,S001,P0008,85,20,0
2024-08-12,S001,P0009,95,20,0
2024-08-12,S001,P0010,84,20,0
2024-08-12,S002,P0001,51,20,0
2024-08-12,S002,P0002,74,20,0
2024-08-12,S002,P0003,116,20,0
2024-08-12,S002,P0004,53,20,0
2024-08-12,S002,P0005,110,20,0
2024-08-12,S002,P0006,110,20,0
2024-08-12,S002,P0007,87,20,0
2024-08-12,S002,P0008,77,20,0
2024-08-12,S002,P0009,103,20,0
2024-08-12,S002,P0010,64,20,0
2024-08-12,S003,P0001,61,20,0
2024-08-12,S003,P0002,37,20,0
2024-08-12,S003,P0003,92,20,0
2024-08-12,S003,P0004,40,20,0
2024-08-12,S003,P0005,47,20,0
2024-08-12,S003,P0006,45,20,0
2024-08-12,S003,P0007,51,20,0
2024-08-12,S003,P0008,21,20,0
2024-08-12,S003,P0009,95,20,0
2024-08-12,S003,P0010,86,20,0
2024-08-12,S004,P0001,32,20,0
2024-08-12,S004,P0002,46,20,0
2024-08-12,S004,P0003,96,20,0
2024-08-12,S004,P0004,20,20,0
2024-08-12,S004,P0005,47,20,0
2024-08-12,S004,P0006,34,20,0
2024-08-12,S004,P0007,83,20,0
2024-08-12,S004,P0008,106,20,0
2024-08-12,S004,P0009,88,20,0
2024-08-12,S004,P0010,48,20,0
2024-08-12,S005,P0001,70,20,0
2024-08-12,S005,P0002,116,20,0
2024-08-12,S005,P0003,107,20,0
2024-08-12,S005,P0004,56,20,0
2024-08-12,S005,P0005,42,20,0
2024-08-12,S005,P0006,59,20,0
2024-08-12,S005,P0007,77,20,0
2024-08-12,S005,P0008,68,20,0
2024-08-12,S005,P0009,40,20,0
2024-08-12,S005,P0010,64,20,0
2024-08-13,S001,P0001,40,20,0
2024-08-13,S001,P0002,116,20,0
2024-08-13,S001,P0003,95,20,0
2024-08-13,S001,P0004,40,20,0
2024-08-13,S001,P0005,48,20,0
2024-08-13,S001,P0006,35,20,0
2024-08-13,S001,P0007,84,20,0
2024-08-13,S001,P0008,85,20,0
2024-08-13,S001,P0009,93,20,0
2024-08-13,S001,P0010,82,20,0
2024-08-13,S002,P0001,51,20,0
2024-08-13,S002,P0002,71,20,0
2024-08-13,S002,P0003,116,20,0
2024-08-13,S002,P0004,52,20,0
2024-08-13,S002,P0005,107,20,0
2024-08-13,S002,P0006,107,20,0
2024-08-13,S002,P0007,85,20,0
2024-08-13,S002,P0008,77,20,0
2024-08-13,S002,P0009,99,20,0
2024-08-13,S002,P0010,64,20,0
2024-08-13,S003,P0001,60,20,0
2024-08-13,S003,P0002,36,20,0
2024-08-13,S003,P0003,89,20,0
2024-08-13,S003,P0004,38,20,0
2024-08-13,S003,P0005,46,20,0
2024-08-13,S003,P0006,43,20,0
2024-08-13,S003,P0007,50,20,0
2024-08-13,S003,P0008,21,20,0
2024-08-13,S003,P0009,92,20,0
2024-08-13,S003,P0010,84,20,0
2024-08-13,S004,P0001,31,20,0
2024-08-13,S004,P0002,46,20,0
2024-08-13,S004,P0003,94,20,0
2024-08-13,S004,P0004,119,20,0
2024-08-13,S004,P0005,42,20,0
2024-08-13,S004,P0006,34,20,0
2024-08-13,S004,P0007,83,20,0
2024-08-13,S004,P0008,106,20,0
2024-08-13,S004,P0009,88,20,0
2024-08-13,S004,P0010,48,20,0
2024-08-13,S005,P0001,70,20,0
2024-08-13,S005,P0002,114,20,0
2024-08-13,S005,P0003,106,20,0
2024-08-13,S005,P0004,56,20,0
2024-08-13,S005,P0005,41,20,0
2024-08-13,S005,P0006,59,20,0
2024-08-13,S005,P0007,74,20,0
2024-08-13,S005,P0008,67,20,0
2024-08-13,S005,P0009,38,20,0
2024-08-13,S005,P0010,62,20,0
2024-08-14,S001,P0001,38,20,0
2024-08-14,S001,P0002,115,20,0
2024-08-14,S001,P0003,92,20,0
2024-08-14,S001,P0004,38,20,0
2024-08-14,S001,P0005,44,20,0
2024-08-14,S001,P0006,35,20,0
2024-08-14,S001,P0007,83,20,0
2024-08-14,S001,P0008,85,20,0
2024-08-14,S001,P0009,90,20,0
2024-08-14,S001,P0010,79,20,0
2024-08-14,S002,P0001,50,20,0
2024-08-14,S002,P0002,71,20,0
2024-08-14,S002,P0003,114,20,0
2024-08-14,S002,P0004,52,20,0
2024-08-14,S002,P0005,104,20,0
2024-08-14,S002,P0006,104,20,0
2024-08-14,S002,P0007,85,20,0
2024-08-14,S002,P0008,75,20,0
2024-08-14,S002,P0009,96,20,0
2024-08-14,S002,P0010,64,20,0
2024-08-14,S003,P0001,59,20,0
2024-08-14,S003,P0002,35,20,0
2024-08-14,S003,P0003,87,20,0
2024-08-14,S003,P0004,35,20,0
2024-08-14,S003,P0005,43,20,0
2024-08-14,S003,P0006,41,20,0
2024-08-14,S003,P0007,48,20,0
2024-08-14,S003,P0008,20,20,0
2024-08-14,S003,P0009,88,20,0
2024-08-14,S003,P0010,84,20,0
2024-08-14,S004,P0001,30,20,0
2024-08-14,S004,P0002,44,20,0
2024-08-14,S004,P0003,93,20,0
2024-08-14,S004,P0004,119,20,0
2024-08-14,S004,P0005,40,20,0
2024-08-14,S004,P0006,32,20,0
2024-08-14,S004,P0007,83,20,0
2024-08-14,S004,P0008,106,20,0
2024-08-14,S004,P0009,88,20,0
2024-08-14,S004,P0010,45,20,0
2024-08-14,S005,P0001,69,20,0
2024-08-14,S005,P0002,114,20,0
2024-08-14,S005,P0003,102,20,0
2024-08-14,S005,P0004,56,20,0
2024-08-14,S005,P0005,40,20,0
2024-08-14,S005,P0006,59,20,0
2024-08-14,S005,P0007,74,20,0
2024-08-14,S005,P0008,65,20,0
2024-08-14,S005,P0009,37,20,0
2024-08-14,S005,P0010,59,20,0
2024-08-15,S001,P0001,37,20,0
2024-08-15,S001,P0002,112,20,0
2024-08-15,S001,P0003,92,20,0
2024-08-15,S001,P0004,37,20,0
2024-08-15,S001,P0005,43,20,0
2024-08-15,S001,P0006,33,20,0
2024-08-15,S001,P0007,82,20,0
2024-08-15,S001,P0008,85,20,0
2024-08-15,S001,P0009,86,20,0
2024-08-15,S001,P0010,78,20,0
2024-08-15,S002,P0001,49,20,0
2024-08-15,S002,P0002,70,20,0
2024-08-15,S002,P0003,110,20,0
2024-08-15,S002,P0004,52,20,0
2024-08-15,S002,P0005,102,20,0
2024-08-15,S002,P0006,103,20,0
2024-08-15,S002,P0007,85,20,0
2024-08-15,S002,P0008,73,20,0
2024-08-15,S002,P0009,95,20,0
2024-08-15,S002,P0010,64,20,0
2024-08-15,S003,P0001,57,20,0
2024-08-15,S003,P0002,34,20,0
2024-08-15,S003,P0003,86,20,0
2024-08-15,S003,P0004,34,20,0
2024-08-15,S003,P0005,42,20,0
2024-08-15,S003,P0006,39,20,0
2024-08-15,S003,P0007,48,20,0
2024-08-15,S003,P0008,118,20,0
2024-08-15,S003,P0009,88,20,0
2024-08-15,S003,P0010,82,20,0
2024-08-15,S004,P0001,30,20,0
2024-08-15,S004,P0002,42,20,0
2024-08-15,S004,P0003,92,20,0
2024-08-15,S004,P0004,119,20,0
2024-08-15,S004,P0005,35,20,0
2024-08-15,S004,P0006,31,20,0
2024-08-15,S004,P0007,82,20,0
2024-08-15,S004,P0008,106,20,0
2024-08-15,S004,P0009,84,20,0
2024-08-15,S004,P0010,44,20,0
2024-08-15,S005,P0001,67,20,0
2024-08-15,S005,P0002,114,20,0
2024-08-15,S005,P0003,101,20,0
2024-08-15,S005,P0004,53,20,0
2024-08-15,S005,P0005,34,20,0
2024-08-15,S005,P0006,59,20,0
2024-08-15,S005,P0007,74,20,0
2024-08-15,S005,P0008,65,20,0
2024-08-15,S005,P0009,34,20,0
2024-08-15,S005,P0010,58,20,0
2024-08-16,S001,P0001,36,20,0
2024-08-16,S001,P0002,112,20,0
2024-08-16,S001,P0003,90,20,0
2024-08-16,S001,P0004,35,20,0
2024-08-16,S001,P0005,38,20,0
2024-08-16,S001,P0006,33,20,0
2024-08-16,S001,P0007,82,20,0
2024-08-16,S001,P0008,84,20,0
2024-08-16,S001,P0009,81,20,0
2024-08-16,S001,P0010,74,20,0
2024-08-16,S002,P0001,47,20,0
2024-08-16,S002,P0002,69,20,0
2024-08-16,S002,P0003,109,20,0
2024-08-16,S002,P0004,51,20,0
2024-08-16,S002,P0005,99,20,0
2024-08-16,S002,P0006,103,20,0
2024-08-16,S002,P0007,83,20,0
2024-08-16,S002,P0008,71,20,0
2024-08-16,S002,P0009,94,20,0
2024-08-16,S002,P0010,63,20,0
2024-08-16,S003,P0001,56,20,0
2024-08-16,S003,P0002,33,20,0
2024-08-16,S003,P0003,84,20,0
2024-08-16,S003,P0004,32,20,0
2024-08-16,S003,P0005,40,20,0
2024-08-16,S003,P0006,39,20,0
2024-08-16,S003,P0007,48,20,0
2024-08-16,S003,P0008,118,20,0
2024-08-16,S003,P0009,87,20,0
2024-08-16,S003,P0010,82,20,0
2024-08-16,S004,P0001,29,20,0
2024-08-16,S004,P0002,42,20,0
2024-08-16,S004,P0003,90,20,0
2024-08-16,S004,P0004,119,20,0
2024-08-16,S004,P0005,33,20,0
2024-08-16,S004,P0006,30,20,0
2024-08-16,S004,P0007,82,20,0
2024-08-16,S004,P0008,105,20,0
2024-08-16,S004,P0009,83,20,0
2024-08-16,S004,P0010,44,20,0
2024-08-16,S005,P0001,67,20,0
2024-08-16,S005,P0002,111,20,0
2024-08-16,S005,P0003,100,20,0
2024-08-16,S005,P0004,52,20,0
2024-08-16,S005,P0005,33,20,0
2024-08-16,S005,P0006,57,20,0
2024-08-16,S005,P0007,74,20,0
2024-08-16,S005,P0008,61,20,0
2024-08-16,S005,P0009,33,20,0
2024-08-16,S005,P0010,55,20,0
2024-08-17,S001,P0001,35,20,0
2024-08-17,S001,P0002,112,20,0
2024-08-17,S001,P0003,89,20,0
2024-08-17,S001,P0004,35,20,0
2024-08-17,S001,P0005,35,20,0
2024-08-17,S001,P0006,32,20,0
2024-08-17,S001,P0007,82,20,0
2024-08-17,S001,P0008,83,20,0
2024-08-17,S001,P0009,78,20,0
2024-08-17,S001,P0010,73,20,0
2024-08-17,S002,P0001,46,20,0
2024-08-17,S002,P0002,66,20,0
2024-08-17,S002,P0003,106,20,0
2024-08-17,S002,P0004,49,20,0
2024-08-17,S002,P0005,96,20,0
2024-08-17,S002,P0006,101,20,0
2024-08-17,S002,P0007,82,20,0
2024-08-17,S002,P0008,70,20,0
2024-08-17,S002,P0009,93,20,0
2024-08-17,S002,P0010,62,20,0
2024-08-17,S003,P0001,55,20,0
2024-08-17,S003,P0002,33,20,0
2024-08-17,S003,P0003,83,20,0
2024-08-17,S003,P0004,31,20,0
2024-08-17,S003,P0005,39,20,0
2024-08-17,S003,P0006,39,20,0
2024-08-17,S003,P0007,46,20,0
2024-08-17,S003,P0008,118,20,0
2024-08-17,S003,P0009,86,20,0
2024-08-17,S003,P0010,80,20,0
2024-08-17,S004,P0001,27,20,0
2024-08-17,S004,P0002,41,20,0
2024-08-17,S004,P0003,89,20,0
2024-08-17,S004,P0004,117,20,0
2024-08-17,S004,P0005,33,20,0
2024-08-17,S004,P0006,28,20,0
2024-08-17,S004,P0007,81,20,0
2024-08-17,S004,P0008,105,20,0
2024-08-17,S004,P0009,80,20,0
2024-08-17,S004,P0010,44,20,0
2024-08-17,S005,P0001,64,20,0
2024-08-17,S005,P0002,109,20,0
2024-08-17,S005,P0003,99,20,0
2024-08-17,S005,P0004,51,20,0
2024-08-17,S005,P0005,31,20,0
2024-08-17,S005,P0006,57,20,0
2024-08-17,S005,P0007,73,20,0
2024-08-17,S005,P0008,59,20,0
2024-08-17,S005,P0009,33,20,0
2024-08-17,S005,P0010,53,20,0
2024-08-18,S001,P0001,34,20,0
2024-08-18,S001,P0002,111,20,0
2024-08-18,S001,P0003,88,20,0
2024-08-18,S001,P0004,34,20,0
2024-08-18,S001,P0005,32,20,0
2024-08-18,S001,P0006,31,20,0
2024-08-18,S001,P0007,82,20,0
2024-08-18,S001,P0008,83,20,0
2024-08-18,S001,P0009,76,20,0
2024-08-18,S001,P0010,72,20,0
2024-08-18,S002,P0001,45,20,0
2024-08-18,S002,P0002,66,20,0
2024-08-18,S002,P0003,104,20,0
2024-08-18,S002,P0004,48,20,0
2024-08-18,S002,P0005,94,20,0
2024-08-18,S002,P0006,100,20,0
2024-08-18,S002,P0007,82,20,0
2024-08-18,S002,P0008,69,20,0
2024-08-18,S002,P0009,93,20,0
2024-08-18,S002,P0010,62,20,0
2024-08-18,S003,P0001,52,20,0
2024-08-18,S003,P0002,31,20,0
2024-08-18,S003,P0003,79,20,0
2024-08-18,S003,P0004,31,20,0
2024-08-18,S003,P0005,39,20,0
2024-08-18,S003,P0006,38,20,0
2024-08-18,S003,P0007,46,20,0
2024-08-18,S003,P0008,118,20,0
2024-08-18,S003,P0009,85,20,0
2024-08-18,S003,P0010,75,20,0
2024-08-18,S004,P0001,25,20,0
2024-08-18,S004,P0002,41,20,0
2024-08-18,S004,P0003,86,20,0
2024-08-18,S004,P0004,117,20,0
2024-08-18,S004,P0005,29,20,0
2024-08-18,S004,P0006,27,20,0
2024-08-18,S004,P0007,81,20,0
2024-08-18,S004,P0008,104,20,0
2024-08-18,S004,P0009,77,20,0
2024-08-18,S004,P0010,42,20,0
2024-08-18,S005,P0001,62,20,0
2024-08-18,S005,P0002,107,20,0
2024-08-18,S005,P0003,97,20,0
2024-08-18,S005,P0004,51,20,0
2024-08-18,S005,P0005,29,20,0
2024-08-18,S005,P0006,55,20,0
2024-08-18,S005,P0007,73,20,0
2024-08-18,S005,P0008,58,20,0
2024-08-18,S005,P0009,32,20,0
2024-08-18,S005,P0010,49,20,0
2024-08-19,S001,P0001,33,20,0
2024-08-19,S001,P0002,110,20,0
2024-08-19,S001,P0003,87,20,0
2024-08-19,S001,P0004,34,20,0
2024-08-19,S001,P0005,32,20,0
2024-08-19,S001,P0006,31,20,0
2024-08-19,S001,P0007,81,20,0
2024-08-19,S001,P0008,82,20,0
2024-08-19,S001,P0009,76,20,0
2024-08-19,S001,P0010,72,20,0
2024-08-19,S002,P0001,44,20,0
2024-08-19,S002,P0002,66,20,0
2024-08-19,S002,P0003,103,20,0
2024-08-19,S002,P0004,46,20,0
2024-08-19,S002,P0005,90,20,0
2024-08-19,S002,P0006,99,20,0
2024-08-19,S002,P0007,82,20,0
2024-08-19,S002,P0008,69,20,0
2024-08-19,S002,P0009,91,20,0
2024-08-19,S002,P0010,62,20,0
2024-08-19,S003,P0001,52,20,0
2024-08-19,S003,P0002,29,20,0
2024-08-19,S003,P0003,78,20,0
2024-08-19,S003,P0004,29,20,0
2024-08-19,S003,P0005,37,20,0
2024-08-19,S003,P0006,34,20,0
2024-08-19,S003,P0007,46,20,0
2024-08-19,S003,P0008,115,20,0
2024-08-19,S003,P0009,84,20,0
2024-08-19,S003,P0010,74,20,0
2024-08-19,S004,P0001,25,20,0
2024-08-19,S004,P0002,39,20,0
2024-08-19,S004,P0003,86,20,0
2024-08-19,S004,P0004,115,20,0
2024-08-19,S004,P0005,29,20,0
2024-08-19,S004,P0006,27,20,0
2024-08-19,S004,P0007,80,20,0
2024-08-19,S004,P0008,102,20,0
2024-08-19,S004,P0009,77,20,0
2024-08-19,S004,P0010,40,20,0
2024-08-19,S005,P0001,61,20,0
2024-08-19,S005,P0002,107,20,0
2024-08-19,S005,P0003,96,20,0
2024-08-19,S005,P0004,51,20,0
2024-08-19,S005,P0005,26,20,0
2024-08-19,S005,P0006,54,20,0
2024-08-19,S005,P0007,70,20,0
2024-08-19,S005,P0008,56,20,0
2024-08-19,S005,P0009,31,20,0
2024-08-19,S005,P0010,45,20,0
2024-08-20,S001,P0001,32,20,0
2024-08-20,S001,P0002,105,20,0
2024-08-20,S001,P0003,83,20,0
2024-08-20,S001,P0004,33,20,0
2024-08-20,S001,P0005,30,20,0
2024-08-20,S001,P0006,31,20,0
2024-08-20,S001,P0007,81,20,0
2024-08-20,S001,P0008,82,20,0
2024-08-20,S001,P0009,73,20,0
2024-08-20,S001,P0010,72,20,0
2024-08-20,S002,P0001,43,20,0
2024-08-20,S002,P0002,64,20,0
2024-08-20,S002,P0003,103,20,0
2024-08-20,S002,P0004,46,20,0
2024-08-20,S002,P0005,86,20,0
2024-08-20,S002,P0006,98,20,0
2024-08-20,S002,P0007,81,20,0
2024-08-20,S002,P0008,68,20,0
2024-08-20,S002,P0009,88,20,0
2024-08-20,S002,P0010,62,20,0
2024-08-20,S003,P0001,51,20,0
2024-08-20,S003,P0002,26,20,0
2024-08-20,S003,P0003,76,20,0
2024-08-20,S003,P0004,27,20,0
2024-08-20,S003,P0005,37,20,0
2024-08-20,S003,P0006,34,20,0
2024-08-20,S003,P0007,44,20,0
2024-08-20,S003,P0008,115,20,0
2024-08-20,S003,P0009,83,20,0
2024-08-20,S003,P0010,73,20,0
2024-08-20,S004,P0001,23,20,0
2024-08-20,S004,P0002,38,20,0
2024-08-20,S004,P0003,85,20,0
2024-08-20,S004,P0004,115,20,0
2024-08-20,S004,P0005,25,20,0
2024-08-20,S004,P0006,27,20,0
2024-08-20,S004,P0007,78,20,0
2024-08-20,S004,P0008,101,20,0
2024-08-20,S004,P0009,72,20,0
2024-08-20,S004,P0010,37,20,0
2024-08-20,S005,P0001,60,20,0
2024-08-20,S005,P0002,107,20,0
2024-08-20,S005,P0003,95,20,0
2024-08-20,S005,P0004,51,20,0
2024-08-20,S005,P0005,22,20,0
2024-08-20,S005,P0006,54,20,0
2024-08-20,S005,P0007,68,20,0
2024-08-20,S005,P0008,55,20,0
2024-08-20,S005,P0009,30,20,0
2024-08-20,S005,P0010,42,20,0
2024-08-21,S001,P0001,30,20,0
2024-08-21,S001,P0002,104,20,0
2024-08-21,S001,P0003,83,20,0
2024-08-21,S001,P0004,32,20,0
2024-08-21,S001,P0005,29,20,0
2024-08-21,S001,P0006,30,20,0
2024-08-21,S001,P0007,80,20,0
2024-08-21,S001,P0008,82,20,0
2024-08-21,S001,P0009,70,20,0
2024-08-21,S001,P0010,71,20,0
2024-08-21,S002,P0001,43,20,0
2024-08-21,S002,P0002,63,20,0
2024-08-21,S002,P0003,101,20,0
2024-08-21,S002,P0004,46,20,0
2024-08-21,S002,P0005,86,20,0
2024-08-21,S002,P0006,97,20,0
2024-08-21,S002,P0007,81,20,0
2024-08-21,S002,P0008,67,20,0
2024-08-21,S002,P0009,86,20,0
2024-08-21,S002,P0010,59,20,0
2024-08-21,S003,P0001,51,20,0
2024-08-21,S003,P0002,23,20,0
2024-08-21,S003,P0003,74,20,0
2024-08-21,S003,P0004,27,20,0
2024-08-21,S003,P0005,33,20,0
2024-08-21,S003,P0006,31,20,0
2024-08-21,S003,P0007,43,20,0
2024-08-21,S003,P0008,114,20,0
2024-08-21,S003,P0009,80,20,0
2024-08-21,S003,P0010,72,20,0
2024-08-21,S004,P0001,21,20,0
2024-08-21,S004,P0002,36,20,0
2024-08-21,S004,P0003,84,20,0
2024-08-21,S004,P0004,114,20,0
2024-08-21,S004,P0005,119,20,0
2024-08-21,S004,P0006,26,20,0
2024-08-21,S004,P0007,78,20,0
2024-08-21,S004,P0008,98,20,0
2024-08-21,S004,P0009,69,20,0
2024-08-21,S004,P0010,37,20,0
2024-08-21,S005,P0001,58,20,0
2024-08-21,S005,P0002,105,20,0
2024-08-21,S005,P0003,93,20,0
2024-08-21,S005,P0004,47,20,0
2024-08-21,S005,P0005,118,20,0
2024-08-21,S005,P0006,53,20,0
2024-08-21,S005,P0007,68,20,0
2024-08-21,S005,P0008,54,20,0
2024-08-21,S005,P0009,26,20,0
2024-08-21,S005,P0010,37,20,0
2024-08-22,S001,P0001,28,20,0
2024-08-22,S001,P0002,104,20,0
2024-08-22,S001,P0003,80,20,0
2024-08-22,S001,P0004,31,20,0
2024-08-22,S001,P0005,29,20,0
2024-08-22,S001,P0006,30,20,0
2024-08-22,S001,P0007,80,20,0
2024-08-22,S001,P0008,81,20,0
2024-08-22,S001,P0009,66,20,0
2024-08-22,S001,P0010,71,20,0
2024-08-22,S002,P0001,43,20,0
2024-08-22,S002,P0002,60,20,0
2024-08-22,S002,P0003,101,20,0
2024-08-22,S002,P0004,46,20,0
2024-08-22,S002,P0005,85,20,0
2024-08-22,S002,P0006,97,20,0
2024-08-22,S002,P0007,81,20,0
2024-08-22,S002,P0008,66,20,0
2024-08-22,S002,P0009,85,20,0
2024-08-22,S002,P0010,59,20,0
2024-08-22,S003,P0001,50,20,0
2024-08-22,S003,P0002,22,20,0
2024-08-22,S003,P0003,73,20,0
2024-08-22,S003,P0004,27,20,0
2024-08-22,S003,P0005,31,20,0
2024-08-22,S003,P0006,30,20,0
2024-08-22,S003,P0007,43,20,0
2024-08-22,S003,P0008,114,20,0
2024-08-22,S003,P0009,78,20,0
2024-08-22,S003,P0010,72,20,0
2024-08-22,S004,P0001,118,20,0
2024-08-22,S004,P0002,34,20,0
2024-08-22,S004,P0003,83,20,0
2024-08-22,S004,P0004,113,20,0
2024-08-22,S004,P0005,119,20,0
2024-08-22,S004,P0006,24,20,0
2024-08-22,S004,P0007,77,20,0
2024-08-22,S004,P0008,97,20,0
2024-08-22,S004,P0009,68,20,0
2024-08-22,S004,P0010,37,20,0
2024-08-22,S005,P0001,57,20,0
2024-08-22,S005,P0002,104,20,0
2024-08-22,S005,P0003,92,20,0
2024-08-22,S005,P0004,46,20,0
2024-08-22,S005,P0005,114,20,0
2024-08-22,S005,P0006,53,20,0
2024-08-22,S005,P0007,68,20,0
2024-08-22,S005,P0008,53,20,0
2024-08-22,S005,P0009,20,20,0
2024-08-22,S005,P0010,34,20,0
2024-08-23,S001,P0001,26,20,0
2024-08-23,S001,P0002,102,20,0
2024-08-23,S001,P0003,79,20,0
2024-08-23,S001,P0004,29,20,0
2024-08-23,S001,P0005,26,20,0
2024-08-23,S001,P0006,29,20,0
2024-08-23,S001,P0007,80,20,0
2024-08-23,S001,P0008,80,20,0
2024-08-23,S001,P0009,63,20,0
2024-08-23,S001,P0010,69,20,0
2024-08-23,S002,P0001,40,20,0
2024-08-23,S002,P0002,60,20,0
2024-08-23,S002,P0003,101,20,0
2024-08-23,S002,P0004,45,20,0
2024-08-23,S002,P0005,77,20,0
2024-08-23,S002,P0006,96,20,0
2024-08-23,S002,P0007,81,20,0
2024-08-23,S002,P0008,64,20,0
2024-08-23,S002,P0009,85,20,0
2024-08-23,S002,P0010,54,20,0
2024-08-23,S003,P0001,49,20,0
2024-08-23,S003,P0002,21,20,0
2024-08-23,S003,P0003,71,20,0
2024-08-23,S003,P0004,25,20,0
2024-08-23,S003,P0005,29,20,0
2024-08-23,S003,P0006,28,20,0
2024-08-23,S003,P0007,42,20,0
2024-08-23,S003,P0008,113,20,0
2024-08-23,S003,P0009,77,20,0
2024-08-23,S003,P0010,72,20,0
2024-08-23,S004,P0001,117,20,0
2024-08-23,S004,P0002,33,20,0
2024-08-23,S004,P0003,82,20,0
2024-08-23,S004,P0004,112,20,0
2024-08-23,S004,P0005,117,20,0
2024-08-23,S004,P0006,23,20,0
2024-08-23,S004,P0007,77,20,0
2024-08-23,S004,P0008,97,20,0
2024-08-23,S004,P0009,67,20,0
2024-08-23,S004,P0010,35,20,0
2024-08-23,S005,P0001,57,20,0
2024-08-23,S005,P0002,101,20,0
2024-08-23,S005,P0003,92,20,0
2024-08-23,S005,P0004,46,20,0
2024-08-23,S005,P0005,108,20,0
2024-08-23,S005,P0006,53,20,0
2024-08-23,S005,P0007,67,20,0
2024-08-23,S005,P0008,53,20,0
2024-08-23,S005,P0009,117,20,0
2024-08-23,S005,P0010,31,20,0
2024-08-24,S001,P0001,25,20,0
2024-08-24,S001,P0002,99,20,0
2024-08-24,S001,P0003,76,20,0
2024-08-24,S001,P0004,29,20,0
2024-08-24,S001,P0005,25,20,0
2024-08-24,S001,P0006,28,20,0
2024-08-24,S001,P0007,80,20,0
2024-08-24,S001,P0008,78,20,0
2024-08-24,S001,P0009,60,20,0
2024-08-24,S001,P0010,69,20,0
2024-08-24,S002,P0001,40,20,0
2024-08-24,S002,P0002,59,20,0
2024-08-24,S002,P0003,100,20,0
2024-08-24,S002,P0004,44,20,0
2024-08-24,S002,P0005,72,20,0
2024-08-24,S002,P0006,94,20,0
2024-08-24,S002,P0007,80,20,0
2024-08-24,S002,P0008,63,20,0
2024-08-24,S002,P0009,83,20,0
2024-08-24,S002,P0010,53,20,0
2024-08-24,S003,P0001,46,20,0
2024-08-24,S003,P0002,20,20,0
2024-08-24,S003,P0003,69,20,0
2024-08-24,S003,P0004,25,20,0
2024-08-24,S003,P0005,27,20,0
2024-08-24,S003,P0006,28,20,0
2024-08-24,S003,P0007,41,20,0
2024-08-24,S003,P0008,111,20,0
2024-08-24,S003,P0009,77,20,0
2024-08-24,S003,P0010,72,20,0
2024-08-24,S004,P0001,113,20,0
2024-08-24,S004,P0002,30,20,0
2024-08-24,S004,P0003,80,20,0
2024-08-24,S004,P0004,112,20,0
2024-08-24,S004,P0005,116,20,0
2024-08-24,S004,P0006,23,20,0
2024-08-24,S004,P0007,77,20,0
2024-08-24,S004,P0008,96,20,0
2024-08-24,S004,P0009,63,20,0
2024-08-24,S004,P0010,34,20,0
2024-08-24,S005,P0001,56,20,0
2024-08-24,S005,P0002,98,20,0
2024-08-24,S005,P0003,91,20,0
2024-08-24,S005,P0004,43,20,0
2024-08-24,S005,P0005,103,20,0
2024-08-24,S005,P0006,53,20,0
2024-08-24,S005,P0007,65,20,0
2024-08-24,S005,P0008,52,20,0
2024-08-24,S005,P0009,116,20,0
2024-08-24,S005,P0010,30,20,0
2024-08-25,S001,P0001,25,20,0
2024-08-25,S001,P0002,98,20,0
2024-08-25,S001,P0003,72,20,0
2024-08-25,S001,P0004,29,20,0
2024-08-25,S001,P0005,20,20,0
2024-08-25,S001,P0006,26,20,0
2024-08-25,S001,P0007,79,20,0
2024-08-25,S001,P0008,78,20,0
2024-08-25,S001,P0009,59,20,0
2024-08-25,S001,P0010,68,20,0
2024-08-25,S002,P0001,38,20,0
2024-08-25,S002,P0002,57,20,0
2024-08-25,S002,P0003,97,20,0
2024-08-25,S002,P0004,44,20,0
2024-08-25,S002,P0005,69,20,0
2024-08-25,S002,P0006,94,20,0
2024-08-25,S002,P0007,80,20,0
2024-08-25,S002,P0008,59,20,0
2024-08-25,S002,P0009,80,20,0
2024-08-25,S002,P0010,51,20,0
2024-08-25,S003,P0001,46,20,0
2024-08-25,S003,P0002,119,20,0
2024-08-25,S003,P0003,68,20,0
2024-08-25,S003,P0004,24,20,0
2024-08-25,S003,P0005,26,20,0
2024-08-25,S003,P0006,28,20,0
2024-08-25,S003,P0007,38,20,0
2024-08-25,S003,P0008,111,20,0
2024-08-25,S003,P0009,76,20,0
2024-08-25,S003,P0010,71,20,0
2024-08-25,S004,P0001,112,20,0
2024-08-25,S004,P0002,28,20,0
2024-08-25,S004,P0003,80,20,0
2024-08-25,S004,P0004,111,20,0
2024-08-25,S004,P0005,113,20,0
2024-08-25,S004,P0006,23,20,0
2024-08-25,S004,P0007,76,20,0
2024-08-25,S004,P0008,94,20,0
2024-08-25,S004,P0009,62,20,0
2024-08-25,S004,P0010,34,20,0
2024-08-25,S005,P0001,56,20,0
2024-08-25,S005,P0002,96,20,0
2024-08-25,S005,P0003,90,20,0
2024-08-25,S005,P0004,42,20,0
2024-08-25,S005,P0005,102,20,0
2024-08-25,S005,P0006,53,20,0
2024-08-25,S005,P0007,64,20,0
2024-08-25,S005,P0008,51,20,0
2024-08-25,S005,P0009,114,20,0
2024-08-25,S005,P0010,29,20,0
2024-08-26,S001,P0001,25,20,0
2024-08-26,S001,P0002,96,20,0
2024-08-26,S001,P0003,69,20,0
2024-08-26,S001,P0004,26,20,0
2024-08-26,S001,P0005,115,20,0
2024-08-26,S001,P0006,24,20,0
2024-08-26,S001,P0007,78,20,0
2024-08-26,S001,P0008,78,20,0
2024-08-26,S001,P0009,58,20,0
2024-08-26,S001,P0010,67,20,0
2024-08-26,S002,P0001,35,20,0
2024-08-26,S002,P0002,56,20,0
2024-08-26,S002,P0003,95,20,0
2024-08-26,S002,P0004,43,20,0
2024-08-26,S002,P0005,64,20,0
2024-08-26,S002,P0006,93,20,0
2024-08-26,S002,P0007,78,20,0
2024-08-26,S002,P0008,57,20,0
2024-08-26,S002,P0009,75,20,0
2024-08-26,S002,P0010,50,20,0
2024-08-26,S003,P0001,45,20,0
2024-08-26,S003,P0002,118,20,0
2024-08-26,S003,P0003,65,20,0
2024-08-26,S003,P0004,24,20,0
2024-08-26,S003,P0005,25,20,0
2024-08-26,S003,P0006,27,20,0
2024-08-26,S003,P0007,35,20,0
2024-08-26,S003,P0008,109,20,0
2024-08-26,S003,P0009,76,20,0
2024-08-26,S003,P0010,70,20,0
2024-08-26,S004,P0001,111,20,0
2024-08-26,S004,P0002,28,20,0
2024-08-26,S004,P0003,77,20,0
2024-08-26,S004,P0004,110,20,0
2024-08-26,S004,P0005,111,20,0
2024-08-26,S004,P0006,23,20,0
2024-08-26,S004,P0007,76,20,0
2024-08-26,S004,P0008,93,20,0
2024-08-26,S004,P0009,62,20,0
2024-08-26,S004,P0010,34,20,0
2024-08-26,S005,P0001,56,20,0
2024-08-26,S005,P0002,96,20,0
2024-08-26,S005,P0003,90,20,0
2024-08-26,S005,P0004,42,20,0
2024-08-26,S005,P0005,100,20,0
2024-08-26,S005,P0006,53,20,0
2024-08-26,S005,P0007,64,20,0
2024-08-26,S005,P0008,51,20,0
2024-08-26,S005,P0009,114,20,0
2024-08-26,S005,P0010,28,20,0
2024-08-27,S001,P0001,23,20,0
2024-08-27,S001,P0002,95,20,0
2024-08-27,S001,P0003,67,20,0
2024-08-27,S001,P0004,25,20,0
2024-08-27,S001,P0005,113,20,0
2024-08-27,S001,P0006,23,20,0
2024-08-27,S001,P0007,77,20,0
2024-08-27,S001,P0008,77,20,0
2024-08-27,S001,P0009,58,20,0
2024-08-27,S001,P0010,67,20,0
2024-08-27,S002,P0001,32,20,0
2024-08-27,S002,P0002,56,20,0
2024-08-27,S002,P0003,95,20,0
2024-08-27,S002,P0004,40,20,0
2024-08-27,S002,P0005,62,20,0
2024-08-27,S002,P0006,92,20,0
2024-08-27,S002,P0007,77,20,0
2024-08-27,S002,P0008,57,20,0
2024-08-27,S002,P0009,74,20,0
2024-08-27,S002,P0010,48,20,0
2024-08-27,S003,P0001,45,20,0
2024-08-27,S003,P0002,118,20,0
2024-08-27,S003,P0003,64,20,0
2024-08-27,S003,P0004,23,20,0
2024-08-27,S003,P0005,22,20,0
2024-08-27,S003,P0006,25,20,0
2024-08-27,S003,P0007,32,20,0
2024-08-27,S003,P0008,106,20,0
2024-08-27,S003,P0009,75,20,0
2024-08-27,S003,P0010,69,20,0
2024-08-27,S004,P0001,109,20,0
2024-08-27,S004,P0002,23,20,0
2024-08-27,S004,P0003,76,20,0
2024-08-27,S004,P0004,109,20,0
2024-08-27,S004,P0005,104,20,0
2024-08-27,S004,P0006,23,20,0
2024-08-27,S004,P0007,76,20,0
2024-08-27,S004,P0008,90,20,0
2024-08-27,S004,P0009,58,20,0
2024-08-27,S004,P0010,32,20,0
2024-08-27,S005,P0001,56,20,0
2024-08-27,S005,P0002,94,20,0
2024-08-27,S005,P0003,89,20,0
2024-08-27,S005,P0004,40,20,0
2024-08-27,S005,P0005,98,20,0
2024-08-27,S005,P0006,52,20,0
2024-08-27,S005,P0007,63,20,0
2024-08-27,S005,P0008,51,20,0
2024-08-27,S005,P0009,114,20,0
2024-08-27,S005,P0010,26,20,0
2024-08-28,S001,P0001,119,20,0
2024-08-28,S001,P0002,95,20,0
2024-08-28,S001,P0003,67,20,0
2024-08-28,S001,P0004,25,20,0
2024-08-28,S001,P0005,110,20,0
2024-08-28,S001,P0006,23,20,0
2024-08-28,S001,P0007,76,20,0
2024-08-28,S001,P0008,76,20,0
2024-08-28,S001,P0009,56,20,0
2024-08-28,S001,P0010,63,20,0
2024-08-28,S002,P0001,32,20,0
2024-08-28,S002,P0002,55,20,0
2024-08-28,S002,P0003,90,20,0
2024-08-28,S002,P0004,40,20,0
2024-08-28,S002,P0005,58,20,0
2024-08-28,S002,P0006,91,20,0
2024-08-28,S002,P0007,75,20,0
2024-08-28,S002,P0008,57,20,0
2024-08-28,S002,P0009,73,20,0
2024-08-28,S002,P0010,47,20,0
2024-08-28,S003,P0001,44,20,0
2024-08-28,S003,P0002,117,20,0
2024-08-28,S003,P0003,60,20,0
2024-08-28,S003,P0004,23,20,0
2024-08-28,S003,P0005,119,20,0
2024-08-28,S003,P0006,25,20,0
2024-08-28,S003,P0007,31,20,0
2024-08-28,S003,P0008,104,20,0
2024-08-28,S003,P0009,73,20,0
2024-08-28,S003,P0010,68,20,0
2024-08-28,S004,P0001,108,20,0
2024-08-28,S004,P0002,22,20,0
2024-08-28,S004,P0003,76,20,0
2024-08-28,S004,P0004,106,20,0
2024-08-28,S004,P0005,100,20,0
2024-08-28,S004,P0006,23,20,0
2024-08-28,S004,P0007,76,20,0
2024-08-28,S004,P0008,89,20,0
2024-08-28,S004,P0009,54,20,0
2024-08-28,S004,P0010,32,20,0
2024-08-28,S005,P0001,55,20,0
2024-08-28,S005,P0002,91,20,0
2024-08-28,S005,P0003,87,20,0
2024-08-28,S005,P0004,39,20,0
2024-08-28,S005,P0005,94,20,0
2024-08-28,S005,P0006,52,20,0
2024-08-28,S005,P0007,61,20,0
2024-08-28,S005,P0008,49,20,0
2024-08-28,S005,P0009,114,20,0
2024-08-28,S005,P0010,26,20,0
2024-08-29,S001,P0001,119,20,0
2024-08-29,S001,P0002,95,20,0
2024-08-29,S001,P0003,65,20,0
2024-08-29,S001,P0004,24,20,0
2024-08-29,S001,P0005,109,20,0
2024-08-29,S001,P0006,23,20,0
2024-08-29,S001,P0007,76,20,0
2024-08-29,S001,P0008,75,20,0
2024-08-29,S001,P0009,56,20,0
2024-08-29,S001,P0010,61,20,0
2024-08-29,S002,P0001,31,20,0
2024-08-29,S002,P0002,53,20,0
2024-08-29,S002,P0003,88,20,0
2024-08-29,S002,P0004,38,20,0
2024-08-29,S002,P0005,56,20,0
2024-08-29,S002,P0006,90,20,0
2024-08-29,S002,P0007,74,20,0
2024-08-29,S002,P0008,55,20,0
2024-08-29,S002,P0009,72,20,0
2024-08-29,S002,P0010,47,20,0
2024-08-29,S003,P0001,43,20,0
2024-08-29,S003,P0002,116,20,0
2024-08-29,S003,P0003,58,20,0
2024-08-29,S003,P0004,22,20,0
2024-08-29,S003,P0005,115,20,0
2024-08-29,S003,P0006,25,20,0
2024-08-29,S003,P0007,29,20,0
2024-08-29,S003,P0008,102,20,0
2024-08-29,S003,P0009,72,20,0
2024-08-29,S003,P0010,65,20,0
2024-08-29,S004,P0001,104,20,0
2024-08-29,S004,P0002,21,20,0
2024-08-29,S004,P0003,76,20,0
2024-08-29,S004,P0004,106,20,0
2024-08-29,S004,P0005,96,20,0
2024-08-29,S004,P0006,23,20,0
2024-08-29,S004,P0007,74,20,0
2024-08-29,S004,P0008,87,20,0
2024-08-29,S004,P0009,53,20,0
2024-08-29,S004,P0010,32,20,0
2024-08-29,S005,P0001,52,20,0
2024-08-29,S005,P0002,90,20,0
2024-08-29,S005,P0003,86,20,0
2024-08-29,S005,P0004,36,20,0
2024-08-29,S005,P0005,91,20,0
2024-08-29,S005,P0006,52,20,0
2024-08-29,S005,P0007,58,20,0
2024-08-29,S005,P0008,46,20,0
2024-08-29,S005,P0009,112,20,0
2024-08-29,S005,P0010,25,20,0
2024-08-30,S001,P0001,114,20,0
2024-08-30,S001,P0002,93,20,0
2024-08-30,S001,P0003,64,20,0
2024-08-30,S001,P0004,23,20,0
2024-08-30,S001,P0005,104,20,0
2024-08-30,S001,P0006,23,20,0
2024-08-30,S001,P0007,75,20,0
2024-08-30,S001,P0008,73,20,0
2024-08-30,S001,P0009,53,20,0
2024-08-30,S001,P0010,59,20,0
2024-08-30,S002,P0001,28,20,0
2024-08-30,S002,P0002,52,20,0
2024-08-30,S002,P0003,86,20,0
2024-08-30,S002,P0004,36,20,0
2024-08-30,S002,P0005,51,20,0
2024-08-30,S002,P0006,88,20,0
2024-08-30,S002,P0007,73,20,0
2024-08-30,S002,P0008,54,20,0
2024-08-30,S002,P0009,71,20,0
2024-08-30,S002,P0010,46,20,0
2024-08-30,S003,P0001,42,20,0
2024-08-30,S003,P0002,114,20,0
2024-08-30,S003,P0003,57,20,0
2024-08-30,S003,P0004,21,20,0
2024-08-30,S003,P0005,114,20,0
2024-08-30,S003,P0006,25,20,0
2024-08-30,S003,P0007,28,20,0
2024-08-30,S003,P0008,102,20,0
2024-08-30,S003,P0009,69,20,0
2024-08-30,S003,P0010,65,20,0
2024-08-30,S004,P0001,104,20,0
2024-08-30,S004,P0002,119,20,0
2024-08-30,S004,P0003,76,20,0
2024-08-30,S004,P0004,106,20,0
2024-08-30,S004,P0005,92,20,0
2024-08-30,S004,P0006,22,20,0
2024-08-30,S004,P0007,73,20,0
2024-08-30,S004,P0008,87,20,0
2024-08-30,S004,P0009,47,20,0
2024-08-30,S004,P0010,29,20,0
2024-08-30,S005,P0001,51,20,0
2024-08-30,S005,P0002,88,20,0
2024-08-30,S005,P0003,83,20,0
2024-08-30,S005,P0004,33,20,0
2024-08-30,S005,P0005,88,20,0
2024-08-30,S005,P0006,51,20,0
2024-08-30,S005,P0007,56,20,0
2024-08-30,S005,P0008,45,20,0
2024-08-30,S005,P0009,106,20,0
2024-08-30,S005,P0010,24,20,0
2024-08-31,S001,P0001,113,20,0
2024-08-31,S001,P0002,93,20,0
2024-08-31,S001,P0003,64,20,0
2024-08-31,S001,P0004,20,20,0
2024-08-31,S001,P0005,103,20,0
2024-08-31,S001,P0006,23,20,0
2024-08-31,S001,P0007,74,20,0
2024-08-31,S001,P0008,73,20,0
2024-08-31,S001,P0009,52,20,0
2024-08-31,S001,P0010,58,20,0
2024-08-31,S002,P0001,28,20,0
2024-08-31,S002,P0002,50,20,0
2024-08-31,S002,P0003,85,20,0
2024-08-31,S002,P0004,35,20,0
2024-08-31,S002,P0005,49,20,0
2024-08-31,S002,P0006,88,20,0
2024-08-31,S002,P0007,71,20,0
2024-08-31,S002,P0008,53,20,0
2024-08-31,S002,P0009,70,20,0
2024-08-31,S002,P0010,46,20,0
2024-08-31,S003,P0001,40,20,0
2024-08-31,S003,P0002,114,20,0
2024-08-31,S003,P0003,55,20,0
2024-08-31,S003,P0004,21,20,0
2024-08-31,S003,P0005,111,20,0
2024-08-31,S003,P0006,22,20,0
2024-08-31,S003,P0007,27,20,0
2024-08-31,S003,P0008,101,20,0
2024-08-31,S003,P0009,67,20,0
2024-08-31,S003,P0010,65,20,0
2024-08-31,S004,P0001,104,20,0
2024-08-31,S004,P0002,117,20,0
2024-08-31,S004,P0003,75,20,0
2024-08-31,S004,P0004,105,20,0
2024-08-31,S004,P0005,90,20,0
2024-08-31,S004,P0006,22,20,0
2024-08-31,S004,P0007,72,20,0
2024-08-31,S004,P0008,85,20,0
2024-08-31,S004,P0009,44,20,0
2024-08-31,S004,P0010,29,20,0
2024-08-31,S005,P0001,49,20,0
2024-08-31,S005,P0002,86,20,0
2024-08-31,S005,P0003,81,20,0
2024-08-31,S005,P0004,31,20,0
2024-08-31,S005,P0005,87,20,0
2024-08-31,S005,P0006,50,20,0
2024-08-31,S005,P0007,55,20,0
2024-08-31,S005,P0008,44,20,0
2024-08-31,S005,P0009,105,20,0
2024-08-31,S005,P0010,23,20,0
2024-09-01,S001,P0001,113,20,0
2024-09-01,S001,P0002,92,20,0
2024-09-01,S001,P0003,64,20,0
2024-09-01,S001,P0004,117,20,0
2024-09-01,S001,P0005,98,20,0
2024-09-01,S001,P0006,22,20,0
2024-09-01,S001,P0007,74,20,0
2024-09-01,S001,P0008,73,20,0
2024-09-01,S001,P0009,50,20,0
2024-09-01,S001,P0010,58,20,0
2024-09-01,S002,P0001,28,20,0
2024-09-01,S002,P0002,46,20,0
2024-09-01,S002,P0003,84,20,0
2024-09-01,S002,P0004,32,20,0
2024-09-01,S002,P0005,49,20,0
2024-09-01,S002,P0006,88,20,0
2024-09-01,S002,P0007,71,20,0
2024-09-01,S002,P0008,51,20,0
2024-09-01,S002,P0009,68,20,0
2024-09-01,S002,P0010,45,20,0
2024-09-01,S003,P0001,39,20,0
2024-09-01,S003,P0002,111,20,0
2024-09-01,S003,P0003,50,20,0
2024-09-01,S003,P0004,119,20,0
2024-09-01,S003,P0005,108,20,0
2024-09-01,S003,P0006,22,20,0
2024-09-01,S003,P0007,27,20,0
2024-09-01,S003,P0008,100,20,0
2024-09-01,S003,P0009,66,20,0
2024-09-01,S003,P0010,65,20,0
2024-09-01,S004,P0001,103,20,0
2024-09-01,S004,P0002,115,20,0
2024-09-01,S004,P0003,74,20,0
2024-09-01,S004,P0004,104,20,0
2024-09-01,S004,P0005,88,20,0
2024-09-01,S004,P0006,22,20,0
2024-09-01,S004,P0007,71,20,0
2024-09-01,S004,P0008,85,20,0
2024-09-01,S004,P0009,42,20,0
2024-09-01,S004,P0010,28,20,0
2024-09-01,S005,P0001,47,20,0
2024-09-01,S005,P0002,84,20,0
2024-09-01,S005,P0003,80,20,0
2024-09-01,S005,P0004,30,20,0
2024-09-01,S005,P0005,85,20,0
2024-09-01,S005,P0006,50,20,0
2024-09-01,S005,P0007,54,20,0
2024-09-01,S005,P0008,44,20,0
2024-09-01,S005,P0009,104,20,0
2024-09-01,S005,P0010,21,20,0
2024-09-02,S001,P0001,113,20,0
2024-09-02,S001,P0002,89,20,0
2024-09-02,S001,P0003,63,20,0
2024-09-02,S001,P0004,117,20,0
2024-09-02,S001,P0005,92,20,0
2024-09-02,S001,P0006,20,20,0
2024-09-02,S001,P0007,73,20,0
2024-09-02,S001,P0008,72,20,0
2024-09-02,S001,P0009,50,20,0
2024-09-02,S001,P0010,55,20,0
2024-09-02,S002,P0001,26,20,0
2024-09-02,S002,P0002,45,20,0
2024-09-02,S002,P0003,83,20,0
2024-09-02,S002,P0004,29,20,0
2024-09-02,S002,P0005,47,20,0
2024-09-02,S002,P0006,88,20,0
2024-09-02,S002,P0007,68,20,0
2024-09-02,S002,P0008,51,20,0
2024-09-02,S002,P0009,68,20,0
2024-09-02,S002,P0010,43,20,0
2024-09-02,S003,P0001,37,20,0
2024-09-02,S003,P0002,110,20,0
2024-09-02,S003,P0003,50,20,0
2024-09-02,S003,P0004,118,20,0
2024-09-02,S003,P0005,107,20,0
2024-09-02,S003,P0006,22,20,0
2024-09-02,S003,P0007,26,20,0
2024-09-02,S003,P0008,98,20,0
2024-09-02,S003,P0009,65,20,0
2024-09-02,S003,P0010,65,20,0
2024-09-02,S004,P0001,102,20,0
2024-09-02,S004,P0002,114,20,0
2024-09-02,S004,P0003,72,20,0
2024-09-02,S004,P0004,104,20,0
2024-09-02,S004,P0005,85,20,0
2024-09-02,S004,P0006,21,20,0
2024-09-02,S004,P0007,70,20,0
2024-09-02,S004,P0008,85,20,0
2024-09-02,S004,P0009,42,20,0
2024-09-02,S004,P0010,27,20,0
2024-09-02,S005,P0001,43,20,0
2024-09-02,S005,P0002,84,20,0
2024-09-02,S005,P0003,79,20,0
2024-09-02,S005,P0004,29,20,0
2024-09-02,S005,P0005,80,20,0
2024-09-02,S005,P0006,50,20,0
2024-09-02,S005,P0007,54,20,0
2024-09-02,S005,P0008,43,20,0
2024-09-02,S005,P0009,101,20,0
2024-09-02,S005,P0010,21,20,0
2024-09-03,S001,P0001,112,20,0
2024-09-03,S001,P0002,88,20,0
2024-09-03,S001,P0003,62,20,0
2024-09-03,S001,P0004,117,20,0
2024-09-03,S001,P0005,91,20,0
2024-09-03,S001,P0006,119,20,0
2024-09-03,S001,P0007,73,20,0
2024-09-03,S001,P0008,71,20,0
2024-09-03,S001,P0009,48,20,0
2024-09-03,S001,P0010,51,20,0
2024-09-03,S002,P0001,26,20,0
2024-09-03,S002,P0002,44,20,0
2024-09-03,S002,P0003,81,20,0
2024-09-03,S002,P0004,28,20,0
2024-09-03,S002,P0005,46,20,0
2024-09-03,S002,P0006,88,20,0
2024-09-03,S002,P0007,67,20,0
2024-09-03,S002,P0008,51,20,0
2024-09-03,S002,P0009,67,20,0
2024-09-03,S002,P0010,43,20,0
2024-09-03,S003,P0001,34,20,0
2024-09-03,S003,P0002,109,20,0
2024-09-03,S003,P0003,48,20,0
2024-09-03,S003,P0004,116,20,0
2024-09-03,S003,P0005,106,20,0
2024-09-03,S003,P0006,21,20,0
2024-09-03,S003,P0007,26,20,0
2024-09-03,S003,P0008,97,20,0
2024-09-03,S003,P0009,62,20,0
2024-09-03,S003,P0010,65,20,0
2024-09-03,S004,P0001,101,20,0
2024-09-03,S004,P0002,113,20,0
2024-09-03,S004,P0003,69,20,0
2024-09-03,S004,P0004,104,20,0
2024-09-03,S004,P0005,85,20,0
2024-09-03,S004,P0006,21,20,0
2024-09-03,S004,P0007,70,20,0
2024-09-03,S004,P0008,85,20,0
2024-09-03,S004,P0009,41,20,0
2024-09-03,S004,P0010,24,20,0
2024-09-03,S005,P0001,43,20,0
2024-09-03,S005,P0002,83,20,0
2024-09-03,S005,P0003,78,20,0
2024-09-03,S005,P0004,29,20,0
2024-09-03,S005,P0005,78,20,0
2024-09-03,S005,P0006,50,20,0
2024-09-03,S005,P0007,54,20,0
2024-09-03,S005,P0008,40,20,0
2024-09-03,S005,P0009,100,20,0
2024-09-03,S005,P0010,21,20,0
2024-09-04,S001,P0001,112,20,0
2024-09-04,S001,P0002,86,20,0
2024-09-04,S001,P0003,60,20,0
2024-09-04,S001,P0004,117,20,0
2024-09-04,S001,P0005,87,20,0
2024-09-04,S001,P0006,119,20,0
2024-09-04,S001,P0007,71,20,0
2024-09-04,S001,P0008,69,20,0
2024-09-04,S001,P0009,45,20,0
2024-09-04,S001,P0010,48,20,0
2024-09-04,S002,P0001,26,20,0
2024-09-04,S002,P0002,43,20,0
2024-09-04,S002,P0003,79,20,0
2024-09-04,S002,P0004,25,20,0
2024-09-04,S002,P0005,44,20,0
2024-09-04,S002,P0006,88,20,0
2024-09-04,S002,P0007,67,20,0
2024-09-04,S002,P0008,50,20,0
2024-09-04,S002,P0009,65,20,0
2024-09-04,S002,P0010,42,20,0
2024-09-04,S003,P0001,33,20,0
2024-09-04,S003,P0002,108,20,0
2024-09-04,S003,P0003,47,20,0
2024-09-04,S003,P0004,116,20,0
2024-09-04,S003,P0005,106,20,0
2024-09-04,S003,P0006,21,20,0
2024-09-04,S003,P0007,26,20,0
2024-09-04,S003,P0008,95,20,0
2024-09-04,S003,P0009,61,20,0
2024-09-04,S003,P0010,63,20,0
2024-09-04,S004,P0001,101,20,0
2024-09-04,S004,P0002,108,20,0
2024-09-04,S004,P0003,69,20,0
2024-09-04,S004,P0004,103,20,0
2024-09-04,S004,P0005,84,20,0
2024-09-04,S004,P0006,21,20,0
2024-09-04,S004,P0007,69,20,0
2024-09-04,S004,P0008,84,20,0
2024-09-04,S004,P0009,40,20,0
2024-09-04,S004,P0010,24,20,0
2024-09-04,S005,P0001,41,20,0
2024-09-04,S005,P0002,78,20,0
2024-09-04,S005,P0003,76,20,0
2024-09-04,S005,P0004,28,20,0
2024-09-04,S005,P0005,76,20,0
2024-09-04,S005,P0006,50,20,0
2024-09-04,S005,P0007,54,20,0
2024-09-04,S005,P0008,40,20,0
2024-09-04,S005,P0009,100,20,0
2024-09-04,S005,P0010,21,20,0
2024-09-05,S001,P0001,112,20,0
2024-09-05,S001,P0002,84,20,0
2024-09-05,S001,P0003,57,20,0
2024-09-05,S001,P0004,115,20,0
2024-09-05,S001,P0005,85,20,0
2024-09-05,S001,P0006,119,20,0
2024-09-05,S001,P0007,67,20,0
2024-09-05,S001,P0008,69,20,0
2024-09-05,S001,P0009,43,20,0
2024-09-05,S001,P0010,47,20,0
2024-09-05,S002,P0001,22,20,0
2024-09-05,S002,P0002,41,20,0
2024-09-05,S002,P0003,76,20,0
2024-09-05,S002,P0004,24,20,0
2024-09-05,S002,P0005,43,20,0
2024-09-05,S002,P0006,85,20,0
2024-09-05,S002,P0007,66,20,0
2024-09-05,S002,P0008,49,20,0
2024-09-05,S002,P0009,63,20,0
2024-09-05,S002,P0010,41,20,0
2024-09-05,S003,P0001,31,20,0
2024-09-05,S003,P0002,108,20,0
2024-09-05,S003,P0003,47,20,0
2024-09-05,S003,P0004,116,20,0
2024-09-05,S003,P0005,105,20,0
2024-09-05,S003,P0006,20,20,0
2024-09-05,S003,P0007,26,20,0
2024-09-05,S003,P0008,92,20,0
2024-09-05,S003,P0009,58,20,0
2024-09-05,S003,P0010,61,20,0
2024-09-05,S004,P0001,100,20,0
2024-09-05,S004,P0002,106,20,0
2024-09-05,S004,P0003,68,20,0
2024-09-05,S004,P0004,103,20,0
2024-09-05,S004,P0005,83,20,0
2024-09-05,S004,P0006,20,20,0
2024-09-05,S004,P0007,69,20,0
2024-09-05,S004,P0008,82,20,0
2024-09-05,S004,P0009,38,20,0
2024-09-05,S004,P0010,22,20,0
2024-09-05,S005,P0001,41,20,0
2024-09-05,S005,P0002,77,20,0
2024-09-05,S005,P0003,72,20,0
2024-09-05,S005,P0004,27,20,0
2024-09-05,S005,P0005,73,20,0
2024-09-05,S005,P0006,50,20,0
2024-09-05,S005,P0007,54,20,0
2024-09-05,S005,P0008,40,20,0
2024-09-05,S005,P0009,96,20,0
2024-09-05,S005,P0010,20,20,0
2024-09-06,S001,P0001,111,20,0
2024-09-06,S001,P0002,83,20,0
2024-09-06,S001,P0003,56,20,0
2024-09-06,S001,P0004,112,20,0
2024-09-06,S001,P0005,82,20,0
2024-09-06,S001,P0006,119,20,0
2024-09-06,S001,P0007,66,20,0
2024-09-06,S001,P0008,67,20,0
2024-09-06,S001,P0009,42,20,0
2024-09-06,S001,P0010,47,20,0
2024-09-06,S002,P0001,22,20,0
2024-09-06,S002,P0002,40,20,0
2024-09-06,S002,P0003,72,20,0
2024-09-06,S002,P0004,22,20,0
2024-09-06,S002,P0005,40,20,0
2024-09-06,S002,P0006,85,20,0
2024-09-06,S002,P0007,66,20,0
2024-09-06,S002,P0008,48,20,0
2024-09-06,S002,P0009,59,20,0
2024-09-06,S002,P0010,37,20,0
2024-09-06,S003,P0001,30,20,0
2024-09-06,S003,P0002,105,20,0
2024-09-06,S003,P0003,47,20,0
2024-09-06,S003,P0004,114,20,0
2024-09-06,S003,P0005,105,20,0
2024-09-06,S003,P0006,20,20,0
2024-09-06,S003,P0007,25,20,0
2024-09-06,S003,P0008,92,20,0
2024-09-06,S003,P0009,56,20,0
2024-09-06,S003,P0010,60,20,0
2024-09-06,S004,P0001,96,20,0
2024-09-06,S004,P0002,106,20,0
2024-09-06,S004,P0003,65,20,0
2024-09-06,S004,P0004,102,20,0
2024-09-06,S004,P0005,79,20,0
2024-09-06,S004,P0006,20,20,0
2024-09-06,S004,P0007,68,20,0
2024-09-06,S004,P0008,81,20,0
2024-09-06,S004,P0009,37,20,0
2024-09-06,S004,P0010,20,20,0
2024-09-06,S005,P0001,40,20,0
2024-09-06,S005,P0002,76,20,0
2024-09-06,S005,P0003,69,20,0
2024-09-06,S005,P0004,25,20,0
2024-09-06,S005,P0005,72,20,0
2024-09-06,S005,P0006,50,20,0
2024-09-06,S005,P0007,53,20,0
2024-09-06,S005,P0008,38,20,0
2024-09-06,S005,P0009,95,20,0
2024-09-06,S005,P0010,119,20,0
2024-09-07,S001,P0001,111,20,0
2024-09-07,S001,P0002,82,20,0
2024-09-07,S001,P0003,55,20,0
2024-09-07,S001,P0004,112,20,0
2024-09-07,S001,P0005,81,20,0
2024-09-07,S001,P0006,119,20,0
2024-09-07,S001,P0007,66,20,0
2024-09-07,S001,P0008,67,20,0
2024-09-07,S001,P0009,41,20,0
2024-09-07,S001,P0010,45,20,0
2024-09-07,S002,P0001,20,20,0
2024-09-07,S002,P0002,38,20,0
2024-09-07,S002,P0003,71,20,0
2024-09-07,S002,P0004,21,20,0
2024-09-07,S002,P0005,38,20,0
2024-09-07,S002,P0006,85,20,0
2024-09-07,S002,P0007,65,20,0
2024-09-07,S002,P0008,45,20,0
2024-09-07,S002,P0009,57,20,0
2024-09-07,S002,P0010,36,20,0
2024-09-07,S003,P0001,28,20,0
2024-09-07,S003,P0002,103,20,0
2024-09-07,S003,P0003,47,20,0
2024-09-07,S003,P0004,112,20,0
2024-09-07,S003,P0005,103,20,0
2024-09-07,S003,P0006,20,20,0
2024-09-07,S003,P0007,23,20,0
2024-09-07,S003,P0008,92,20,0
2024-09-07,S003,P0009,56,20,0
2024-09-07,S003,P0010,60,20,0
2024-09-07,S004,P0001,94,20,0
2024-09-07,S004,P0002,104,20,0
2024-09-07,S004,P0003,65,20,0
2024-09-07,S004,P0004,101,20,0
2024-09-07,S004,P0005,77,20,0
2024-09-07,S004,P0006,20,20,0
2024-09-07,S004,P0007,68,20,0
2024-09-07,S004,P0008,80,20,0
2024-09-07,S004,P0009,36,20,0
2024-09-07,S004,P0010,20,20,0
2024-09-07,S005,P0001,39,20,0
2024-09-07,S005,P0002,72,20,0
2024-09-07,S005,P0003,69,20,0
2024-09-07,S005,P0004,22,20,0
2024-09-07,S005,P0005,71,20,0
2024-09-07,S005,P0006,50,20,0
2024-09-07,S005,P0007,52,20,0
2024-09-07,S005,P0008,37,20,0
2024-09-07,S005,P0009,91,20,0
2024-09-07,S005,P0010,115,20,0
2024-09-08,S001,P0001,105,20,0
2024-09-08,S001,P0002,79,20,0
2024-09-08,S001,P0003,54,20,0
2024-09-08,S001,P0004,112,20,0
2024-09-08,S001,P0005,77,20,0
2024-09-08,S001,P0006,119,20,0
2024-09-08,S001,P0007,65,20,0
2024-09-08,S001,P0008,66,20,0
2024-09-08,S001,P0009,39,20,0
2024-09-08,S001,P0010,42,20,0
2024-09-08,S002,P0001,114,20,0
2024-09-08,S002,P0002,38,20,0
2024-09-08,S002,P0003,69,20,0
2024-09-08,S002,P0004,21,20,0
2024-09-08,S002,P0005,37,20,0
2024-09-08,S002,P0006,85,20,0
2024-09-08,S002,P0007,64,20,0
2024-09-08,S002,P0008,44,20,0
2024-09-08,S002,P0009,54,20,0
2024-09-08,S002,P0010,36,20,0
2024-09-08,S003,P0001,26,20,0
2024-09-08,S003,P0002,103,20,0
2024-09-08,S003,P0003,46,20,0
2024-09-08,S003,P0004,109,20,0
2024-09-08,S003,P0005,102,20,0
2024-09-08,S003,P0006,20,20,0
2024-09-08,S003,P0007,22,20,0
2024-09-08,S003,P0008,91,20,0
2024-09-08,S003,P0009,56,20,0
2024-09-08,S003,P0010,60,20,0
2024-09-08,S004,P0001,94,20,0
2024-09-08,S004,P0002,101,20,0
2024-09-08,S004,P0003,62,20,0
2024-09-08,S004,P0004,99,20,0
2024-09-08,S004,P0005,75,20,0
2024-09-08,S004,P0006,118,20,0
2024-09-08,S004,P0007,67,20,0
2024-09-08,S004,P0008,79,20,0
2024-09-08,S004,P0009,36,20,0
2024-09-08,S004,P0010,20,20,0
2024-09-08,S005,P0001,39,20,0
2024-09-08,S005,P0002,72,20,0
2024-09-08,S005,P0003,66,20,0
2024-09-08,S005,P0004,22,20,0
2024-09-08,S005,P0005,67,20,0
2024-09-08,S005,P0006,50,20,0
2024-09-08,S005,P0007,50,20,0
2024-09-08,S005,P0008,34,20,0
2024-09-08,S005,P0009,89,20,0
2024-09-08,S005,P0010,113,20,0
2024-09-09,S001,P0001,104,20,0
2024-09-09,S001,P0002,77,20,0
2024-09-09,S001,P0003,49,20,0
2024-09-09,S001,P0004,111,20,0
2024-09-09,S001,P0005,75,20,0
2024-09-09,S001,P0006,119,20,0
2024-09-09,S001,P0007,64,20,0
2024-09-09,S001,P0008,63,20,0
2024-09-09,S001,P0009,38,20,0
2024-09-09,S001,P0010,40,20,0
2024-09-09,S002,P0001,114,20,0
2024-09-09,S002,P0002,35,20,0
2024-09-09,S002,P0003,69,20,0
2024-09-09,S002,P0004,21,20,0
2024-09-09,S002,P0005,35,20,0
2024-09-09,S002,P0006,84,20,0
2024-09-09,S002,P0007,64,20,0
2024-09-09,S002,P0008,43,20,0
2024-09-09,S002,P0009,51,20,0
2024-09-09,S002,P0010,35,20,0
2024-09-09,S003,P0001,25,20,0
2024-09-09,S003,P0002,102,20,0
2024-09-09,S003,P0003,46,20,0
2024-09-09,S003,P0004,107,20,0
2024-09-09,S003,P0005,99,20,0
2024-09-09,S003,P0006,118,20,0
2024-09-09,S003,P0007,22,20,0
2024-09-09,S003,P0008,88,20,0
2024-09-09,S003,P0009,55,20,0
2024-09-09,S003,P0010,58,20,0
2024-09-09,S004,P0001,94,20,0
2024-09-09,S004,P0002,100,20,0
2024-09-09,S004,P0003,60,20,0
2024-09-09,S004,P0004,98,20,0
2024-09-09,S004,P0005,73,20,0
2024-09-09,S004,P0006,116,20,0
2024-09-09,S004,P0007,65,20,0
2024-09-09,S004,P0008,79,20,0
2024-09-09,S004,P0009,34,20,0
2024-09-09,S004,P0010,117,20,0
2024-09-09,S005,P0001,37,20,0
2024-09-09,S005,P0002,69,20,0
2024-09-09,S005,P0003,66,20,0
2024-09-09,S005,P0004,21,20,0
2024-09-09,S005,P0005,65,20,0
2024-09-09,S005,P0006,50,20,0
2024-09-09,S005,P0007,50,20,0
2024-09-09,S005,P0008,32,20,0
2024-09-09,S005,P0009,86,20,0
2024-09-09,S005,P0010,113,20,0
2024-09-10,S001,P0001,102,20,0
2024-09-10,S001,P0002,74,20,0
2024-09-10,S001,P0003,49,20,0
2024-09-10,S001,P0004,110,20,0
2024-09-10,S001,P0005,68,20,0
2024-09-10,S001,P0006,119,20,0
2024-09-10,S001,P0007,64,20,0
2024-09-10,S001,P0008,62,20,0
2024-09-10,S001,P0009,36,20,0
2024-09-10,S001,P0010,37,20,0
2024-09-10,S002,P0001,111,20,0
2024-09-10,S002,P0002,33,20,0
2024-09-10,S002,P0003,69,20,0
2024-09-10,S002,P0004,118,20,0
2024-09-10,S002,P0005,33,20,0
2024-09-10,S002,P0006,83,20,0
2024-09-10,S002,P0007,63,20,0
2024-09-10,S002,P0008,42,20,0
2024-09-10,S002,P0009,48,20,0
2024-09-10,S002,P0010,34,20,0
2024-09-10,S003,P0001,24,20,0
2024-09-10,S003,P0002,99,20,0
2024-09-10,S003,P0003,46,20,0
2024-09-10,S003,P0004,107,20,0
2024-09-10,S003,P0005,99,20,0
2024-09-10,S003,P0006,118,20,0
2024-09-10,S003,P0007,22,20,0
2024-09-10,S003,P0008,86,20,0
2024-09-10,S003,P0009,54,20,0
2024-09-10,S003,P0010,57,20,0
2024-09-10,S004,P0001,92,20,0
2024-09-10,S004,P0002,99,20,0
2024-09-10,S004,P0003,60,20,0
2024-09-10,S004,P0004,94,20,0
2024-09-10,S004,P0005,72,20,0
2024-09-10,S004,P0006,116,20,0
2024-09-10,S004,P0007,63,20,0
2024-09-10,S004,P0008,78,20,0
2024-09-10,S004,P0009,32,20,0
2024-09-10,S004,P0010,116,20,0
2024-09-10,S005,P0001,36,20,0
2024-09-10,S005,P0002,67,20,0
2024-09-10,S005,P0003,63,20,0
2024-09-10,S005,P0004,21,20,0
2024-09-10,S005,P0005,65,20,0
2024-09-10,S005,P0006,48,20,0
2024-09-10,S005,P0007,48,20,0
2024-09-10,S005,P0008,31,20,0
2024-09-10,S005,P0009,85,20,0
2024-09-10,S005,P0010,112,20,0
2024-09-11,S001,P0001,100,20,0
2024-09-11,S001,P0002,73,20,0
2024-09-11,S001,P0003,49,20,0
2024-09-11,S001,P0004,110,20,0
2024-09-11,S001,P0005,64,20,0
2024-09-11,S001,P0006,118,20,0
2024-09-11,S001,P0007,63,20,0
2024-09-11,S001,P0008,61,20,0
2024-09-11,S001,P0009,33,20,0
2024-09-11,S001,P0010,37,20,0
2024-09-11,S002,P0001,110,20,0
2024-09-11,S002,P0002,30,20,0
2024-09-11,S002,P0003,68,20,0
2024-09-11,S002,P0004,117,20,0
2024-09-11,S002,P0005,31,20,0
2024-09-11,S002,P0006,80,20,0
2024-09-11,S002,P0007,63,20,0
2024-09-11,S002,P0008,42,20,0
2024-09-11,S002,P0009,48,20,0
2024-09-11,S002,P0010,34,20,0
2024-09-11,S003,P0001,23,20,0
2024-09-11,S003,P0002,98,20,0
2024-09-11,S003,P0003,44,20,0
2024-09-11,S003,P0004,107,20,0
2024-09-11,S003,P0005,98,20,0
2024-09-11,S003,P0006,118,20,0
2024-09-11,S003,P0007,20,20,0
2024-09-11,S003,P0008,83,20,0
2024-09-11,S003,P0009,52,20,0
2024-09-11,S003,P0010,55,20,0
2024-09-11,S004,P0001,92,20,0
2024-09-11,S004,P0002,97,20,0
2024-09-11,S004,P0003,60,20,0
2024-09-11,S004,P0004,94,20,0
2024-09-11,S004,P0005,70,20,0
2024-09-11,S004,P0006,116,20,0
2024-09-11,S004,P0007,61,20,0
2024-09-11,S004,P0008,77,20,0
2024-09-11,S004,P0009,31,20,0
2024-09-11,S004,P0010,112,20,0
2024-09-11,S005,P0001,36,20,0
2024-09-11,S005,P0002,66,20,0
2024-09-11,S005,P0003,60,20,0
2024-09-11,S005,P0004,119,20,0
2024-09-11,S005,P0005,64,20,0
2024-09-11,S005,P0006,47,20,0
2024-09-11,S005,P0007,44,20,0
2024-09-11,S005,P0008,30,20,0
2024-09-11,S005,P0009,81,20,0
2024-09-11,S005,P0010,112,20,0
2024-09-12,S001,P0001,100,20,0
2024-09-12,S001,P0002,72,20,0
2024-09-12,S001,P0003,46,20,0
2024-09-12,S001,P0004,109,20,0
2024-09-12,S001,P0005,63,20,0
2024-09-12,S001,P0006,118,20,0
2024-09-12,S001,P0007,62,20,0
2024-09-12,S001,P0008,61,20,0
2024-09-12,S001,P0009,33,20,0
2024-09-12,S001,P0010,34,20,0
2024-09-12,S002,P0001,109,20,0
2024-09-12,S002,P0002,27,20,0
2024-09-12,S002,P0003,67,20,0
2024-09-12,S002,P0004,117,20,0
2024-09-12,S002,P0005,30,20,0
2024-09-12,S002,P0006,80,20,0
2024-09-12,S002,P0007,63,20,0
2024-09-12,S002,P0008,42,20,0
2024-09-12,S002,P0009,43,20,0
2024-09-12,S002,P0010,33,20,0
2024-09-12,S003,P0001,23,20,0
2024-09-12,S003,P0002,97,20,0
2024-09-12,S003,P0003,44,20,0
2024-09-12,S003,P0004,105,20,0
2024-09-12,S003,P0005,93,20,0
2024-09-12,S003,P0006,117,20,0
2024-09-12,S003,P0007,119,20,0
2024-09-12,S003,P0008,81,20,0
2024-09-12,S003,P0009,50,20,0
2024-09-12,S003,P0010,52,20,0
2024-09-12,S004,P0001,90,20,0
2024-09-12,S004,P0002,97,20,0
2024-09-12,S004,P0003,60,20,0
2024-09-12,S004,P0004,94,20,0
2024-09-12,S004,P0005,68,20,0
2024-09-12,S004,P0006,116,20,0
2024-09-12,S004,P0007,60,20,0
2024-09-12,S004,P0008,76,20,0
2024-09-12,S004,P0009,30,20,0
2024-09-12,S004,P0010,110,20,0
2024-09-12,S005,P0001,35,20,0
2024-09-12,S005,P0002,64,20,0
2024-09-12,S005,P0003,59,20,0
2024-09-12,S005,P0004,119,20,0
2024-09-12,S005,P0005,62,20,0
2024-09-12,S005,P0006,47,20,0
2024-09-12,S005,P0007,44,20,0
2024-09-12,S005,P0008,28,20,0
2024-09-12,S005,P0009,81,20,0
2024-09-12,S005,P0010,110,20,0
2024-09-13,S001,P0001,97,20,0
2024-09-13,S001,P0002,71,20,0
2024-09-13,S001,P0003,46,20,0
2024-09-13,S001,P0004,107,20,0
2024-09-13,S001,P0005,59,20,0
2024-09-13,S001,P0006,117,20,0
2024-09-13,S001,P0007,62,20,0
2024-09-13,S001,P0008,60,20,0
2024-09-13,S001,P0009,29,20,0
2024-09-13,S001,P0010,30,20,0
2024-09-13,S002,P0001,108,20,0
2024-09-13,S002,P0002,23,20,0
2024-09-13,S002,P0003,66,20,0
2024-09-13,S002,P0004,115,20,0
2024-09-13,S002,P0005,26,20,0
2024-09-13,S002,P0006,78,20,0
2024-09-13,S002,P0007,62,20,0
2024-09-13,S002,P0008,42,20,0
2024-09-13,S002,P0009,42,20,0
2024-09-13,S002,P0010,32,20,0
2024-09-13,S003,P0001,22,20,0
2024-09-13,S003,P0002,97,20,0
2024-09-13,S003,P0003,44,20,0
2024-09-13,S003,P0004,104,20,0
2024-09-13,S003,P0005,93,20,0
2024-09-13,S003,P0006,116,20,0
2024-09-13,S003,P0007,117,20,0
2024-09-13,S003,P0008,79,20,0
2024-09-13,S003,P0009,48,20,0
2024-09-13,S003,P0010,52,20,0
2024-09-13,S004,P0001,87,20,0
2024-09-13,S004,P0002,95,20,0
2024-09-13,S004,P0003,58,20,0
2024-09-13,S004,P0004,94,20,0
2024-09-13,S004,P0005,65,20,0
2024-09-13,S004,P0006,115,20,0
2024-09-13,S004,P0007,59,20,0
2024-09-13,S004,P0008,72,20,0
2024-09-13,S004,P0009,27,20,0
2024-09-13,S004,P0010,110,20,0
2024-09-13,S005,P0001,33,20,0
2024-09-13,S005,P0002,60,20,0
2024-09-13,S005,P0003,58,20,0
2024-09-13,S005,P0004,118,20,0
2024-09-13,S005,P0005,59,20,0
2024-09-13,S005,P0006,45,20,0
2024-09-13,S005,P0007,44,20,0
2024-09-13,S005,P0008,27,20,0
2024-09-13,S005,P0009,80,20,0
2024-09-13,S005,P0010,110,20,0
2024-09-14,S001,P0001,95,20,0
2024-09-14,S001,P0002,69,20,0
2024-09-14,S001,P0003,45,20,0
2024-09-14,S001,P0004,105,20,0
2024-09-14,S001,P0005,56,20,0
2024-09-14,S001,P0006,116,20,0
2024-09-14,S001,P0007,59,20,0
2024-09-14,S001,P0008,60,20,0
2024-09-14,S001,P0009,29,20,0
2024-09-14,S001,P0010,28,20,0
2024-09-14,S002,P0001,107,20,0
2024-09-14,S002,P0002,23,20,0
2024-09-14,S002,P0003,65,20,0
2024-09-14,S002,P0004,115,20,0
2024-09-14,S002,P0005,25,20,0
2024-09-14,S002,P0006,78,20,0
2024-09-14,S002,P0007,62,20,0
2024-09-14,S002,P0008,42,20,0
2024-09-14,S002,P0009,41,20,0
2024-09-14,S002,P0010,32,20,0
2024-09-14,S003,P0001,118,20,0
2024-09-14,S003,P0002,97,20,0
2024-09-14,S003,P0003,43,20,0
2024-09-14,S003,P0004,103,20,0
2024-09-14,S003,P0005,91,20,0
2024-09-14,S003,P0006,116,20,0
2024-09-14,S003,P0007,117,20,0
2024-09-14,S003,P0008,78,20,0
2024-09-14,S003,P0009,48,20,0
2024-09-14,S003,P0010,47,20,0
2024-09-14,S004,P0001,84,20,0
2024-09-14,S004,P0002,93,20,0
2024-09-14,S004,P0003,58,20,0
2024-09-14,S004,P0004,93,20,0
2024-09-14,S004,P0005,64,20,0
2024-09-14,S004,P0006,113,20,0
2024-09-14,S004,P0007,59,20,0
2024-09-14,S004,P0008,72,20,0
2024-09-14,S004,P0009,24,20,0
2024-09-14,S004,P0010,110,20,0
2024-09-14,S005,P0001,28,20,0
2024-09-14,S005,P0002,58,20,0
2024-09-14,S005,P0003,56,20,0
2024-09-14,S005,P0004,117,20,0
2024-09-14,S005,P0005,56,20,0
2024-09-14,S005,P0006,45,20,0
2024-09-14,S005,P0007,44,20,0
2024-09-14,S005,P0008,26,20,0
2024-09-14,S005,P0009,77,20,0
2024-09-14,S005,P0010,110,20,0
2024-09-15,S001,P0001,92,20,0
2024-09-15,S001,P0002,69,20,0
2024-09-15,S001,P0003,45,20,0
2024-09-15,S001,P0004,104,20,0
2024-09-15,S001,P0005,54,20,0
2024-09-15,S001,P0006,116,20,0
2024-09-15,S001,P0007,57,20,0
2024-09-15,S001,P0008,58,20,0
2024-09-15,S001,P0009,28,20,0
2024-09-15,S001,P0010,27,20,0
2024-09-15,S002,P0001,105,20,0
2024-09-15,S002,P0002,21,20,0
2024-09-15,S002,P0003,63,20,0
2024-09-15,S002,P0004,112,20,0
2024-09-15,S002,P0005,24,20,0
2024-09-15,S002,P0006,77,20,0
2024-09-15,S002,P0007,62,20,0
2024-09-15,S002,P0008,42,20,0
2024-09-15,S002,P0009,40,20,0
2024-09-15,S002,P0010,31,20,0
2024-09-15,S003,P0001,117,20,0
2024-09-15,S003,P0002,95,20,0
2024-09-15,S003,P0003,42,20,0
2024-09-15,S003,P0004,102,20,0
2024-09-15,S003,P0005,89,20,0
2024-09-15,S003,P0006,115,20,0
2024-09-15,S003,P0007,117,20,0
2024-09-15,S003,P0008,77,20,0
2024-09-15,S003,P0009,44,20,0
2024-09-15,S003,P0010,46,20,0
2024-09-15,S004,P0001,82,20,0
2024-09-15,S004,P0002,93,20,0
2024-09-15,S004,P0003,56,20,0
2024-09-15,S004,P0004,93,20,0
2024-09-15,S004,P0005,64,20,0
2024-09-15,S004,P0006,113,20,0
2024-09-15,S004,P0007,59,20,0
2024-09-15,S004,P0008,69,20,0
2024-09-15,S004,P0009,21,20,0
2024-09-15,S004,P0010,108,20,0
2024-09-15,S005,P0001,27,20,0
2024-09-15,S005,P0002,57,20,0
2024-09-15,S005,P0003,56,20,0
2024-09-15,S005,P0004,116,20,0
2024-09-15,S005,P0005,56,20,0
2024-09-15,S005,P0006,45,20,0
2024-09-15,S005,P0007,43,20,0
2024-09-15,S005,P0008,26,20,0
2024-09-15,S005,P0009,76,20,0
2024-09-15,S005,P0010,109,20,0
2024-09-16,S001,P0001,92,20,0
2024-09-16,S001,P0002,69,20,0
2024-09-16,S001,P0003,44,20,0
2024-09-16,S001,P0004,104,20,0
2024-09-16,S001,P0005,52,20,0
2024-09-16,S001,P0006,114,20,0
2024-09-16,S001,P0007,55,20,0
2024-09-16,S001,P0008,56,20,0
2024-09-16,S001,P0009,26,20,0
2024-09-16,S001,P0010,26,20,0
2024-09-16,S002,P0001,105,20,0
2024-09-16,S002,P0002,21,20,0
2024-09-16,S002,P0003,62,20,0
2024-09-16,S002,P0004,112,20,0
2024-09-16,S002,P0005,21,20,0
2024-09-16,S002,P0006,76,20,0
2024-09-16,S002,P0007,61,20,0
2024-09-16,S002,P0008,41,20,0
2024-09-16,S002,P0009,37,20,0
2024-09-16,S002,P0010,29,20,0
2024-09-16,S003,P0001,115,20,0
2024-09-16,S003,P0002,94,20,0
2024-09-16,S003,P0003,41,20,0
2024-09-16,S003,P0004,101,20,0
2024-09-16,S003,P0005,86,20,0
2024-09-16,S003,P0006,113,20,0
2024-09-16,S003,P0007,116,20,0
2024-09-16,S003,P0008,76,20,0
2024-09-16,S003,P0009,41,20,0
2024-09-16,S003,P0010,45,20,0
2024-09-16,S004,P0001,82,20,0
2024-09-16,S004,P0002,92,20,0
2024-09-16,S004,P0003,52,20,0
2024-09-16,S004,P0004,92,20,0
2024-09-16,S004,P0005,63,20,0
2024-09-16,S004,P0006,112,20,0
2024-09-16,S004,P0007,57,20,0
2024-09-16,S004,P0008,68,20,0
2024-09-16,S004,P0009,117,20,0
2024-09-16,S004,P0010,107,20,0
2024-09-16,S005,P0001,26,20,0
2024-09-16,S005,P0002,57,20,0
2024-09-16,S005,P0003,55,20,0
2024-09-16,S005,P0004,115,20,0
2024-09-16,S005,P0005,54,20,0
2024-09-16,S005,P0006,44,20,0
2024-09-16,S005,P0007,43,20,0
2024-09-16,S005,P0008,24,20,0
2024-09-16,S005,P0009,75,20,0
2024-09-16,S005,P0010,109,20,0
2024-09-17,S001,P0001,91,20,0
2024-09-17,S001,P0002,69,20,0
2024-09-17,S001,P0003,42,20,0
2024-09-17,S001,P0004,101,20,0
2024-09-17,S001,P0005,51,20,0
2024-09-17,S001,P0006,113,20,0
2024-09-17,S001,P0007,53,20,0
2024-09-17,S001,P0008,55,20,0
2024-09-17,S001,P0009,23,20,0
2024-09-17,S001,P0010,26,20,0
2024-09-17,S002,P0001,104,20,0
2024-09-17,S002,P0002,117,20,0
2024-09-17,S002,P0003,60,20,0
2024-09-17,S002,P0004,111,20,0
2024-09-17,S002,P0005,119,20,0
2024-09-17,S002,P0006,75,20,0
2024-09-17,S002,P0007,60,20,0
2024-09-17,S002,P0008,40,20,0
2024-09-17,S002,P0009,37,20,0
2024-09-17,S002,P0010,29,20,0
2024-09-17,S003,P0001,114,20,0
2024-09-17,S003,P0002,94,20,0
2024-09-17,S003,P0003,41,20,0
2024-09-17,S003,P0004,100,20,0
2024-09-17,S003,P0005,84,20,0
2024-09-17,S003,P0006,113,20,0
2024-09-17,S003,P0007,115,20,0
2024-09-17,S003,P0008,76,20,0
2024-09-17,S003,P0009,37,20,0
2024-09-17,S003,P0010,43,20,0
2024-09-17,S004,P0001,79,20,0
2024-09-17,S004,P0002,92,20,0
2024-09-17,S004,P0003,50,20,0
2024-09-17,S004,P0004,91,20,0
2024-09-17,S004,P0005,61,20,0
2024-09-17,S004,P0006,112,20,0
2024-09-17,S004,P0007,55,20,0
2024-09-17,S004,P0008,65,20,0
2024-09-17,S004,P0009,115,20,0
2024-09-17,S004,P0010,105,20,0
2024-09-17,S005,P0001,24,20,0
2024-09-17,S005,P0002,56,20,0
2024-09-17,S005,P0003,54,20,0
2024-09-17,S005,P0004,114,20,0
2024-09-17,S005,P0005,53,20,0
2024-09-17,S005,P0006,43,20,0
2024-09-17,S005,P0007,43,20,0
2024-09-17,S005,P0008,22,20,0
2024-09-17,S005,P0009,70,20,0
2024-09-17,S005,P0010,107,20,0
2024-09-18,S001,P0001,91,20,0
2024-09-18,S001,P0002,69,20,0
2024-09-18,S001,P0003,39,20,0
2024-09-18,S001,P0004,100,20,0
2024-09-18,S001,P0005,50,20,0
2024-09-18,S001,P0006,113,20,0
2024-09-18,S001,P0007,53,20,0
2024-09-18,S001,P0008,54,20,0
2024-09-18,S001,P0009,21,20,0
2024-09-18,S001,P0010,26,20,0
2024-09-18,S002,P0001,102,20,0
2024-09-18,S002,P0002,117,20,0
2024-09-18,S002,P0003,59,20,0
2024-09-18,S002,P0004,111,20,0
2024-09-18,S002,P0005,116,20,0
2024-09-18,S002,P0006,75,20,0
2024-09-18,S002,P0007,60,20,0
2024-09-18,S002,P0008,40,20,0
2024-09-18,S002,P0009,35,20,0
2024-09-18,S002,P0010,28,20,0
2024-09-18,S003,P0001,111,20,0
2024-09-18,S003,P0002,92,20,0
2024-09-18,S003,P0003,39,20,0
2024-09-18,S003,P0004,99,20,0
2024-09-18,S003,P0005,81,20,0
2024-09-18,S003,P0006,113,20,0
2024-09-18,S003,P0007,115,20,0
2024-09-18,S003,P0008,75,20,0
2024-09-18,S003,P0009,37,20,0
2024-09-18,S003,P0010,42,20,0
2024-09-18,S004,P0001,79,20,0
2024-09-18,S004,P0002,91,20,0
2024-09-18,S004,P0003,48,20,0
2024-09-18,S004,P0004,91,20,0
2024-09-18,S004,P0005,58,20,0
2024-09-18,S004,P0006,111,20,0
2024-09-18,S004,P0007,54,20,0
2024-09-18,S004,P0008,64,20,0
2024-09-18,S004,P0009,112,20,0
2024-09-18,S004,P0010,105,20,0
2024-09-18,S005,P0001,23,20,0
2024-09-18,S005,P0002,56,20,0
2024-09-18,S005,P0003,51,20,0
2024-09-18,S005,P0004,111,20,0
2024-09-18,S005,P0005,51,20,0
2024-09-18,S005,P0006,43,20,0
2024-09-18,S005,P0007,40,20,0
2024-09-18,S005,P0008,21,20,0
2024-09-18,S005,P0009,66,20,0
2024-09-18,S005,P0010,104,20,0
2024-09-19,S001,P0001,87,20,0
2024-09-19,S001,P0002,68,20,0
2024-09-19,S001,P0003,37,20,0
2024-09-19,S001,P0004,100,20,0
2024-09-19,S001,P0005,45,20,0
2024-09-19,S001,P0006,113,20,0
2024-09-19,S001,P0007,51,20,0
2024-09-19,S001,P0008,53,20,0
2024-09-19,S001,P0009,119,20,0
2024-09-19,S001,P0010,26,20,0
2024-09-19,S002,P0001,102,20,0
2024-09-19,S002,P0002,116,20,0
2024-09-19,S002,P0003,57,20,0
2024-09-19,S002,P0004,109,20,0
2024-09-19,S002,P0005,114,20,0
2024-09-19,S002,P0006,75,20,0
2024-09-19,S002,P0007,59,20,0
2024-09-19,S002,P0008,39,20,0
2024-09-19,S002,P0009,35,20,0
2024-09-19,S002,P0010,25,20,0
2024-09-19,S003,P0001,108,20,0
2024-09-19,S003,P0002,89,20,0
2024-09-19,S003,P0003,38,20,0
2024-09-19,S003,P0004,97,20,0
2024-09-19,S003,P0005,80,20,0
2024-09-19,S003,P0006,112,20,0
2024-09-19,S003,P0007,115,20,0
2024-09-19,S003,P0008,73,20,0
2024-09-19,S003,P0009,34,20,0
2024-09-19,S003,P0010,40,20,0
2024-09-19,S004,P0001,78,20,0
2024-09-19,S004,P0002,90,20,0
2024-09-19,S004,P0003,47,20,0
2024-09-19,S004,P0004,90,20,0
2024-09-19,S004,P0005,54,20,0
2024-09-19,S004,P0006,111,20,0
2024-09-19,S004,P0007,53,20,0
2024-09-19,S004,P0008,64,20,0
2024-09-19,S004,P0009,110,20,0
2024-09-19,S004,P0010,104,20,0
2024-09-19,S005,P0001,23,20,0
2024-09-19,S005,P0002,55,20,0
2024-09-19,S005,P0003,50,20,0
2024-09-19,S005,P0004,109,20,0
2024-09-19,S005,P0005,47,20,0
2024-09-19,S005,P0006,43,20,0
2024-09-19,S005,P0007,40,20,0
2024-09-19,S005,P0008,21,20,0
2024-09-19,S005,P0009,65,20,0
2024-09-19,S005,P0010,103,20,0
2024-09-20,S001,P0001,85,20,0
2024-09-20,S001,P0002,66,20,0
2024-09-20,S001,P0003,37,20,0
2024-09-20,S001,P0004,98,20,0
2024-09-20,S001,P0005,41,20,0
2024-09-20,S001,P0006,113,20,0
2024-09-20,S001,P0007,51,20,0
2024-09-20,S001,P0008,52,20,0
2024-09-20,S001,P0009,117,20,0
2024-09-20,S001,P0010,25,20,0
2024-09-20,S002,P0001,102,20,0
2024-09-20,S002,P0002,114,20,0
2024-09-20,S002,P0003,56,20,0
2024-09-20,S002,P0004,106,20,0
2024-09-20,S002,P0005,112,20,0
2024-09-20,S002,P0006,74,20,0
2024-09-20,S002,P0007,57,20,0
2024-09-20,S002,P0008,36,20,0
2024-09-20,S002,P0009,32,20,0
2024-09-20,S002,P0010,24,20,0
2024-09-20,S003,P0001,105,20,0
2024-09-20,S003,P0002,89,20,0
2024-09-20,S003,P0003,37,20,0
2024-09-20,S003,P0004,96,20,0
2024-09-20,S003,P0005,76,20,0
2024-09-20,S003,P0006,112,20,0
2024-09-20,S003,P0007,112,20,0
2024-09-20,S003,P0008,70,20,0
2024-09-20,S003,P0009,32,20,0
2024-09-20,S003,P0010,40,20,0
2024-09-20,S004,P0001,77,20,0
2024-09-20,S004,P0002,88,20,0
2024-09-20,S004,P0003,45,20,0
2024-09-20,S004,P0004,90,20,0
2024-09-20,S004,P0005,54,20,0
2024-09-20,S004,P0006,109,20,0
2024-09-20,S004,P0007,53,20,0
2024-09-20,S004,P0008,63,20,0
2024-09-20,S004,P0009,109,20,0
2024-09-20,S004,P0010,103,20,0
2024-09-20,S005,P0001,22,20,0
2024-09-20,S005,P0002,53,20,0
2024-09-20,S005,P0003,49,20,0
2024-09-20,S005,P0004,107,20,0
2024-09-20,S005,P0005,42,20,0
2024-09-20,S005,P0006,42,20,0
2024-09-20,S005,P0007,39,20,0
2024-09-20,S005,P0008,20,20,0
2024-09-20,S005,P0009,64,20,0
2024-09-20,S005,P0010,102,20,0
2024-09-21,S001,P0001,81,20,0
2024-09-21,S001,P0002,65,20,0
2024-09-21,S001,P0003,37,20,0
2024-09-21,S001,P0004,98,20,0
2024-09-21,S001,P0005,39,20,0
2024-09-21,S001,P0006,111,20,0
2024-09-21,S001,P0007,50,20,0
2024-09-21,S001,P0008,52,20,0
2024-09-21,S001,P0009,116,20,0
2024-09-21,S001,P0010,24,20,0
2024-09-21,S002,P0001,102,20,0
2024-09-21,S002,P0002,113,20,0
2024-09-21,S002,P0003,56,20,0
2024-09-21,S002,P0004,104,20,0
2024-09-21,S002,P0005,112,20,0
2024-09-21,S002,P0006,74,20,0
2024-09-21,S002,P0007,57,20,0
2024-09-21,S002,P0008,35,20,0
2024-09-21,S002,P0009,30,20,0
2024-09-21,S002,P0010,22,20,0
2024-09-21,S003,P0001,105,20,0
2024-09-21,S003,P0002,87,20,0
2024-09-21,S003,P0003,36,20,0
2024-09-21,S003,P0004,95,20,0
2024-09-21,S003,P0005,75,20,0
2024-09-21,S003,P0006,111,20,0
2024-09-21,S003,P0007,110,20,0
2024-09-21,S003,P0008,68,20,0
2024-09-21,S003,P0009,31,20,0
2024-09-21,S003,P0010,39,20,0
2024-09-21,S004,P0001,76,20,0
2024-09-21,S004,P0002,87,20,0
2024-09-21,S004,P0003,43,20,0
2024-09-21,S004,P0004,89,20,0
2024-09-21,S004,P0005,53,20,0
2024-09-21,S004,P0006,108,20,0
2024-09-21,S004,P0007,51,20,0
2024-09-21,S004,P0008,61,20,0
2024-09-21,S004,P0009,108,20,0
2024-09-21,S004,P0010,102,20,0
2024-09-21,S005,P0001,21,20,0
2024-09-21,S005,P0002,53,20,0
2024-09-21,S005,P0003,48,20,0
2024-09-21,S005,P0004,107,20,0
2024-09-21,S005,P0005,39,20,0
2024-09-21,S005,P0006,41,20,0
2024-09-21,S005,P0007,39,20,0
2024-09-21,S005,P0008,20,20,0
2024-09-21,S005,P0009,64,20,0
2024-09-21,S005,P0010,102,20,0
2024-09-22,S001,P0001,80,20,0
2024-09-22,S001,P0002,64,20,0
2024-09-22,S001,P0003,36,20,0
2024-09-22,S001,P0004,97,20,0
2024-09-22,S001,P0005,39,20,0
2024-09-22,S001,P0006,110,20,0
2024-09-22,S001,P0007,49,20,0
2024-09-22,S001,P0008,51,20,0
2024-09-22,S001,P0009,115,20,0
2024-09-22,S001,P0010,22,20,0
2024-09-22,S002,P0001,102,20,0
2024-09-22,S002,P0002,112,20,0
2024-09-22,S002,P0003,53,20,0
2024-09-22,S002,P0004,103,20,0
2024-09-22,S002,P0005,108,20,0
2024-09-22,S002,P0006,74,20,0
2024-09-22,S002,P0007,57,20,0
2024-09-22,S002,P0008,35,20,0
2024-09-22,S002,P0009,27,20,0
2024-09-22,S002,P0010,119,20,0
2024-09-22,S003,P0001,103,20,0
2024-09-22,S003,P0002,86,20,0
2024-09-22,S003,P0003,36,20,0
2024-09-22,S003,P0004,95,20,0
2024-09-22,S003,P0005,69,20,0
2024-09-22,S003,P0006,110,20,0
2024-09-22,S003,P0007,110,20,0
2024-09-22,S003,P0008,67,20,0
2024-09-22,S003,P0009,30,20,0
2024-09-22,S003,P0010,38,20,0
2024-09-22,S004,P0001,75,20,0
2024-09-22,S004,P0002,87,20,0
2024-09-22,S004,P0003,42,20,0
2024-09-22,S004,P0004,88,20,0
2024-09-22,S004,P0005,53,20,0
2024-09-22,S004,P0006,108,20,0
2024-09-22,S004,P0007,51,20,0
2024-09-22,S004,P0008,59,20,0
2024-09-22,S004,P0009,105,20,0
2024-09-22,S004,P0010,102,20,0
2024-09-22,S005,P0001,21,20,0
2024-09-22,S005,P0002,52,20,0
2024-09-22,S005,P0003,47,20,0
2024-09-22,S005,P0004,106,20,0
2024-09-22,S005,P0005,35,20,0
2024-09-22,S005,P0006,41,20,0
2024-09-22,S005,P0007,39,20,0
2024-09-22,S005,P0008,20,20,0
2024-09-22,S005,P0009,64,20,0
2024-09-22,S005,P0010,101,20,0
2024-09-23,S001,P0001,78,20,0
2024-09-23,S001,P0002,61,20,0
2024-09-23,S001,P0003,34,20,0
2024-09-23,S001,P0004,96,20,0
2024-09-23,S001,P0005,35,20,0
2024-09-23,S001,P0006,110,20,0
2024-09-23,S001,P0007,48,20,0
2024-09-23,S001,P0008,51,20,0
2024-09-23,S001,P0009,113,20,0
2024-09-23,S001,P0010,21,20,0
2024-09-23,S002,P0001,99,20,0
2024-09-23,S002,P0002,109,20,0
2024-09-23,S002,P0003,52,20,0
2024-09-23,S002,P0004,102,20,0
2024-09-23,S002,P0005,107,20,0
2024-09-23,S002,P0006,73,20,0
2024-09-23,S002,P0007,57,20,0
2024-09-23,S002,P0008,35,20,0
2024-09-23,S002,P0009,23,20,0
2024-09-23,S002,P0010,117,20,0
2024-09-23,S003,P0001,102,20,0
2024-09-23,S003,P0002,86,20,0
2024-09-23,S003,P0003,35,20,0
2024-09-23,S003,P0004,92,20,0
2024-09-23,S003,P0005,67,20,0
2024-09-23,S003,P0006,109,20,0
2024-09-23,S003,P0007,109,20,0
2024-09-23,S003,P0008,67,20,0
2024-09-23,S003,P0009,27,20,0
2024-09-23,S003,P0010,36,20,0
2024-09-23,S004,P0001,75,20,0
2024-09-23,S004,P0002,85,20,0
2024-09-23,S004,P0003,40,20,0
2024-09-23,S004,P0004,87,20,0
2024-09-23,S004,P0005,50,20,0
2024-09-23,S004,P0006,108,20,0
2024-09-23,S004,P0007,51,20,0
2024-09-23,S004,P0008,58,20,0
2024-09-23,S004,P0009,104,20,0
2024-09-23,S004,P0010,101,20,0
2024-09-23,S005,P0001,118,20,0
2024-09-23,S005,P0002,51,20,0
2024-09-23,S005,P0003,47,20,0
2024-09-23,S005,P0004,106,20,0
2024-09-23,S005,P0005,32,20,0
2024-09-23,S005,P0006,39,20,0
2024-09-23,S005,P0007,37,20,0
2024-09-23,S005,P0008,118,20,0
2024-09-23,S005,P0009,61,20,0
2024-09-23,S005,P0010,100,20,0
2024-09-24,S001,P0001,76,20,0
2024-09-24,S001,P0002,60,20,0
2024-09-24,S001,P0003,34,20,0
2024-09-24,S001,P0004,95,20,0
2024-09-24,S001,P0005,30,20,0
2024-09-24,S001,P0006,109,20,0
2024-09-24,S001,P0007,48,20,0
2024-09-24,S001,P0008,48,20,0
2024-09-24,S001,P0009,113,20,0
2024-09-24,S001,P0010,119,20,0
2024-09-24,S002,P0001,98,20,0
2024-09-24,S002,P0002,108,20,0
2024-09-24,S002,P0003,51,20,0
2024-09-24,S002,P0004,101,20,0
2024-09-24,S002,P0005,101,20,0
2024-09-24,S002,P0006,72,20,0
2024-09-24,S002,P0007,57,20,0
2024-09-24,S002,P0008,34,20,0
2024-09-24,S002,P0009,22,20,0
2024-09-24,S002,P0010,113,20,0
2024-09-24,S003,P0001,101,20,0
2024-09-24,S003,P0002,86,20,0
2024-09-24,S003,P0003,33,20,0
2024-09-24,S003,P0004,92,20,0
2024-09-24,S003,P0005,63,20,0
2024-09-24,S003,P0006,107,20,0
2024-09-24,S003,P0007,109,20,0
2024-09-24,S003,P0008,65,20,0
2024-09-24,S003,P0009,24,20,0
2024-09-24,S003,P0010,36,20,0
2024-09-24,S004,P0001,75,20,0
2024-09-24,S004,P0002,83,20,0
2024-09-24,S004,P0003,39,20,0
2024-09-24,S004,P0004,86,20,0
2024-09-24,S004,P0005,48,20,0
2024-09-24,S004,P0006,105,20,0
2024-09-24,S004,P0007,50,20,0
2024-09-24,S004,P0008,58,20,0
2024-09-24,S004,P0009,103,20,0
2024-09-24,S004,P0010,101,20,0
2024-09-24,S005,P0001,114,20,0
2024-09-24,S005,P0002,51,20,0
2024-09-24,S005,P0003,47,20,0
2024-09-24,S005,P0004,105,20,0
2024-09-24,S005,P0005,30,20,0
2024-09-24,S005,P0006,38,20,0
2024-09-24,S005,P0007,37,20,0
2024-09-24,S005,P0008,117,20,0
2024-09-24,S005,P0009,58,20,0
2024-09-24,S005,P0010,100,20,0
2024-09-25,S001,P0001,75,20,0
2024-09-25,S001,P0002,58,20,0
2024-09-25,S001,P0003,32,20,0
2024-09-25,S001,P0004,93,20,0
2024-09-25,S001,P0005,30,20,0
2024-09-25,S001,P0006,107,20,0
2024-09-25,S001,P0007,47,20,0
2024-09-25,S001,P0008,48,20,0
2024-09-25,S001,P0009,112,20,0
2024-09-25,S001,P0010,116,20,0
2024-09-25,S002,P0001,98,20,0
2024-09-25,S002,P0002,106,20,0
2024-09-25,S002,P0003,48,20,0
2024-09-25,S002,P0004,100,20,0
2024-09-25,S002,P0005,97,20,0
2024-09-25,S002,P0006,72,20,0
2024-09-25,S002,P0007,57,20,0
2024-09-25,S002,P0008,34,20,0
2024-09-25,S002,P0009,119,20,0
2024-09-25,S002,P0010,112,20,0
2024-09-25,S003,P0001,99,20,0
2024-09-25,S003,P0002,86,20,0
2024-09-25,S003,P0003,31,20,0
2024-09-25,S003,P0004,90,20,0
2024-09-25,S003,P0005,60,20,0
2024-09-25,S003,P0006,106,20,0
2024-09-25,S003,P0007,108,20,0
2024-09-25,S003,P0008,65,20,0
2024-09-25,S003,P0009,24,20,0
2024-09-25,S003,P0010,34,20,0
2024-09-25,S004,P0001,72,20,0
2024-09-25,S004,P0002,83,20,0
2024-09-25,S004,P0003,37,20,0
2024-09-25,S004,P0004,86,20,0
2024-09-25,S004,P0005,47,20,0
2024-09-25,S004,P0006,105,20,0
2024-09-25,S004,P0007,50,20,0
2024-09-25,S004,P0008,55,20,0
2024-09-25,S004,P0009,101,20,0
2024-09-25,S004,P0010,100,20,0
2024-09-25,S005,P0001,112,20,0
2024-09-25,S005,P0002,50,20,0
2024-09-25,S005,P0003,45,20,0
2024-09-25,S005,P0004,104,20,0
2024-09-25,S005,P0005,25,20,0
2024-09-25,S005,P0006,38,20,0
2024-09-25,S005,P0007,36,20,0
2024-09-25,S005,P0008,115,20,0
2024-09-25,S005,P0009,57,20,0
2024-09-25,S005,P0010,99,20,0
2024-09-26,S001,P0001,74,20,0
2024-09-26,S001,P0002,58,20,0
2024-09-26,S001,P0003,32,20,0
2024-09-26,S001,P0004,92,20,0
2024-09-26,S001,P0005,28,20,0
2024-09-26,S001,P0006,107,20,0
2024-09-26,S001,P0007,46,20,0
2024-09-26,S001,P0008,45,20,0
2024-09-26,S001,P0009,110,20,0
2024-09-26,S001,P0010,116,20,0
2024-09-26,S002,P0001,96,20,0
2024-09-26,S002,P0002,105,20,0
2024-09-26,S002,P0003,47,20,0
2024-09-26,S002,P0004,99,20,0
2024-09-26,S002,P0005,91,20,0
2024-09-26,S002,P0006,72,20,0
2024-09-26,S002,P0007,54,20,0
2024-09-26,S002,P0008,32,20,0
2024-09-26,S002,P0009,116,20,0
2024-09-26,S002,P0010,111,20,0
2024-09-26,S003,P0001,99,20,0
2024-09-26,S003,P0002,85,20,0
2024-09-26,S003,P0003,30,20,0
2024-09-26,S003,P0004,87,20,0
2024-09-26,S003,P0005,59,20,0
2024-09-26,S003,P0006,106,20,0
2024-09-26,S003,P0007,107,20,0
2024-09-26,S003,P0008,63,20,0
2024-09-26,S003,P0009,21,20,0
2024-09-26,S003,P0010,34,20,0
2024-09-26,S004,P0001,71,20,0
2024-09-26,S004,P0002,80,20,0
2024-09-26,S004,P0003,37,20,0
2024-09-26,S004,P0004,86,20,0
2024-09-26,S004,P0005,46,20,0
2024-09-26,S004,P0006,105,20,0
2024-09-26,S004,P0007,50,20,0
2024-09-26,S004,P0008,53,20,0
2024-09-26,S004,P0009,100,20,0
2024-09-26,S004,P0010,100,20,0
2024-09-26,S005,P0001,112,20,0
2024-09-26,S005,P0002,48,20,0
2024-09-26,S005,P0003,45,20,0
2024-09-26,S005,P0004,101,20,0
2024-09-26,S005,P0005,24,20,0
2024-09-26,S005,P0006,38,20,0
2024-09-26,S005,P0007,34,20,0
2024-09-26,S005,P0008,115,20,0
2024-09-26,S005,P0009,56,20,0
2024-09-26,S005,P0010,99,20,0
2024-09-27,S001,P0001,74,20,0
2024-09-27,S001,P0002,57,20,0
2024-09-27,S001,P0003,31,20,0
2024-09-27,S001,P0004,92,20,0
2024-09-27,S001,P0005,24,20,0
2024-09-27,S001,P0006,107,20,0
2024-09-27,S001,P0007,44,20,0
2024-09-27,S001,P0008,45,20,0
2024-09-27,S001,P0009,107,20,0
2024-09-27,S001,P0010,114,20,0
2024-09-27,S002,P0001,96,20,0
2024-09-27,S002,P0002,104,20,0
2024-09-27,S002,P0003,46,20,0
2024-09-27,S002,P0004,99,20,0
2024-09-27,S002,P0005,88,20,0
2024-09-27,S002,P0006,71,20,0
2024-09-27,S002,P0007,54,20,0
2024-09-27,S002,P0008,29,20,0
2024-09-27,S002,P0009,114,20,0
2024-09-27,S002,P0010,109,20,0
2024-09-27,S003,P0001,98,20,0
2024-09-27,S003,P0002,84,20,0
2024-09-27,S003,P0003,29,20,0
2024-09-27,S003,P0004,85,20,0
2024-09-27,S003,P0005,57,20,0
2024-09-27,S003,P0006,106,20,0
2024-09-27,S003,P0007,107,20,0
2024-09-27,S003,P0008,63,20,0
2024-09-27,S003,P0009,119,20,0
2024-09-27,S003,P0010,34,20,0
2024-09-27,S004,P0001,70,20,0
2024-09-27,S004,P0002,78,20,0
2024-09-27,S004,P0003,37,20,0
2024-09-27,S004,P0004,84,20,0
2024-09-27,S004,P0005,45,20,0
2024-09-27,S004,P0006,104,20,0
2024-09-27,S004,P0007,50,20,0
2024-09-27,S004,P0008,50,20,0
2024-09-27,S004,P0009,100,20,0
2024-09-27,S004,P0010,97,20,0
2024-09-27,S005,P0001,112,20,0
2024-09-27,S005,P0002,45,20,0
2024-09-27,S005,P0003,45,20,0
2024-09-27,S005,P0004,101,20,0
2024-09-27,S005,P0005,22,20,0
2024-09-27,S005,P0006,38,20,0
2024-09-27,S005,P0007,34,20,0
2024-09-27,S005,P0008,113,20,0
2024-09-27,S005,P0009,55,20,0
2024-09-27,S005,P0010,99,20,0
2024-09-28,S001,P0001,70,20,0
2024-09-28,S001,P0002,56,20,0
2024-09-28,S001,P0003,31,20,0
2024-09-28,S001,P0004,91,20,0
2024-09-28,S001,P0005,21,20,0
2024-09-28,S001,P0006,106,20,0
2024-09-28,S001,P0007,42,20,0
2024-09-28,S001,P0008,44,20,0
2024-09-28,S001,P0009,106,20,0
2024-09-28,S001,P0010,112,20,0
2024-09-28,S002,P0001,95,20,0
2024-09-28,S002,P0002,102,20,0
2024-09-28,S002,P0003,46,20,0
2024-09-28,S002,P0004,97,20,0
2024-09-28,S002,P0005,87,20,0
2024-09-28,S002,P0006,71,20,0
2024-09-28,S002,P0007,54,20,0
2024-09-28,S002,P0008,28,20,0
2024-09-28,S002,P0009,110,20,0
2024-09-28,S002,P0010,109,20,0
2024-09-28,S003,P0001,96,20,0
2024-09-28,S003,P0002,80,20,0
2024-09-28,S003,P0003,27,20,0
2024-09-28,S003,P0004,82,20,0
2024-09-28,S003,P0005,56,20,0
2024-09-28,S003,P0006,105,20,0
2024-09-28,S003,P0007,106,20,0
2024-09-28,S003,P0008,63,20,0
2024-09-28,S003,P0009,116,20,0
2024-09-28,S003,P0010,31,20,0
2024-09-28,S004,P0001,69,20,0
2024-09-28,S004,P0002,78,20,0
2024-09-28,S004,P0003,35,20,0
2024-09-28,S004,P0004,83,20,0
2024-09-28,S004,P0005,43,20,0
2024-09-28,S004,P0006,103,20,0
2024-09-28,S004,P0007,50,20,0
2024-09-28,S004,P0008,47,20,0
2024-09-28,S004,P0009,99,20,0
2024-09-28,S004,P0010,94,20,0
2024-09-28,S005,P0001,110,20,0
2024-09-28,S005,P0002,45,20,0
2024-09-28,S005,P0003,43,20,0
2024-09-28,S005,P0004,100,20,0
2024-09-28,S005,P0005,20,20,0
2024-09-28,S005,P0006,38,20,0
2024-09-28,S005,P0007,34,20,0
2024-09-28,S005,P0008,112,20,0
2024-09-28,S005,P0009,50,20,0
2024-09-28,S005,P0010,95,20,0
2024-09-29,S001,P0001,69,20,0
2024-09-29,S001,P0002,56,20,0
2024-09-29,S001,P0003,30,20,0
2024-09-29,S001,P0004,90,20,0
2024-09-29,S001,P0005,117,20,0
2024-09-29,S001,P0006,106,20,0
2024-09-29,S001,P0007,39,20,0
2024-09-29,S001,P0008,41,20,0
2024-09-29,S001,P0009,102,20,0
2024-09-29,S001,P0010,111,20,0
2024-09-29,S002,P0001,92,20,0
2024-09-29,S002,P0002,99,20,0
2024-09-29,S002,P0003,45,20,0
2024-09-29,S002,P0004,96,20,0
2024-09-29,S002,P0005,84,20,0
2024-09-29,S002,P0006,71,20,0
2024-09-29,S002,P0007,53,20,0
2024-09-29,S002,P0008,27,20,0
2024-09-29,S002,P0009,109,20,0
2024-09-29,S002,P0010,107,20,0
2024-09-29,S003,P0001,94,20,0
2024-09-29,S003,P0002,79,20,0
2024-09-29,S003,P0003,25,20,0
2024-09-29,S003,P0004,82,20,0
2024-09-29,S003,P0005,51,20,0
2024-09-29,S003,P0006,104,20,0
2024-09-29,S003,P0007,102,20,0
2024-09-29,S003,P0008,60,20,0
2024-09-29,S003,P0009,116,20,0
2024-09-29,S003,P0010,29,20,0
2024-09-29,S004,P0001,68,20,0
2024-09-29,S004,P0002,74,20,0
2024-09-29,S004,P0003,34,20,0
2024-09-29,S004,P0004,81,20,0
2024-09-29,S004,P0005,42,20,0
2024-09-29,S004,P0006,102,20,0
2024-09-29,S004,P0007,50,20,0
2024-09-29,S004,P0008,47,20,0
2024-09-29,S004,P0009,97,20,0
2024-09-29,S004,P0010,93,20,0
2024-09-29,S005,P0001,107,20,0
2024-09-29,S005,P0002,42,20,0
2024-09-29,S005,P0003,43,20,0
2024-09-29,S005,P0004,99,20,0
2024-09-29,S005,P0005,119,20,0
2024-09-29,S005,P0006,38,20,0
2024-09-29,S005,P0007,30,20,0
2024-09-29,S005,P0008,112,20,0
2024-09-29,S005,P0009,46,20,0
2024-09-29,S005,P0010,94,20,0
2024-09-30,S001,P0001,69,20,0
2024-09-30,S001,P0002,54,20,0
2024-09-30,S001,P0003,29,20,0
2024-09-30,S001,P0004,89,20,0
2024-09-30,S001,P0005,114,20,0
2024-09-30,S001,P0006,106,20,0
2024-09-30,S001,P0007,38,20,0
2024-09-30,S001,P0008,41,20,0
2024-09-30,S001,P0009,101,20,0
2024-09-30,S001,P0010,109,20,0
2024-09-30,S002,P0001,91,20,0
2024-09-30,S002,P0002,98,20,0
2024-09-30,S002,P0003,43,20,0
2024-09-30,S002,P0004,95,20,0
2024-09-30,S002,P0005,80,20,0
2024-09-30,S002,P0006,71,20,0
2024-09-30,S002,P0007,51,20,0
2024-09-30,S002,P0008,27,20,0
2024-09-30,S002,P0009,103,20,0
2024-09-30,S002,P0010,105,20,0
2024-09-30,S003,P0001,93,20,0
2024-09-30,S003,P0002,79,20,0
2024-09-30,S003,P0003,25,20,0
2024-09-30,S003,P0004,81,20,0
2024-09-30,S003,P0005,48,20,0
2024-09-30,S003,P0006,102,20,0
2024-09-30,S003,P0007,102,20,0
2024-09-30,S003,P0008,60,20,0
2024-09-30,S003,P0009,113,20,0
2024-09-30,S003,P0010,27,20,0
2024-09-30,S004,P0001,68,20,0
2024-09-30,S004,P0002,72,20,0
2024-09-30,S004,P0003,33,20,0
2024-09-30,S004,P0004,79,20,0
2024-09-30,S004,P0005,41,20,0
2024-09-30,S004,P0006,101,20,0
2024-09-30,S004,P0007,49,20,0
2024-09-30,S004,P0008,45,20,0
2024-09-30,S004,P0009,97,20,0
2024-09-30,S004,P0010,93,20,0
2024-09-30,S005,P0001,105,20,0
2024-09-30,S005,P0002,39,20,0
2024-09-30,S005,P0003,40,20,0
2024-09-30,S005,P0004,99,20,0
2024-09-30,S005,P0005,116,20,0
2024-09-30,S005,P0006,37,20,0
2024-09-30,S005,P0007,30,20,0
2024-09-30,S005,P0008,112,20,0
2024-09-30,S005,P0009,45,20,0
2024-09-30,S005,P0010,94,20,0
2024-10-01,S001,P0001,66,20,0
2024-10-01,S001,P0002,54,20,0
2024-10-01,S001,P0003,27,20,0
2024-10-01,S001,P0004,86,20,0
2024-10-01,S001,P0005,112,20,0
2024-10-01,S001,P0006,106,20,0
2024-10-01,S001,P0007,38,20,0
2024-10-01,S001,P0008,40,20,0
2024-10-01,S001,P0009,100,20,0
2024-10-01,S001,P0010,105,20,0
2024-10-01,S002,P0001,91,20,0
2024-10-01,S002,P0002,97,20,0
2024-10-01,S002,P0003,42,20,0
2024-10-01,S002,P0004,95,20,0
2024-10-01,S002,P0005,76,20,0
2024-10-01,S002,P0006,71,20,0
2024-10-01,S002,P0007,51,20,0
2024-10-01,S002,P0008,26,20,0
2024-10-01,S002,P0009,100,20,0
2024-10-01,S002,P0010,104,20,0
2024-10-01,S003,P0001,92,20,0
2024-10-01,S003,P0002,78,20,0
2024-10-01,S003,P0003,25,20,0
2024-10-01,S003,P0004,79,20,0
2024-10-01,S003,P0005,48,20,0
2024-10-01,S003,P0006,101,20,0
2024-10-01,S003,P0007,100,20,0
2024-10-01,S003,P0008,59,20,0
2024-10-01,S003,P0009,112,20,0
2024-10-01,S003,P0010,24,20,0
2024-10-01,S004,P0001,67,20,0
2024-10-01,S004,P0002,69,20,0
2024-10-01,S004,P0003,32,20,0
2024-10-01,S004,P0004,78,20,0
2024-10-01,S004,P0005,39,20,0
2024-10-01,S004,P0006,101,20,0
2024-10-01,S004,P0007,48,20,0
2024-10-01,S004,P0008,45,20,0
2024-10-01,S004,P0009,97,20,0
2024-10-01,S004,P0010,88,20,0
2024-10-01,S005,P0001,103,20,0
2024-10-01,S005,P0002,36,20,0
2024-10-01,S005,P0003,40,20,0
2024-10-01,S005,P0004,97,20,0
2024-10-01,S005,P0005,116,20,0
2024-10-01,S005,P0006,35,20,0
2024-10-01,S005,P0007,28,20,0
2024-10-01,S005,P0008,110,20,0
2024-10-01,S005,P0009,43,20,0
2024-10-01,S005,P0010,93,20,0
2024-10-02,S001,P0001,64,20,0
2024-10-02,S001,P0002,53,20,0
2024-10-02,S001,P0003,25,20,0
2024-10-02,S001,P0004,85,20,0
2024-10-02,S001,P0005,106,20,0
2024-10-02,S001,P0006,105,20,0
2024-10-02,S001,P0007,37,20,0
2024-10-02,S001,P0008,39,20,0
2024-10-02,S001,P0009,98,20,0
2024-10-02,S001,P0010,104,20,0
2024-10-02,S002,P0001,90,20,0
2024-10-02,S002,P0002,96,20,0
2024-10-02,S002,P0003,41,20,0
2024-10-02,S002,P0004,94,20,0
2024-10-02,S002,P0005,73,20,0
2024-10-02,S002,P0006,70,20,0
2024-10-02,S002,P0007,50,20,0
2024-10-02,S002,P0008,26,20,0
2024-10-02,S002,P0009,98,20,0
2024-10-02,S002,P0010,101,20,0
2024-10-02,S003,P0001,91,20,0
2024-10-02,S003,P0002,77,20,0
2024-10-02,S003,P0003,25,20,0
2024-10-02,S003,P0004,78,20,0
2024-10-02,S003,P0005,47,20,0
2024-10-02,S003,P0006,101,20,0
2024-10-02,S003,P0007,99,20,0
2024-10-02,S003,P0008,58,20,0
2024-10-02,S003,P0009,112,20,0
2024-10-02,S003,P0010,21,20,0
2024-10-02,S004,P0001,67,20,0
2024-10-02,S004,P0002,66,20,0
2024-10-02,S004,P0003,32,20,0
2024-10-02,S004,P0004,76,20,0
2024-10-02,S004,P0005,37,20,0
2024-10-02,S004,P0006,101,20,0
2024-10-02,S004,P0007,46,20,0
2024-10-02,S004,P0008,44,20,0
2024-10-02,S004,P0009,97,20,0
2024-10-02,S004,P0010,87,20,0
2024-10-02,S005,P0001,98,20,0
2024-10-02,S005,P0002,35,20,0
2024-10-02,S005,P0003,40,20,0
2024-10-02,S005,P0004,93,20,0
2024-10-02,S005,P0005,114,20,0
2024-10-02,S005,P0006,34,20,0
2024-10-02,S005,P0007,27,20,0
2024-10-02,S005,P0008,106,20,0
2024-10-02,S005,P0009,43,20,0
2024-10-02,S005,P0010,92,20,0
2024-10-03,S001,P0001,62,20,0
2024-10-03,S001,P0002,52,20,0
2024-10-03,S001,P0003,23,20,0
2024-10-03,S001,P0004,85,20,0
2024-10-03,S001,P0005,101,20,0
2024-10-03,S001,P0006,105,20,0
2024-10-03,S001,P0007,36,20,0
2024-10-03,S001,P0008,39,20,0
2024-10-03,S001,P0009,96,20,0
2024-10-03,S001,P0010,104,20,0
2024-10-03,S002,P0001,90,20,0
2024-10-03,S002,P0002,95,20,0
2024-10-03,S002,P0003,41,20,0
2024-10-03,S002,P0004,92,20,0
2024-10-03,S002,P0005,66,20,0
2024-10-03,S002,P0006,67,20,0
2024-10-03,S002,P0007,50,20,0
2024-10-03,S002,P0008,26,20,0
2024-10-03,S002,P0009,98,20,0
2024-10-03,S002,P0010,100,20,0
2024-10-03,S003,P0001,90,20,0
2024-10-03,S003,P0002,74,20,0
2024-10-03,S003,P0003,24,20,0
2024-10-03,S003,P0004,76,20,0
2024-10-03,S003,P0005,42,20,0
2024-10-03,S003,P0006,101,20,0
2024-10-03,S003,P0007,98,20,0
2024-10-03,S003,P0008,57,20,0
2024-10-03,S003,P0009,109,20,0
2024-10-03,S003,P0010,20,20,0
2024-10-03,S004,P0001,65,20,0
2024-10-03,S004,P0002,66,20,0
2024-10-03,S004,P0003,30,20,0
2024-10-03,S004,P0004,75,20,0
2024-10-03,S004,P0005,36,20,0
2024-10-03,S004,P0006,101,20,0
2024-10-03,S004,P0007,46,20,0
2024-10-03,S004,P0008,42,20,0
2024-10-03,S004,P0009,96,20,0
2024-10-03,S004,P0010,85,20,0
2024-10-03,S005,P0001,96,20,0
2024-10-03,S005,P0002,32,20,0
2024-10-03,S005,P0003,40,20,0
2024-10-03,S005,P0004,92,20,0
2024-10-03,S005,P0005,109,20,0
2024-10-03,S005,P0006,33,20,0
2024-10-03,S005,P0007,27,20,0
2024-10-03,S005,P0008,106,20,0
2024-10-03,S005,P0009,43,20,0
2024-10-03,S005,P0010,91,20,0
2024-10-04,S001,P0001,62,20,0
2024-10-04,S001,P0002,51,20,0
2024-10-04,S001,P0003,22,20,0
2024-10-04,S001,P0004,85,20,0
2024-10-04,S001,P0005,97,20,0
2024-10-04,S001,P0006,105,20,0
2024-10-04,S001,P0007,35,20,0
2024-10-04,S001,P0008,36,20,0
2024-10-04,S001,P0009,96,20,0
2024-10-04,S001,P0010,103,20,0
2024-10-04,S002,P0001,90,20,0
2024-10-04,S002,P0002,93,20,0
2024-10-04,S002,P0003,39,20,0
2024-10-04,S002,P0004,89,20,0
2024-10-04,S002,P0005,64,20,0
2024-10-04,S002,P0006,65,20,0
2024-10-04,S002,P0007,50,20,0
2024-10-04,S002,P0008,25,20,0
2024-10-04,S002,P0009,97,20,0
2024-10-04,S002,P0010,97,20,0
2024-10-04,S003,P0001,89,20,0
2024-10-04,S003,P0002,72,20,0
2024-10-04,S003,P0003,23,20,0
2024-10-04,S003,P0004,75,20,0
2024-10-04,S003,P0005,38,20,0
2024-10-04,S003,P0006,101,20,0
2024-10-04,S003,P0007,97,20,0
2024-10-04,S003,P0008,55,20,0
2024-10-04,S003,P0009,108,20,0
2024-10-04,S003,P0010,118,20,0
2024-10-04,S004,P0001,64,20,0
2024-10-04,S004,P0002,65,20,0
2024-10-04,S004,P0003,29,20,0
2024-10-04,S004,P0004,74,20,0
2024-10-04,S004,P0005,34,20,0
2024-10-04,S004,P0006,99,20,0
2024-10-04,S004,P0007,45,20,0
2024-10-04,S004,P0008,39,20,0
2024-10-04,S004,P0009,94,20,0
2024-10-04,S004,P0010,84,20,0
2024-10-04,S005,P0001,93,20,0
2024-10-04,S005,P0002,32,20,0
2024-10-04,S005,P0003,40,20,0
2024-10-04,S005,P0004,91,20,0
2024-10-04,S005,P0005,107,20,0
2024-10-04,S005,P0006,33,20,0
2024-10-04,S005,P0007,27,20,0
2024-10-04,S005,P0008,104,20,0
2024-10-04,S005,P0009,41,20,0
2024-10-04,S005,P0010,90,20,0
2024-10-05,S001,P0001,61,20,0
2024-10-05,S001,P0002,45,20,0
2024-10-05,S001,P0003,21,20,0
2024-10-05,S001,P0004,85,20,0
2024-10-05,S001,P0005,91,20,0
2024-10-05,S001,P0006,105,20,0
2024-10-05,S001,P0007,32,20,0
2024-10-05,S001,P0008,34,20,0
2024-10-05,S001,P0009,94,20,0
2024-10-05,S001,P0010,102,20,0
2024-10-05,S002,P0001,89,20,0
2024-10-05,S002,P0002,91,20,0
2024-10-05,S002,P0003,38,20,0
2024-10-05,S002,P0004,88,20,0
2024-10-05,S002,P0005,64,20,0
2024-10-05,S002,P0006,63,20,0
2024-10-05,S002,P0007,50,20,0
2024-10-05,S002,P0008,24,20,0
2024-10-05,S002,P0009,97,20,0
2024-10-05,S002,P0010,96,20,0
2024-10-05,S003,P0001,89,20,0
2024-10-05,S003,P0002,72,20,0
2024-10-05,S003,P0003,22,20,0
2024-10-05,S003,P0004,75,20,0
2024-10-05,S003,P0005,35,20,0
2024-10-05,S003,P0006,99,20,0
2024-10-05,S003,P0007,97,20,0
2024-10-05,S003,P0008,52,20,0
2024-10-05,S003,P0009,107,20,0
2024-10-05,S003,P0010,117,20,0
2024-10-05,S004,P0001,62,20,0
2024-10-05,S004,P0002,64,20,0
2024-10-05,S004,P0003,29,20,0
2024-10-05,S004,P0004,73,20,0
2024-10-05,S004,P0005,31,20,0
2024-10-05,S004,P0006,97,20,0
2024-10-05,S004,P0007,44,20,0
2024-10-05,S004,P0008,39,20,0
2024-10-05,S004,P0009,93,20,0
2024-10-05,S004,P0010,83,20,0
2024-10-05,S005,P0001,92,20,0
2024-10-05,S005,P0002,31,20,0
2024-10-05,S005,P0003,39,20,0
2024-10-05,S005,P0004,89,20,0
2024-10-05,S005,P0005,105,20,0
2024-10-05,S005,P0006,33,20,0
2024-10-05,S005,P0007,26,20,0
2024-10-05,S005,P0008,104,20,0
2024-10-05,S005,P0009,39,20,0
2024-10-05,S005,P0010,87,20,0
2024-10-06,S001,P0001,56,20,0
2024-10-06,S001,P0002,42,20,0
2024-10-06,S001,P0003,21,20,0
2024-10-06,S001,P0004,85,20,0
2024-10-06,S001,P0005,90,20,0
2024-10-06,S001,P0006,105,20,0
2024-10-06,S001,P0007,31,20,0
2024-10-06,S001,P0008,33,20,0
2024-10-06,S001,P0009,94,20,0
2024-10-06,S001,P0010,101,20,0
2024-10-06,S002,P0001,88,20,0
2024-10-06,S002,P0002,89,20,0
2024-10-06,S002,P0003,37,20,0
2024-10-06,S002,P0004,87,20,0
2024-10-06,S002,P0005,61,20,0
2024-10-06,S002,P0006,60,20,0
2024-10-06,S002,P0007,50,20,0
2024-10-06,S002,P0008,23,20,0
2024-10-06,S002,P0009,93,20,0
2024-10-06,S002,P0010,94,20,0
2024-10-06,S003,P0001,88,20,0
2024-10-06,S003,P0002,71,20,0
2024-10-06,S003,P0003,20,20,0
2024-10-06,S003,P0004,74,20,0
2024-10-06,S003,P0005,33,20,0
2024-10-06,S003,P0006,98,20,0
2024-10-06,S003,P0007,97,20,0
2024-10-06,S003,P0008,48,20,0
2024-10-06,S003,P0009,105,20,0
2024-10-06,S003,P0010,116,20,0
2024-10-06,S004,P0001,59,20,0
2024-10-06,S004,P0002,62,20,0
2024-10-06,S004,P0003,27,20,0
2024-10-06,S004,P0004,73,20,0
2024-10-06,S004,P0005,28,20,0
2024-10-06,S004,P0006,97,20,0
2024-10-06,S004,P0007,40,20,0
2024-10-06,S004,P0008,37,20,0
2024-10-06,S004,P0009,91,20,0
2024-10-06,S004,P0010,82,20,0
2024-10-06,S005,P0001,91,20,0
2024-10-06,S005,P0002,30,20,0
2024-10-06,S005,P0003,37,20,0
2024-10-06,S005,P0004,89,20,0
2024-10-06,S005,P0005,103,20,0
2024-10-06,S005,P0006,33,20,0
2024-10-06,S005,P0007,26,20,0
2024-10-06,S005,P0008,104,20,0
2024-10-06,S005,P0009,35,20,0
2024-10-06,S005,P0010,87,20,0
2024-10-07,S001,P0001,53,20,0
2024-10-07,S001,P0002,42,20,0
2024-10-07,S001,P0003,21,20,0
2024-10-07,S001,P0004,83,20,0
2024-10-07,S001,P0005,89,20,0
2024-10-07,S001,P0006,105,20,0
2024-10-07,S001,P0007,30,20,0
2024-10-07,S001,P0008,32,20,0
2024-10-07,S001,P0009,93,20,0
2024-10-07,S001,P0010,100,20,0
2024-10-07,S002,P0001,87,20,0
2024-10-07,S002,P0002,86,20,0
2024-10-07,S002,P0003,35,20,0
2024-10-07,S002,P0004,85,20,0
2024-10-07,S002,P0005,55,20,0
2024-10-07,S002,P0006,60,20,0
2024-10-07,S002,P0007,50,20,0
2024-10-07,S002,P0008,23,20,0
2024-10-07,S002,P0009,91,20,0
2024-10-07,S002,P0010,92,20,0
2024-10-07,S003,P0001,86,20,0
2024-10-07,S003,P0002,71,20,0
2024-10-07,S003,P0003,20,20,0
2024-10-07,S003,P0004,73,20,0
2024-10-07,S003,P0005,32,20,0
2024-10-07,S003,P0006,97,20,0
2024-10-07,S003,P0007,96,20,0
2024-10-07,S003,P0008,47,20,0
2024-10-07,S003,P0009,101,20,0
2024-10-07,S003,P0010,116,20,0
2024-10-07,S004,P0001,58,20,0
2024-10-07,S004,P0002,61,20,0
2024-10-07,S004,P0003,27,20,0
2024-10-07,S004,P0004,73,20,0
2024-10-07,S004,P0005,26,20,0
2024-10-07,S004,P0006,95,20,0
2024-10-07,S004,P0007,39,20,0
2024-10-07,S004,P0008,36,20,0
2024-10-07,S004,P0009,89,20,0
2024-10-07,S004,P0010,81,20,0
2024-10-07,S005,P0001,89,20,0
2024-10-07,S005,P0002,29,20,0
2024-10-07,S005,P0003,36,20,0
2024-10-07,S005,P0004,89,20,0
2024-10-07,S005,P0005,99,20,0
2024-10-07,S005,P0006,33,20,0
2024-10-07,S005,P0007,25,20,0
2024-10-07,S005,P0008,98,20,0
2024-10-07,S005,P0009,34,20,0
2024-10-07,S005,P0010,85,20,0
2024-10-08,S001,P0001,50,20,0
2024-10-08,S001,P0002,42,20,0
2024-10-08,S001,P0003,20,20,0
2024-10-08,S001,P0004,82,20,0
2024-10-08,S001,P0005,89,20,0
2024-10-08,S001,P0006,105,20,0
2024-10-08,S001,P0007,30,20,0
2024-10-08,S001,P0008,30,20,0
2024-10-08,S001,P0009,89,20,0
2024-10-08,S001,P0010,99,20,0
2024-10-08,S002,P0001,87,20,0
2024-10-08,S002,P0002,81,20,0
2024-10-08,S002,P0003,35,20,0
2024-10-08,S002,P0004,83,20,0
2024-10-08,S002,P0005,51,20,0
2024-10-08,S002,P0006,60,20,0
2024-10-08,S002,P0007,49,20,0
2024-10-08,S002,P0008,23,20,0
2024-10-08,S002,P0009,91,20,0
2024-10-08,S002,P0010,88,20,0
2024-10-08,S003,P0001,86,20,0
2024-10-08,S003,P0002,70,20,0
2024-10-08,S003,P0003,117,20,0
2024-10-08,S003,P0004,71,20,0
2024-10-08,S003,P0005,31,20,0
2024-10-08,S003,P0006,96,20,0
2024-10-08,S003,P0007,96,20,0
2024-10-08,S003,P0008,44,20,0
2024-10-08,S003,P0009,98,20,0
2024-10-08,S003,P0010,115,20,0
2024-10-08,S004,P0001,57,20,0
2024-10-08,S004,P0002,61,20,0
2024-10-08,S004,P0003,26,20,0
2024-10-08,S004,P0004,72,20,0
2024-10-08,S004,P0005,25,20,0
2024-10-08,S004,P0006,95,20,0
2024-10-08,S004,P0007,39,20,0
2024-10-08,S004,P0008,35,20,0
2024-10-08,S004,P0009,87,20,0
2024-10-08,S004,P0010,78,20,0
2024-10-08,S005,P0001,89,20,0
2024-10-08,S005,P0002,27,20,0
2024-10-08,S005,P0003,36,20,0
2024-10-08,S005,P0004,86,20,0
2024-10-08,S005,P0005,96,20,0
2024-10-08,S005,P0006,32,20,0
2024-10-08,S005,P0007,22,20,0
2024-10-08,S005,P0008,96,20,0
2024-10-08,S005,P0009,33,20,0
2024-10-08,S005,P0010,84,20,0
2024-10-09,S001,P0001,46,20,0
2024-10-09,S001,P0002,40,20,0
2024-10-09,S001,P0003,20,20,0
2024-10-09,S001,P0004,82,20,0
2024-10-09,S001,P0005,87,20,0
2024-10-09,S001,P0006,102,20,0
2024-10-09,S001,P0007,29,20,0
2024-10-09,S001,P0008,29,20,0
2024-10-09,S001,P0009,88,20,0
2024-10-09,S001,P0010,99,20,0
2024-10-09,S002,P0001,86,20,0
2024-10-09,S002,P0002,79,20,0
2024-10-09,S002,P0003,34,20,0
2024-10-09,S002,P0004,82,20,0
2024-10-09,S002,P0005,51,20,0
2024-10-09,S002,P0006,58,20,0
2024-10-09,S002,P0007,48,20,0
2024-10-09,S002,P0008,22,20,0
2024-10-09,S002,P0009,88,20,0
2024-10-09,S002,P0010,84,20,0
2024-10-09,S003,P0001,85,20,0
2024-10-09,S003,P0002,67,20,0
2024-10-09,S003,P0003,117,20,0
2024-10-09,S003,P0004,71,20,0
2024-10-09,S003,P0005,26,20,0
2024-10-09,S003,P0006,96,20,0
2024-10-09,S003,P0007,95,20,0
2024-10-09,S003,P0008,42,20,0
2024-10-09,S003,P0009,98,20,0
2024-10-09,S003,P0010,113,20,0
2024-10-09,S004,P0001,55,20,0
2024-10-09,S004,P0002,58,20,0
2024-10-09,S004,P0003,23,20,0
2024-10-09,S004,P0004,71,20,0
2024-10-09,S004,P0005,24,20,0
2024-10-09,S004,P0006,94,20,0
2024-10-09,S004,P0007,37,20,0
2024-10-09,S004,P0008,35,20,0
2024-10-09,S004,P0009,86,20,0
2024-10-09,S004,P0010,76,20,0
2024-10-09,S005,P0001,87,20,0
2024-10-09,S005,P0002,26,20,0
2024-10-09,S005,P0003,33,20,0
2024-10-09,S005,P0004,85,20,0
2024-10-09,S005,P0005,94,20,0
2024-10-09,S005,P0006,31,20,0
2024-10-09,S005,P0007,22,20,0
2024-10-09,S005,P0008,95,20,0
2024-10-09,S005,P0009,32,20,0
2024-10-09,S005,P0010,83,20,0
2024-10-10,S001,P0001,45,20,0
2024-10-10,S001,P0002,38,20,0
2024-10-10,S001,P0003,117,20,0
2024-10-10,S001,P0004,82,20,0
2024-10-10,S001,P0005,84,20,0
2024-10-10,S001,P0006,102,20,0
2024-10-10,S001,P0007,29,20,0
2024-10-10,S001,P0008,28,20,0
2024-10-10,S001,P0009,86,20,0
2024-10-10,S001,P0010,99,20,0
2024-10-10,S002,P0001,84,20,0
2024-10-10,S002,P0002,78,20,0
2024-10-10,S002,P0003,34,20,0
2024-10-10,S002,P0004,82,20,0
2024-10-10,S002,P0005,48,20,0
2024-10-10,S002,P0006,58,20,0
2024-10-10,S002,P0007,45,20,0
2024-10-10,S002,P0008,21,20,0
2024-10-10,S002,P0009,86,20,0
2024-10-10,S002,P0010,84,20,0
2024-10-10,S003,P0001,85,20,0
2024-10-10,S003,P0002,63,20,0
2024-10-10,S003,P0003,114,20,0
2024-10-10,S003,P0004,71,20,0
2024-10-10,S003,P0005,25,20,0
2024-10-10,S003,P0006,95,20,0
2024-10-10,S003,P0007,95,20,0
2024-10-10,S003,P0008,42,20,0
2024-10-10,S003,P0009,97,20,0
2024-10-10,S003,P0010,112,20,0
2024-10-10,S004,P0001,55,20,0
2024-10-10,S004,P0002,57,20,0
2024-10-10,S004,P0003,23,20,0
2024-10-10,S004,P0004,67,20,0
2024-10-10,S004,P0005,20,20,0
2024-10-10,S004,P0006,93,20,0
2024-10-10,S004,P0007,36,20,0
2024-10-10,S004,P0008,34,20,0
2024-10-10,S004,P0009,82,20,0
2024-10-10,S004,P0010,75,20,0
2024-10-10,S005,P0001,86,20,0
2024-10-10,S005,P0002,23,20,0
2024-10-10,S005,P0003,32,20,0
2024-10-10,S005,P0004,85,20,0
2024-10-10,S005,P0005,93,20,0
2024-10-10,S005,P0006,31,20,0
2024-10-10,S005,P0007,21,20,0
2024-10-10,S005,P0008,95,20,0
2024-10-10,S005,P0009,31,20,0
2024-10-10,S005,P0010,81,20,0
2024-10-11,S001,P0001,44,20,0
2024-10-11,S001,P0002,37,20,0
2024-10-11,S001,P0003,117,20,0
2024-10-11,S001,P0004,81,20,0
2024-10-11,S001,P0005,83,20,0
2024-10-11,S001,P0006,102,20,0
2024-10-11,S001,P0007,28,20,0
2024-10-11,S001,P0008,28,20,0
2024-10-11,S001,P0009,86,20,0
2024-10-11,S001,P0010,97,20,0
2024-10-11,S002,P0001,84,20,0
2024-10-11,S002,P0002,75,20,0
2024-10-11,S002,P0003,34,20,0
2024-10-11,S002,P0004,79,20,0
2024-10-11,S002,P0005,45,20,0
2024-10-11,S002,P0006,57,20,0
2024-10-11,S002,P0007,43,20,0
2024-10-11,S002,P0008,118,20,0
2024-10-11,S002,P0009,84,20,0
2024-10-11,S002,P0010,84,20,0
2024-10-11,S003,P0001,81,20,0
2024-10-11,S003,P0002,63,20,0
2024-10-11,S003,P0003,112,20,0
2024-10-11,S003,P0004,70,20,0
2024-10-11,S003,P0005,21,20,0
2024-10-11,S003,P0006,95,20,0
2024-10-11,S003,P0007,95,20,0
2024-10-11,S003,P0008,40,20,0
2024-10-11,S003,P0009,94,20,0
2024-10-11,S003,P0010,111,20,0
2024-10-11,S004,P0001,53,20,0
2024-10-11,S004,P0002,54,20,0
2024-10-11,S004,P0003,20,20,0
2024-10-11,S004,P0004,67,20,0
2024-10-11,S004,P0005,20,20,0
2024-10-11,S004,P0006,92,20,0
2024-10-11,S004,P0007,34,20,0
2024-10-11,S004,P0008,34,20,0
2024-10-11,S004,P0009,80,20,0
2024-10-11,S004,P0010,75,20,0
2024-10-11,S005,P0001,82,20,0
2024-10-11,S005,P0002,20,20,0
2024-10-11,S005,P0003,30,20,0
2024-10-11,S005,P0004,85,20,0
2024-10-11,S005,P0005,88,20,0
2024-10-11,S005,P0006,29,20,0
2024-10-11,S005,P0007,119,20,0
2024-10-11,S005,P0008,94,20,0
2024-10-11,S005,P0009,30,20,0
2024-10-11,S005,P0010,81,20,0
2024-10-12,S001,P0001,41,20,0
2024-10-12,S001,P0002,37,20,0
2024-10-12,S001,P0003,117,20,0
2024-10-12,S001,P0004,79,20,0
2024-10-12,S001,P0005,81,20,0
2024-10-12,S001,P0006,102,20,0
2024-10-12,S001,P0007,26,20,0
2024-10-12,S001,P0008,27,20,0
2024-10-12,S001,P0009,85,20,0
2024-10-12,S001,P0010,97,20,0
2024-10-12,S002,P0001,82,20,0
2024-10-12,S002,P0002,74,20,0
2024-10-12,S002,P0003,34,20,0
2024-10-12,S002,P0004,76,20,0
2024-10-12,S002,P0005,43,20,0
2024-10-12,S002,P0006,56,20,0
2024-10-12,S002,P0007,42,20,0
2024-10-12,S002,P0008,115,20,0
2024-10-12,S002,P0009,84,20,0
2024-10-12,S002,P0010,81,20,0
2024-10-12,S003,P0001,80,20,0
2024-10-12,S003,P0002,63,20,0
2024-10-12,S003,P0003,111,20,0
2024-10-12,S003,P0004,70,20,0
2024-10-12,S003,P0005,119,20,0
2024-10-12,S003,P0006,94,20,0
2024-10-12,S003,P0007,95,20,0
2024-10-12,S003,P0008,39,20,0
2024-10-12,S003,P0009,93,20,0
2024-10-12,S003,P0010,110,20,0
2024-10-12,S004,P0001,50,20,0
2024-10-12,S004,P0002,52,20,0
2024-10-12,S004,P0003,119,20,0
2024-10-12,S004,P0004,67,20,0
2024-10-12,S004,P0005,116,20,0
2024-10-12,S004,P0006,91,20,0
2024-10-12,S004,P0007,34,20,0
2024-10-12,S004,P0008,33,20,0
2024-10-12,S004,P0009,79,20,0
2024-10-12,S004,P0010,74,20,0
2024-10-12,S005,P0001,81,20,0
2024-10-12,S005,P0002,117,20,0
2024-10-12,S005,P0003,28,20,0
2024-10-12,S005,P0004,81,20,0
2024-10-12,S005,P0005,87,20,0
2024-10-12,S005,P0006,28,20,0
2024-10-12,S005,P0007,118,20,0
2024-10-12,S005,P0008,93,20,0
2024-10-12,S005,P0009,27,20,0
2024-10-12,S005,P0010,81,20,0
2024-10-13,S001,P0001,41,20,0
2024-10-13,S001,P0002,37,20,0
2024-10-13,S001,P0003,116,20,0
2024-10-13,S001,P0004,79,20,0
2024-10-13,S001,P0005,80,20,0
2024-10-13,S001,P0006,99,20,0
2024-10-13,S001,P0007,24,20,0
2024-10-13,S001,P0008,23,20,0
2024-10-13,S001,P0009,85,20,0
2024-10-13,S001,P0010,96,20,0
2024-10-13,S002,P0001,80,20,0
2024-10-13,S002,P0002,71,20,0
2024-10-13,S002,P0003,32,20,0
2024-10-13,S002,P0004,76,20,0
2024-10-13,S002,P0005,42,20,0
2024-10-13,S002,P0006,55,20,0
2024-10-13,S002,P0007,42,20,0
2024-10-13,S002,P0008,113,20,0
2024-10-13,S002,P0009,83,20,0
2024-10-13,S002,P0010,76,20,0
2024-10-13,S003,P0001,79,20,0
2024-10-13,S003,P0002,61,20,0
2024-10-13,S003,P0003,109,20,0
2024-10-13,S003,P0004,69,20,0
2024-10-13,S003,P0005,111,20,0
2024-10-13,S003,P0006,94,20,0
2024-10-13,S003,P0007,95,20,0
2024-10-13,S003,P0008,39,20,0
2024-10-13,S003,P0009,93,20,0
2024-10-13,S003,P0010,110,20,0
2024-10-13,S004,P0001,49,20,0
2024-10-13,S004,P0002,52,20,0
2024-10-13,S004,P0003,118,20,0
2024-10-13,S004,P0004,67,20,0
2024-10-13,S004,P0005,113,20,0
2024-10-13,S004,P0006,90,20,0
2024-10-13,S004,P0007,31,20,0
2024-10-13,S004,P0008,32,20,0
2024-10-13,S004,P0009,78,20,0
2024-10-13,S004,P0010,74,20,0
2024-10-13,S005,P0001,78,20,0
2024-10-13,S005,P0002,114,20,0
2024-10-13,S005,P0003,28,20,0
2024-10-13,S005,P0004,80,20,0
2024-10-13,S005,P0005,85,20,0
2024-10-13,S005,P0006,27,20,0
2024-10-13,S005,P0007,118,20,0
2024-10-13,S005,P0008,92,20,0
2024-10-13,S005,P0009,26,20,0
2024-10-13,S005,P0010,79,20,0
2024-10-14,S001,P0001,38,20,0
2024-10-14,S001,P0002,35,20,0
2024-10-14,S001,P0003,115,20,0
2024-10-14,S001,P0004,78,20,0
2024-10-14,S001,P0005,77,20,0
2024-10-14,S001,P0006,99,20,0
2024-10-14,S001,P0007,23,20,0
2024-10-14,S001,P0008,22,20,0
2024-10-14,S001,P0009,85,20,0
2024-10-14,S001,P0010,95,20,0
2024-10-14,S002,P0001,79,20,0
2024-10-14,S002,P0002,67,20,0
2024-10-14,S002,P0003,29,20,0
2024-10-14,S002,P0004,72,20,0
2024-10-14,S002,P0005,40,20,0
2024-10-14,S002,P0006,54,20,0
2024-10-14,S002,P0007,41,20,0
2024-10-14,S002,P0008,111,20,0
2024-10-14,S002,P0009,80,20,0
2024-10-14,S002,P0010,74,20,0
2024-10-14,S003,P0001,76,20,0
2024-10-14,S003,P0002,57,20,0
2024-10-14,S003,P0003,106,20,0
2024-10-14,S003,P0004,67,20,0
2024-10-14,S003,P0005,109,20,0
2024-10-14,S003,P0006,94,20,0
2024-10-14,S003,P0007,93,20,0
2024-10-14,S003,P0008,38,20,0
2024-10-14,S003,P0009,89,20,0
2024-10-14,S003,P0010,108,20,0
2024-10-14,S004,P0001,48,20,0
2024-10-14,S004,P0002,50,20,0
2024-10-14,S004,P0003,116,20,0
2024-10-14,S004,P0004,66,20,0
2024-10-14,S004,P0005,111,20,0
2024-10-14,S004,P0006,89,20,0
2024-10-14,S004,P0007,30,20,0
2024-10-14,S004,P0008,31,20,0
2024-10-14,S004,P0009,77,20,0
2024-10-14,S004,P0010,73,20,0
2024-10-14,S005,P0001,77,20,0
2024-10-14,S005,P0002,111,20,0
2024-10-14,S005,P0003,25,20,0
2024-10-14,S005,P0004,80,20,0
2024-10-14,S005,P0005,84,20,0
2024-10-14,S005,P0006,27,20,0
2024-10-14,S005,P0007,117,20,0
2024-10-14,S005,P0008,91,20,0
2024-10-14,S005,P0009,25,20,0
2024-10-14,S005,P0010,79,20,0
2024-10-15,S001,P0001,37,20,0
2024-10-15,S001,P0002,35,20,0
2024-10-15,S001,P0003,114,20,0
2024-10-15,S001,P0004,78,20,0
2024-10-15,S001,P0005,73,20,0
2024-10-15,S001,P0006,99,20,0
2024-10-15,S001,P0007,22,20,0
2024-10-15,S001,P0008,20,20,0
2024-10-15,S001,P0009,83,20,0
2024-10-15,S001,P0010,94,20,0
2024-10-15,S002,P0001,79,20,0
2024-10-15,S002,P0002,66,20,0
2024-10-15,S002,P0003,28,20,0
2024-10-15,S002,P0004,72,20,0
2024-10-15,S002,P0005,34,20,0
2024-10-15,S002,P0006,53,20,0
2024-10-15,S002,P0007,40,20,0
2024-10-15,S002,P0008,109,20,0
2024-10-15,S002,P0009,75,20,0
2024-10-15,S002,P0010,74,20,0
2024-10-15,S003,P0001,75,20,0
2024-10-15,S003,P0002,56,20,0
2024-10-15,S003,P0003,104,20,0
2024-10-15,S003,P0004,66,20,0
2024-10-15,S003,P0005,108,20,0
2024-10-15,S003,P0006,94,20,0
2024-10-15,S003,P0007,93,20,0
2024-10-15,S003,P0008,37,20,0
2024-10-15,S003,P0009,88,20,0
2024-10-15,S003,P0010,108,20,0
2024-10-15,S004,P0001,45,20,0
2024-10-15,S004,P0002,50,20,0
2024-10-15,S004,P0003,115,20,0
2024-10-15,S004,P0004,66,20,0
2024-10-15,S004,P0005,108,20,0
2024-10-15,S004,P0006,89,20,0
2024-10-15,S004,P0007,30,20,0
2024-10-15,S004,P0008,30,20,0
2024-10-15,S004,P0009,75,20,0
2024-10-15,S004,P0010,73,20,0
2024-10-15,S005,P0001,76,20,0
2024-10-15,S005,P0002,110,20,0
2024-10-15,S005,P0003,25,20,0
2024-10-15,S005,P0004,80,20,0
2024-10-15,S005,P0005,79,20,0
2024-10-15,S005,P0006,26,20,0
2024-10-15,S005,P0007,117,20,0
2024-10-15,S005,P0008,88,20,0
2024-10-15,S005,P0009,23,20,0
2024-10-15,S005,P0010,79,20,0
2024-10-16,S001,P0001,35,20,0
2024-10-16,S001,P0002,34,20,0
2024-10-16,S001,P0003,110,20,0
2024-10-16,S001,P0004,77,20,0
2024-10-16,S001,P0005,68,20,0
2024-10-16,S001,P0006,99,20,0
2024-10-16,S001,P0007,20,20,0
2024-10-16,S001,P0008,119,20,0
2024-10-16,S001,P0009,81,20,0
2024-10-16,S001,P0010,94,20,0
2024-10-16,S002,P0001,79,20,0
2024-10-16,S002,P0002,65,20,0
2024-10-16,S002,P0003,27,20,0
2024-10-16,S002,P0004,71,20,0
2024-10-16,S002,P0005,32,20,0
2024-10-16,S002,P0006,53,20,0
2024-10-16,S002,P0007,40,20,0
2024-10-16,S002,P0008,109,20,0
2024-10-16,S002,P0009,72,20,0
2024-10-16,S002,P0010,72,20,0
2024-10-16,S003,P0001,73,20,0
2024-10-16,S003,P0002,54,20,0
2024-10-16,S003,P0003,101,20,0
2024-10-16,S003,P0004,66,20,0
2024-10-16,S003,P0005,107,20,0
2024-10-16,S003,P0006,94,20,0
2024-10-16,S003,P0007,93,20,0
2024-10-16,S003,P0008,36,20,0
2024-10-16,S003,P0009,88,20,0
2024-10-16,S003,P0010,107,20,0
2024-10-16,S004,P0001,44,20,0
2024-10-16,S004,P0002,49,20,0
2024-10-16,S004,P0003,114,20,0
2024-10-16,S004,P0004,66,20,0
2024-10-16,S004,P0005,105,20,0
2024-10-16,S004,P0006,89,20,0
2024-10-16,S004,P0007,29,20,0
2024-10-16,S004,P0008,29,20,0
2024-10-16,S004,P0009,73,20,0
2024-10-16,S004,P0010,71,20,0
2024-10-16,S005,P0001,74,20,0
2024-10-16,S005,P0002,109,20,0
2024-10-16,S005,P0003,25,20,0
2024-10-16,S005,P0004,79,20,0
2024-10-16,S005,P0005,79,20,0
2024-10-16,S005,P0006,25,20,0
2024-10-16,S005,P0007,117,20,0
2024-10-16,S005,P0008,87,20,0
2024-10-16,S005,P0009,20,20,0
2024-10-16,S005,P0010,77,20,0
2024-10-17,S001,P0001,35,20,0
2024-10-17,S001,P0002,31,20,0
2024-10-17,S001,P0003,108,20,0
2024-10-17,S001,P0004,75,20,0
2024-10-17,S001,P0005,67,20,0
2024-10-17,S001,P0006,98,20,0
2024-10-17,S001,P0007,118,20,0
2024-10-17,S001,P0008,118,20,0
2024-10-17,S001,P0009,78,20,0
2024-10-17,S001,P0010,93,20,0
2024-10-17,S002,P0001,79,20,0
2024-10-17,S002,P0002,61,20,0
2024-10-17,S002,P0003,26,20,0
2024-10-17,S002,P0004,69,20,0
2024-10-17,S002,P0005,31,20,0
2024-10-17,S002,P0006,51,20,0
2024-10-17,S002,P0007,40,20,0
2024-10-17,S002,P0008,107,20,0
2024-10-17,S002,P0009,70,20,0
2024-10-17,S002,P0010,71,20,0
2024-10-17,S003,P0001,70,20,0
2024-10-17,S003,P0002,54,20,0
2024-10-17,S003,P0003,99,20,0
2024-10-17,S003,P0004,64,20,0
2024-10-17,S003,P0005,103,20,0
2024-10-17,S003,P0006,93,20,0
2024-10-17,S003,P0007,92,20,0
2024-10-17,S003,P0008,34,20,0
2024-10-17,S003,P0009,84,20,0
2024-10-17,S003,P0010,107,20,0
2024-10-17,S004,P0001,42,20,0
2024-10-17,S004,P0002,47,20,0
2024-10-17,S004,P0003,111,20,0
2024-10-17,S004,P0004,63,20,0
2024-10-17,S004,P0005,100,20,0
2024-10-17,S004,P0006,89,20,0
2024-10-17,S004,P0007,29,20,0
2024-10-17,S004,P0008,28,20,0
2024-10-17,S004,P0009,73,20,0
2024-10-17,S004,P0010,70,20,0
2024-10-17,S005,P0001,73,20,0
2024-10-17,S005,P0002,106,20,0
2024-10-17,S005,P0003,23,20,0
2024-10-17,S005,P0004,78,20,0
2024-10-17,S005,P0005,78,20,0
2024-10-17,S005,P0006,25,20,0
2024-10-17,S005,P0007,117,20,0
2024-10-17,S005,P0008,86,20,0
2024-10-17,S005,P0009,119,20,0
2024-10-17,S005,P0010,74,20,0
2024-10-18,S001,P0001,34,20,0
2024-10-18,S001,P0002,28,20,0
2024-10-18,S001,P0003,106,20,0
2024-10-18,S001,P0004,74,20,0
2024-10-18,S001,P0005,63,20,0
2024-10-18,S001,P0006,98,20,0
2024-10-18,S001,P0007,118,20,0
2024-10-18,S001,P0008,115,20,0
2024-10-18,S001,P0009,76,20,0
2024-10-18,S001,P0010,91,20,0
2024-10-18,S002,P0001,76,20,0
2024-10-18,S002,P0002,60,20,0
2024-10-18,S002,P0003,25,20,0
2024-10-18,S002,P0004,68,20,0
2024-10-18,S002,P0005,31,20,0
2024-10-18,S002,P0006,51,20,0
2024-10-18,S002,P0007,40,20,0
2024-10-18,S002,P0008,105,20,0
2024-10-18,S002,P0009,67,20,0
2024-10-18,S002,P0010,71,20,0
2024-10-18,S003,P0001,70,20,0
2024-10-18,S003,P0002,51,20,0
2024-10-18,S003,P0003,98,20,0
2024-10-18,S003,P0004,64,20,0
2024-10-18,S003,P0005,98,20,0
2024-10-18,S003,P0006,91,20,0
2024-10-18,S003,P0007,91,20,0
2024-10-18,S003,P0008,33,20,0
2024-10-18,S003,P0009,83,20,0
2024-10-18,S003,P0010,106,20,0
2024-10-18,S004,P0001,42,20,0
2024-10-18,S004,P0002,46,20,0
2024-10-18,S004,P0003,109,20,0
2024-10-18,S004,P0004,62,20,0
2024-10-18,S004,P0005,99,20,0
2024-10-18,S004,P0006,89,20,0
2024-10-18,S004,P0007,29,20,0
2024-10-18,S004,P0008,28,20,0
2024-10-18,S004,P0009,69,20,0
2024-10-18,S004,P0010,69,20,0
2024-10-18,S005,P0001,72,20,0
2024-10-18,S005,P0002,106,20,0
2024-10-18,S005,P0003,22,20,0
2024-10-18,S005,P0004,78,20,0
2024-10-18,S005,P0005,75,20,0
2024-10-18,S005,P0006,25,20,0
2024-10-18,S005,P0007,117,20,0
2024-10-18,S005,P0008,85,20,0
2024-10-18,S005,P0009,118,20,0
2024-10-18,S005,P0010,74,20,0
2024-10-19,S001,P0001,34,20,0
2024-10-19,S001,P0002,27,20,0
2024-10-19,S001,P0003,105,20,0
2024-10-19,S001,P0004,72,20,0
2024-10-19,S001,P0005,61,20,0
2024-10-19,S001,P0006,98,20,0
2024-10-19,S001,P0007,116,20,0
2024-10-19,S001,P0008,115,20,0
2024-10-19,S001,P0009,74,20,0
2024-10-19,S001,P0010,91,20,0
2024-10-19,S002,P0001,73,20,0
2024-10-19,S002,P0002,59,20,0
2024-10-19,S002,P0003,25,20,0
2024-10-19,S002,P0004,68,20,0
2024-10-19,S002,P0005,29,20,0
2024-10-19,S002,P0006,51,20,0
2024-10-19,S002,P0007,39,20,0
2024-10-19,S002,P0008,104,20,0
2024-10-19,S002,P0009,65,20,0
2024-10-19,S002,P0010,71,20,0
2024-10-19,S003,P0001,70,20,0
2024-10-19,S003,P0002,49,20,0
2024-10-19,S003,P0003,97,20,0
2024-10-19,S003,P0004,64,20,0
2024-10-19,S003,P0005,92,20,0
2024-10-19,S003,P0006,91,20,0
2024-10-19,S003,P0007,91,20,0
2024-10-19,S003,P0008,32,20,0
2024-10-19,S003,P0009,82,20,0
2024-10-19,S003,P0010,106,20,0
2024-10-19,S004,P0001,41,20,0
2024-10-19,S004,P0002,45,20,0
2024-10-19,S004,P0003,104,20,0
2024-10-19,S004,P0004,60,20,0
2024-10-19,S004,P0005,96,20,0
2024-10-19,S004,P0006,88,20,0
2024-10-19,S004,P0007,27,20,0
2024-10-19,S004,P0008,25,20,0
2024-10-19,S004,P0009,66,20,0
2024-10-19,S004,P0010,67,20,0
2024-10-19,S005,P0001,69,20,0
2024-10-19,S005,P0002,106,20,0
2024-10-19,S005,P0003,21,20,0
2024-10-19,S005,P0004,77,20,0
2024-10-19,S005,P0005,70,20,0
2024-10-19,S005,P0006,24,20,0
2024-10-19,S005,P0007,115,20,0
2024-10-19,S005,P0008,84,20,0
2024-10-19,S005,P0009,118,20,0
2024-10-19,S005,P0010,74,20,0
2024-10-20,S001,P0001,33,20,0
2024-10-20,S001,P0002,22,20,0
2024-10-20,S001,P0003,104,20,0
2024-10-20,S001,P0004,70,20,0
2024-10-20,S001,P0005,60,20,0
2024-10-20,S001,P0006,96,20,0
2024-10-20,S001,P0007,115,20,0
2024-10-20,S001,P0008,115,20,0
2024-10-20,S001,P0009,73,20,0
2024-10-20,S001,P0010,91,20,0
2024-10-20,S002,P0001,71,20,0
2024-10-20,S002,P0002,59,20,0
2024-10-20,S002,P0003,25,20,0
2024-10-20,S002,P0004,66,20,0
2024-10-20,S002,P0005,26,20,0
2024-10-20,S002,P0006,50,20,0
2024-10-20,S002,P0007,39,20,0
2024-10-20,S002,P0008,102,20,0
2024-10-20,S002,P0009,61,20,0
2024-10-20,S002,P0010,70,20,0
2024-10-20,S003,P0001,69,20,0
2024-10-20,S003,P0002,46,20,0
2024-10-20,S003,P0003,97,20,0
2024-10-20,S003,P0004,63,20,0
2024-10-20,S003,P0005,90,20,0
2024-10-20,S003,P0006,90,20,0
2024-10-20,S003,P0007,91,20,0
2024-10-20,S003,P0008,30,20,0
2024-10-20,S003,P0009,79,20,0
2024-10-20,S003,P0010,102,20,0
2024-10-20,S004,P0001,41,20,0
2024-10-20,S004,P0002,44,20,0
2024-10-20,S004,P0003,102,20,0
2024-10-20,S004,P0004,60,20,0
2024-10-20,S004,P0005,93,20,0
2024-10-20,S004,P0006,88,20,0
2024-10-20,S004,P0007,26,20,0
2024-10-20,S004,P0008,24,20,0
2024-10-20,S004,P0009,66,20,0
2024-10-20,S004,P0010,66,20,0
2024-10-20,S005,P0001,66,20,0
2024-10-20,S005,P0002,105,20,0
2024-10-20,S005,P0003,21,20,0
2024-10-20,S005,P0004,76,20,0
2024-10-20,S005,P0005,68,20,0
2024-10-20,S005,P0006,24,20,0
2024-10-20,S005,P0007,114,20,0
2024-10-20,S005,P0008,81,20,0
2024-10-20,S005,P0009,117,20,0
2024-10-20,S005,P0010,72,20,0
2024-10-21,S001,P0001,31,20,0
2024-10-21,S001,P0002,20,20,0
2024-10-21,S001,P0003,102,20,0
2024-10-21,S001,P0004,67,20,0
2024-10-21,S001,P0005,56,20,0
2024-10-21,S001,P0006,96,20,0
2024-10-21,S001,P0007,115,20,0
2024-10-21,S001,P0008,112,20,0
2024-10-21,S001,P0009,71,20,0
2024-10-21,S001,P0010,90,20,0
2024-10-21,S002,P0001,70,20,0
2024-10-21,S002,P0002,57,20,0
2024-10-21,S002,P0003,24,20,0
2024-10-21,S002,P0004,65,20,0
2024-10-21,S002,P0005,23,20,0
2024-10-21,S002,P0006,49,20,0
2024-10-21,S002,P0007,39,20,0
2024-10-21,S002,P0008,101,20,0
2024-10-21,S002,P0009,61,20,0
2024-10-21,S002,P0010,70,20,0
2024-10-21,S003,P0001,69,20,0
2024-10-21,S003,P0002,46,20,0
2024-10-21,S003,P0003,97,20,0
2024-10-21,S003,P0004,63,20,0
2024-10-21,S003,P0005,88,20,0
2024-10-21,S003,P0006,90,20,0
2024-10-21,S003,P0007,90,20,0
2024-10-21,S003,P0008,29,20,0
2024-10-21,S003,P0009,77,20,0
2024-10-21,S003,P0010,101,20,0
2024-10-21,S004,P0001,38,20,0
2024-10-21,S004,P0002,41,20,0
2024-10-21,S004,P0003,100,20,0
2024-10-21,S004,P0004,58,20,0
2024-10-21,S004,P0005,89,20,0
2024-10-21,S004,P0006,88,20,0
2024-10-21,S004,P0007,25,20,0
2024-10-21,S004,P0008,23,20,0
2024-10-21,S004,P0009,64,20,0
2024-10-21,S004,P0010,65,20,0
2024-10-21,S005,P0001,65,20,0
2024-10-21,S005,P0002,105,20,0
2024-10-21,S005,P0003,119,20,0
2024-10-21,S005,P0004,75,20,0
2024-10-21,S005,P0005,66,20,0
2024-10-21,S005,P0006,24,20,0
2024-10-21,S005,P0007,114,20,0
2024-10-21,S005,P0008,80,20,0
2024-10-21,S005,P0009,113,20,0
2024-10-21,S005,P0010,70,20,0
2024-10-22,S001,P0001,30,20,0
2024-10-22,S001,P0002,20,20,0
2024-10-22,S001,P0003,102,20,0
2024-10-22,S001,P0004,64,20,0
2024-10-22,S001,P0005,51,20,0
2024-10-22,S001,P0006,95,20,0
2024-10-22,S001,P0007,114,20,0
2024-10-22,S001,P0008,112,20,0
2024-10-22,S001,P0009,69,20,0
2024-10-22,S001,P0010,88,20,0
2024-10-22,S002,P0001,70,20,0
2024-10-22,S002,P0002,56,20,0
2024-10-22,S002,P0003,23,20,0
2024-10-22,S002,P0004,64,20,0
2024-10-22,S002,P0005,23,20,0
2024-10-22,S002,P0006,48,20,0
2024-10-22,S002,P0007,38,20,0
2024-10-22,S002,P0008,100,20,0
2024-10-22,S002,P0009,59,20,0
2024-10-22,S002,P0010,68,20,0
2024-10-22,S003,P0001,66,20,0
2024-10-22,S003,P0002,44,20,0
2024-10-22,S003,P0003,95,20,0
2024-10-22,S003,P0004,60,20,0
2024-10-22,S003,P0005,85,20,0
2024-10-22,S003,P0006,89,20,0
2024-10-22,S003,P0007,87,20,0
2024-10-22,S003,P0008,27,20,0
2024-10-22,S003,P0009,75,20,0
2024-10-22,S003,P0010,100,20,0
2024-10-22,S004,P0001,36,20,0
2024-10-22,S004,P0002,41,20,0
2024-10-22,S004,P0003,97,20,0
2024-10-22,S004,P0004,58,20,0
2024-10-22,S004,P0005,88,20,0
2024-10-22,S004,P0006,86,20,0
2024-10-22,S004,P0007,24,20,0
2024-10-22,S004,P0008,21,20,0
2024-10-22,S004,P0009,62,20,0
2024-10-22,S004,P0010,63,20,0
2024-10-22,S005,P0001,64,20,0
2024-10-22,S005,P0002,101,20,0
2024-10-22,S005,P0003,117,20,0
2024-10-22,S005,P0004,75,20,0
2024-10-22,S005,P0005,60,20,0
2024-10-22,S005,P0006,23,20,0
2024-10-22,S005,P0007,114,20,0
2024-10-22,S005,P0008,77,20,0
2024-10-22,S005,P0009,113,20,0
2024-10-22,S005,P0010,68,20,0
2024-10-23,S001,P0001,25,20,0
2024-10-23,S001,P0002,119,20,0
2024-10-23,S001,P0003,102,20,0
2024-10-23,S001,P0004,64,20,0
2024-10-23,S001,P0005,48,20,0
2024-10-23,S001,P0006,95,20,0
2024-10-23,S001,P0007,114,20,0
2024-10-23,S001,P0008,111,20,0
2024-10-23,S001,P0009,67,20,0
2024-10-23,S001,P0010,87,20,0
2024-10-23,S002,P0001,69,20,0
2024-10-23,S002,P0002,56,20,0
2024-10-23,S002,P0003,23,20,0
2024-10-23,S002,P0004,63,20,0
2024-10-23,S002,P0005,20,20,0
2024-10-23,S002,P0006,47,20,0
2024-10-23,S002,P0007,37,20,0
2024-10-23,S002,P0008,98,20,0
2024-10-23,S002,P0009,54,20,0
2024-10-23,S002,P0010,64,20,0
2024-10-23,S003,P0001,66,20,0
2024-10-23,S003,P0002,42,20,0
2024-10-23,S003,P0003,93,20,0
2024-10-23,S003,P0004,59,20,0
2024-10-23,S003,P0005,84,20,0
2024-10-23,S003,P0006,89,20,0
2024-10-23,S003,P0007,87,20,0
2024-10-23,S003,P0008,24,20,0
2024-10-23,S003,P0009,74,20,0
2024-10-23,S003,P0010,99,20,0
2024-10-23,S004,P0001,36,20,0
2024-10-23,S004,P0002,37,20,0
2024-10-23,S004,P0003,97,20,0
2024-10-23,S004,P0004,57,20,0
2024-10-23,S004,P0005,87,20,0
2024-10-23,S004,P0006,85,20,0
2024-10-23,S004,P0007,23,20,0
2024-10-23,S004,P0008,21,20,0
2024-10-23,S004,P0009,61,20,0
2024-10-23,S004,P0010,63,20,0
2024-10-23,S005,P0001,64,20,0
2024-10-23,S005,P0002,98,20,0
2024-10-23,S005,P0003,117,20,0
2024-10-23,S005,P0004,75,20,0
2024-10-23,S005,P0005,60,20,0
2024-10-23,S005,P0006,22,20,0
2024-10-23,S005,P0007,113,20,0
2024-10-23,S005,P0008,75,20,0
2024-10-23,S005,P0009,112,20,0
2024-10-23,S005,P0010,68,20,0
2024-10-24,S001,P0001,24,20,0
2024-10-24,S001,P0002,118,20,0
2024-10-24,S001,P0003,102,20,0
2024-10-24,S001,P0004,63,20,0
2024-10-24,S001,P0005,43,20,0
2024-10-24,S001,P0006,94,20,0
2024-10-24,S001,P0007,111,20,0
2024-10-24,S001,P0008,110,20,0
2024-10-24,S001,P0009,66,20,0
2024-10-24,S001,P0010,85,20,0
2024-10-24,S002,P0001,68,20,0
2024-10-24,S002,P0002,56,20,0
2024-10-24,S002,P0003,21,20,0
2024-10-24,S002,P0004,63,20,0
2024-10-24,S002,P0005,118,20,0
2024-10-24,S002,P0006,46,20,0
2024-10-24,S002,P0007,35,20,0
2024-10-24,S002,P0008,96,20,0
2024-10-24,S002,P0009,53,20,0
2024-10-24,S002,P0010,62,20,0
2024-10-24,S003,P0001,61,20,0
2024-10-24,S003,P0002,42,20,0
2024-10-24,S003,P0003,91,20,0
2024-10-24,S003,P0004,57,20,0
2024-10-24,S003,P0005,83,20,0
2024-10-24,S003,P0006,87,20,0
2024-10-24,S003,P0007,85,20,0
2024-10-24,S003,P0008,21,20,0
2024-10-24,S003,P0009,72,20,0
2024-10-24,S003,P0010,99,20,0
2024-10-24,S004,P0001,33,20,0
2024-10-24,S004,P0002,36,20,0
2024-10-24,S004,P0003,95,20,0
2024-10-24,S004,P0004,57,20,0
2024-10-24,S004,P0005,85,20,0
2024-10-24,S004,P0006,84,20,0
2024-10-24,S004,P0007,23,20,0
2024-10-24,S004,P0008,20,20,0
2024-10-24,S004,P0009,61,20,0
2024-10-24,S004,P0010,62,20,0
2024-10-24,S005,P0001,64,20,0
2024-10-24,S005,P0002,95,20,0
2024-10-24,S005,P0003,117,20,0
2024-10-24,S005,P0004,73,20,0
2024-10-24,S005,P0005,57,20,0
2024-10-24,S005,P0006,21,20,0
2024-10-24,S005,P0007,113,20,0
2024-10-24,S005,P0008,74,20,0
2024-10-24,S005,P0009,111,20,0
2024-10-24,S005,P0010,68,20,0
2024-10-25,S001,P0001,22,20,0
2024-10-25,S001,P0002,118,20,0
2024-10-25,S001,P0003,100,20,0
2024-10-25,S001,P0004,63,20,0
2024-10-25,S001,P0005,40,20,0
2024-10-25,S001,P0006,94,20,0
2024-10-25,S001,P0007,111,20,0
2024-10-25,S001,P0008,110,20,0
2024-10-25,S001,P0009,64,20,0
2024-10-25,S001,P0010,83,20,0
2024-10-25,S002,P0001,68,20,0
2024-10-25,S002,P0002,54,20,0
2024-10-25,S002,P0003,20,20,0
2024-10-25,S002,P0004,62,20,0
2024-10-25,S002,P0005,116,20,0
2024-10-25,S002,P0006,45,20,0
2024-10-25,S002,P0007,35,20,0
2024-10-25,S002,P0008,96,20,0
2024-10-25,S002,P0009,52,20,0
2024-10-25,S002,P0010,60,20,0
2024-10-25,S003,P0001,59,20,0
2024-10-25,S003,P0002,42,20,0
2024-10-25,S003,P0003,90,20,0
2024-10-25,S003,P0004,56,20,0
2024-10-25,S003,P0005,83,20,0
2024-10-25,S003,P0006,86,20,0
2024-10-25,S003,P0007,83,20,0
2024-10-25,S003,P0008,119,20,0
2024-10-25,S003,P0009,66,20,0
2024-10-25,S003,P0010,97,20,0
2024-10-25,S004,P0001,31,20,0
2024-10-25,S004,P0002,36,20,0
2024-10-25,S004,P0003,95,20,0
2024-10-25,S004,P0004,57,20,0
2024-10-25,S004,P0005,84,20,0
2024-10-25,S004,P0006,82,20,0
2024-10-25,S004,P0007,22,20,0
2024-10-25,S004,P0008,118,20,0
2024-10-25,S004,P0009,60,20,0
2024-10-25,S004,P0010,62,20,0
2024-10-25,S005,P0001,63,20,0
2024-10-25,S005,P0002,93,20,0
2024-10-25,S005,P0003,117,20,0
2024-10-25,S005,P0004,72,20,0
2024-10-25,S005,P0005,54,20,0
2024-10-25,S005,P0006,20,20,0
2024-10-25,S005,P0007,113,20,0
2024-10-25,S005,P0008,73,20,0
2024-10-25,S005,P0009,111,20,0
2024-10-25,S005,P0010,68,20,0
2024-10-26,S001,P0001,21,20,0
2024-10-26,S001,P0002,115,20,0
2024-10-26,S001,P0003,97,20,0
2024-10-26,S001,P0004,62,20,0
2024-10-26,S001,P0005,37,20,0
2024-10-26,S001,P0006,93,20,0
2024-10-26,S001,P0007,109,20,0
2024-10-26,S001,P0008,108,20,0
2024-10-26,S001,P0009,62,20,0
2024-10-26,S001,P0010,83,20,0
2024-10-26,S002,P0001,65,20,0
2024-10-26,S002,P0002,51,20,0
2024-10-26,S002,P0003,20,20,0
2024-10-26,S002,P0004,60,20,0
2024-10-26,S002,P0005,111,20,0
2024-10-26,S002,P0006,45,20,0
2024-10-26,S002,P0007,34,20,0
2024-10-26,S002,P0008,95,20,0
2024-10-26,S002,P0009,51,20,0
2024-10-26,S002,P0010,56,20,0
2024-10-26,S003,P0001,58,20,0
2024-10-26,S003,P0002,41,20,0
2024-10-26,S003,P0003,89,20,0
2024-10-26,S003,P0004,54,20,0
2024-10-26,S003,P0005,79,20,0
2024-10-26,S003,P0006,86,20,0
2024-10-26,S003,P0007,82,20,0
2024-10-26,S003,P0008,118,20,0
2024-10-26,S003,P0009,65,20,0
2024-10-26,S003,P0010,95,20,0
2024-10-26,S004,P0001,28,20,0
2024-10-26,S004,P0002,35,20,0
2024-10-26,S004,P0003,92,20,0
2024-10-26,S004,P0004,57,20,0
2024-10-26,S004,P0005,83,20,0
2024-10-26,S004,P0006,82,20,0
2024-10-26,S004,P0007,22,20,0
2024-10-26,S004,P0008,117,20,0
2024-10-26,S004,P0009,58,20,0
2024-10-26,S004,P0010,62,20,0
2024-10-26,S005,P0001,62,20,0
2024-10-26,S005,P0002,90,20,0
2024-10-26,S005,P0003,115,20,0
2024-10-26,S005,P0004,70,20,0
2024-10-26,S005,P0005,52,20,0
2024-10-26,S005,P0006,119,20,0
2024-10-26,S005,P0007,112,20,0
2024-10-26,S005,P0008,71,20,0
2024-10-26,S005,P0009,109,20,0
2024-10-26,S005,P0010,67,20,0
2024-10-27,S001,P0001,20,20,0
2024-10-27,S001,P0002,114,20,0
2024-10-27,S001,P0003,96,20,0
2024-10-27,S001,P0004,62,20,0
2024-10-27,S001,P0005,35,20,0
2024-10-27,S001,P0006,93,20,0
2024-10-27,S001,P0007,109,20,0
2024-10-27,S001,P0008,107,20,0
2024-10-27,S001,P0009,58,20,0
2024-10-27,S001,P0010,79,20,0
2024-10-27,S002,P0001,64,20,0
2024-10-27,S002,P0002,49,20,0
2024-10-27,S002,P0003,118,20,0
2024-10-27,S002,P0004,59,20,0
2024-10-27,S002,P0005,106,20,0
2024-10-27,S002,P0006,45,20,0
2024-10-27,S002,P0007,34,20,0
2024-10-27,S002,P0008,93,20,0
2024-10-27,S002,P0009,51,20,0
2024-10-27,S002,P0010,56,20,0
2024-10-27,S003,P0001,56,20,0
2024-10-27,S003,P0002,40,20,0
2024-10-27,S003,P0003,89,20,0
2024-10-27,S003,P0004,53,20,0
2024-10-27,S003,P0005,76,20,0
2024-10-27,S003,P0006,86,20,0
2024-10-27,S003,P0007,82,20,0
2024-10-27,S003,P0008,115,20,0
2024-10-27,S003,P0009,62,20,0
2024-10-27,S003,P0010,94,20,0
2024-10-27,S004,P0001,28,20,0
2024-10-27,S004,P0002,34,20,0
2024-10-27,S004,P0003,91,20,0
2024-10-27,S004,P0004,56,20,0
2024-10-27,S004,P0005,79,20,0
2024-10-27,S004,P0006,81,20,0
2024-10-27,S004,P0007,20,20,0
2024-10-27,S004,P0008,117,20,0
2024-10-27,S004,P0009,57,20,0
2024-10-27,S004,P0010,60,20,0
2024-10-27,S005,P0001,61,20,0
2024-10-27,S005,P0002,87,20,0
2024-10-27,S005,P0003,114,20,0
2024-10-27,S005,P0004,69,20,0
2024-10-27,S005,P0005,51,20,0
2024-10-27,S005,P0006,118,20,0
2024-10-27,S005,P0007,111,20,0
2024-10-27,S005,P0008,67,20,0
2024-10-27,S005,P0009,107,20,0
2024-10-27,S005,P0010,66,20,0
2024-10-28,S001,P0001,119,20,0
2024-10-28,S001,P0002,112,20,0
2024-10-28,S001,P0003,93,20,0
2024-10-28,S001,P0004,62,20,0
2024-10-28,S001,P0005,33,20,0
2024-10-28,S001,P0006,93,20,0
2024-10-28,S001,P0007,107,20,0
2024-10-28,S001,P0008,106,20,0
2024-10-28,S001,P0009,57,20,0
2024-10-28,S001,P0010,77,20,0
2024-10-28,S002,P0001,64,20,0
2024-10-28,S002,P0002,48,20,0
2024-10-28,S002,P0003,117,20,0
2024-10-28,S002,P0004,54,20,0
2024-10-28,S002,P0005,100,20,0
2024-10-28,S002,P0006,45,20,0
2024-10-28,S002,P0007,32,20,0
2024-10-28,S002,P0008,93,20,0
2024-10-28,S002,P0009,49,20,0
2024-10-28,S002,P0010,55,20,0
2024-10-28,S003,P0001,55,20,0
2024-10-28,S003,P0002,40,20,0
2024-10-28,S003,P0003,89,20,0
2024-10-28,S003,P0004,53,20,0
2024-10-28,S003,P0005,75,20,0
2024-10-28,S003,P0006,85,20,0
2024-10-28,S003,P0007,81,20,0
2024-10-28,S003,P0008,115,20,0
2024-10-28,S003,P0009,60,20,0
2024-10-28,S003,P0010,93,20,0
2024-10-28,S004,P0001,27,20,0
2024-10-28,S004,P0002,30,20,0
2024-10-28,S004,P0003,89,20,0
2024-10-28,S004,P0004,56,20,0
2024-10-28,S004,P0005,77,20,0
2024-10-28,S004,P0006,81,20,0
2024-10-28,S004,P0007,20,20,0
2024-10-28,S004,P0008,114,20,0
2024-10-28,S004,P0009,56,20,0
2024-10-28,S004,P0010,59,20,0
2024-10-28,S005,P0001,61,20,0
2024-10-28,S005,P0002,86,20,0
2024-10-28,S005,P0003,113,20,0
2024-10-28,S005,P0004,69,20,0
2024-10-28,S005,P0005,49,20,0
2024-10-28,S005,P0006,118,20,0
2024-10-28,S005,P0007,111,20,0
2024-10-28,S005,P0008,65,20,0
2024-10-28,S005,P0009,104,20,0
2024-10-28,S005,P0010,64,20,0
2024-10-29,S001,P0001,118,20,0
2024-10-29,S001,P0002,107,20,0
2024-10-29,S001,P0003,92,20,0
2024-10-29,S001,P0004,62,20,0
2024-10-29,S001,P0005,31,20,0
2024-10-29,S001,P0006,93,20,0
2024-10-29,S001,P0007,107,20,0
2024-10-29,S001,P0008,106,20,0
2024-10-29,S001,P0009,56,20,0
2024-10-29,S001,P0010,76,20,0
2024-10-29,S002,P0001,64,20,0
2024-10-29,S002,P0002,45,20,0
2024-10-29,S002,P0003,117,20,0
2024-10-29,S002,P0004,50,20,0
2024-10-29,S002,P0005,97,20,0
2024-10-29,S002,P0006,44,20,0
2024-10-29,S002,P0007,31,20,0
2024-10-29,S002,P0008,92,20,0
2024-10-29,S002,P0009,48,20,0
2024-10-29,S002,P0010,55,20,0
2024-10-29,S003,P0001,54,20,0
2024-10-29,S003,P0002,39,20,0
2024-10-29,S003,P0003,87,20,0
2024-10-29,S003,P0004,52,20,0
2024-10-29,S003,P0005,73,20,0
2024-10-29,S003,P0006,85,20,0
2024-10-29,S003,P0007,80,20,0
2024-10-29,S003,P0008,112,20,0
2024-10-29,S003,P0009,58,20,0
2024-10-29,S003,P0010,93,20,0
2024-10-29,S004,P0001,26,20,0
2024-10-29,S004,P0002,27,20,0
2024-10-29,S004,P0003,88,20,0
2024-10-29,S004,P0004,56,20,0
2024-10-29,S004,P0005,76,20,0
2024-10-29,S004,P0006,80,20,0
2024-10-29,S004,P0007,20,20,0
2024-10-29,S004,P0008,112,20,0
2024-10-29,S004,P0009,54,20,0
2024-10-29,S004,P0010,57,20,0
2024-10-29,S005,P0001,60,20,0
2024-10-29,S005,P0002,84,20,0
2024-10-29,S005,P0003,111,20,0
2024-10-29,S005,P0004,66,20,0
2024-10-29,S005,P0005,48,20,0
2024-10-29,S005,P0006,118,20,0
2024-10-29,S005,P0007,110,20,0
2024-10-29,S005,P0008,63,20,0
2024-10-29,S005,P0009,100,20,0
2024-10-29,S005,P0010,62,20,0
2024-10-30,S001,P0001,116,20,0
2024-10-30,S001,P0002,106,20,0
2024-10-30,S001,P0003,92,20,0
2024-10-30,S001,P0004,61,20,0
2024-10-30,S001,P0005,29,20,0
2024-10-30,S001,P0006,91,20,0
2024-10-30,S001,P0007,107,20,0
2024-10-30,S001,P0008,105,20,0
2024-10-30,S001,P0009,52,20,0
2024-10-30,S001,P0010,76,20,0
2024-10-30,S002,P0001,63,20,0
2024-10-30,S002,P0002,43,20,0
2024-10-30,S002,P0003,116,20,0
2024-10-30,S002,P0004,50,20,0
2024-10-30,S002,P0005,95,20,0
2024-10-30,S002,P0006,43,20,0
2024-10-30,S002,P0007,31,20,0
2024-10-30,S002,P0008,91,20,0
2024-10-30,S002,P0009,46,20,0
2024-10-30,S002,P0010,55,20,0
2024-10-30,S003,P0001,53,20,0
2024-10-30,S003,P0002,38,20,0
2024-10-30,S003,P0003,87,20,0
2024-10-30,S003,P0004,52,20,0
2024-10-30,S003,P0005,71,20,0
2024-10-30,S003,P0006,85,20,0
2024-10-30,S003,P0007,80,20,0
2024-10-30,S003,P0008,111,20,0
2024-10-30,S003,P0009,55,20,0
2024-10-30,S003,P0010,92,20,0
2024-10-30,S004,P0001,25,20,0
2024-10-30,S004,P0002,26,20,0
2024-10-30,S004,P0003,88,20,0
2024-10-30,S004,P0004,54,20,0
2024-10-30,S004,P0005,75,20,0
2024-10-30,S004,P0006,79,20,0
2024-10-30,S004,P0007,119,20,0
2024-10-30,S004,P0008,111,20,0
2024-10-30,S004,P0009,53,20,0
2024-10-30,S004,P0010,56,20,0
2024-10-30,S005,P0001,58,20,0
2024-10-30,S005,P0002,84,20,0
2024-10-30,S005,P0003,110,20,0
2024-10-30,S005,P0004,66,20,0
2024-10-30,S005,P0005,43,20,0
2024-10-30,S005,P0006,117,20,0
2024-10-30,S005,P0007,107,20,0
2024-10-30,S005,P0008,63,20,0
2024-10-30,S005,P0009,99,20,0
2024-10-30,S005,P0010,61,20,0
2024-10-31,S001,P0001,114,20,0
2024-10-31,S001,P0002,103,20,0
2024-10-31,S001,P0003,91,20,0
2024-10-31,S001,P0004,60,20,0
2024-10-31,S001,P0005,26,20,0
2024-10-31,S001,P0006,91,20,0
2024-10-31,S001,P0007,106,20,0
2024-10-31,S001,P0008,104,20,0
2024-10-31,S001,P0009,51,20,0
2024-10-31,S001,P0010,76,20,0
2024-10-31,S002,P0001,60,20,0
2024-10-31,S002,P0002,43,20,0
2024-10-31,S002,P0003,115,20,0
2024-10-31,S002,P0004,50,20,0
2024-10-31,S002,P0005,89,20,0
2024-10-31,S002,P0006,42,20,0
2024-10-31,S002,P0007,31,20,0
2024-10-31,S002,P0008,89,20,0
2024-10-31,S002,P0009,43,20,0
2024-10-31,S002,P0010,54,20,0
2024-10-31,S003,P0001,53,20,0
2024-10-31,S003,P0002,35,20,0
2024-10-31,S003,P0003,87,20,0
2024-10-31,S003,P0004,52,20,0
2024-10-31,S003,P0005,67,20,0
2024-10-31,S003,P0006,85,20,0
2024-10-31,S003,P0007,79,20,0
2024-10-31,S003,P0008,111,20,0
2024-10-31,S003,P0009,55,20,0
2024-10-31,S003,P0010,89,20,0
2024-10-31,S004,P0001,25,20,0
2024-10-31,S004,P0002,24,20,0
2024-10-31,S004,P0003,87,20,0
2024-10-31,S004,P0004,54,20,0
2024-10-31,S004,P0005,73,20,0
2024-10-31,S004,P0006,79,20,0
2024-10-31,S004,P0007,119,20,0
2024-10-31,S004,P0008,111,20,0
2024-10-31,S004,P0009,52,20,0
2024-10-31,S004,P0010,56,20,0
2024-10-31,S005,P0001,58,20,0
2024-10-31,S005,P0002,81,20,0
2024-10-31,S005,P0003,110,20,0
2024-10-31,S005,P0004,66,20,0
2024-10-31,S005,P0005,41,20,0
2024-10-31,S005,P0006,117,20,0
2024-10-31,S005,P0007,106,20,0
2024-10-31,S005,P0008,61,20,0
2024-10-31,S005,P0009,97,20,0
2024-10-31,S005,P0010,59,20,0
2024-11-01,S001,P0001,112,20,0
2024-11-01,S001,P0002,99,20,0
2024-11-01,S001,P0003,89,20,0
2024-11-01,S001,P0004,58,20,0
2024-11-01,S001,P0005,24,20,0
2024-11-01,S001,P0006,91,20,0
2024-11-01,S001,P0007,106,20,0
2024-11-01,S001,P0008,101,20,0
2024-11-01,S001,P0009,50,20,0
2024-11-01,S001,P0010,75,20,0
2024-11-01,S002,P0001,59,20,0
2024-11-01,S002,P0002,39,20,0
2024-11-01,S002,P0003,115,20,0
2024-11-01,S002,P0004,50,20,0
2024-11-01,S002,P0005,87,20,0
2024-11-01,S002,P0006,40,20,0
2024-11-01,S002,P0007,30,20,0
2024-11-01,S002,P0008,88,20,0
2024-11-01,S002,P0009,42,20,0
2024-11-01,S002,P0010,54,20,0
2024-11-01,S003,P0001,52,20,0
2024-11-01,S003,P0002,34,20,0
2024-11-01,S003,P0003,85,20,0
2024-11-01,S003,P0004,51,20,0
2024-11-01,S003,P0005,67,20,0
2024-11-01,S003,P0006,83,20,0
2024-11-01,S003,P0007,78,20,0
2024-11-01,S003,P0008,111,20,0
2024-11-01,S003,P0009,55,20,0
2024-11-01,S003,P0010,84,20,0
2024-11-01,S004,P0001,23,20,0
2024-11-01,S004,P0002,23,20,0
2024-11-01,S004,P0003,86,20,0
2024-11-01,S004,P0004,53,20,0
2024-11-01,S004,P0005,72,20,0
2024-11-01,S004,P0006,78,20,0
2024-11-01,S004,P0007,118,20,0
2024-11-01,S004,P0008,108,20,0
2024-11-01,S004,P0009,50,20,0
2024-11-01,S004,P0010,54,20,0
2024-11-01,S005,P0001,56,20,0
2024-11-01,S005,P0002,79,20,0
2024-11-01,S005,P0003,107,20,0
2024-11-01,S005,P0004,63,20,0
2024-11-01,S005,P0005,41,20,0
2024-11-01,S005,P0006,117,20,0
2024-11-01,S005,P0007,105,20,0
2024-11-01,S005,P0008,59,20,0
2024-11-01,S005,P0009,96,20,0
2024-11-01,S005,P0010,58,20,0
2024-11-02,S001,P0001,111,20,0
2024-11-02,S001,P0002,98,20,0
2024-11-02,S001,P0003,88,20,0
2024-11-02,S001,P0004,57,20,0
2024-11-02,S001,P0005,22,20,0
2024-11-02,S001,P0006,90,20,0
2024-11-02,S001,P0007,106,20,0
2024-11-02,S001,P0008,100,20,0
2024-11-02,S001,P0009,47,20,0
2024-11-02,S001,P0010,73,20,0
2024-11-02,S002,P0001,57,20,0
2024-11-02,S002,P0002,36,20,0
2024-11-02,S002,P0003,114,20,0
2024-11-02,S002,P0004,50,20,0
2024-11-02,S002,P0005,85,20,0
2024-11-02,S002,P0006,40,20,0
2024-11-02,S002,P0007,30,20,0
2024-11-02,S002,P0008,87,20,0
2024-11-02,S002,P0009,37,20,0
2024-11-02,S002,P0010,53,20,0
2024-11-02,S003,P0001,52,20,0
2024-11-02,S003,P0002,31,20,0
2024-11-02,S003,P0003,83,20,0
2024-11-02,S003,P0004,50,20,0
2024-11-02,S003,P0005,63,20,0
2024-11-02,S003,P0006,83,20,0
2024-11-02,S003,P0007,78,20,0
2024-11-02,S003,P0008,110,20,0
2024-11-02,S003,P0009,51,20,0
2024-11-02,S003,P0010,84,20,0
2024-11-02,S004,P0001,23,20,0
2024-11-02,S004,P0002,22,20,0
2024-11-02,S004,P0003,84,20,0
2024-11-02,S004,P0004,52,20,0
2024-11-02,S004,P0005,70,20,0
2024-11-02,S004,P0006,78,20,0
2024-11-02,S004,P0007,117,20,0
2024-11-02,S004,P0008,108,20,0
2024-11-02,S004,P0009,49,20,0
2024-11-02,S004,P0010,54,20,0
2024-11-02,S005,P0001,56,20,0
2024-11-02,S005,P0002,79,20,0
2024-11-02,S005,P0003,106,20,0
2024-11-02,S005,P0004,62,20,0
2024-11-02,S005,P0005,39,20,0
2024-11-02,S005,P0006,116,20,0
2024-11-02,S005,P0007,104,20,0
2024-11-02,S005,P0008,58,20,0
2024-11-02,S005,P0009,93,20,0
2024-11-02,S005,P0010,56,20,0
2024-11-03,S001,P0001,111,20,0
2024-11-03,S001,P0002,97,20,0
2024-11-03,S001,P0003,86,20,0
2024-11-03,S001,P0004,57,20,0
2024-11-03,S001,P0005,115,20,0
2024-11-03,S001,P0006,88,20,0
2024-11-03,S001,P0007,105,20,0
2024-11-03,S001,P0008,99,20,0
2024-11-03,S001,P0009,44,20,0
2024-11-03,S001,P0010,73,20,0
2024-11-03,S002,P0001,56,20,0
2024-11-03,S002,P0002,33,20,0
2024-11-03,S002,P0003,113,20,0
2024-11-03,S002,P0004,50,20,0
2024-11-03,S002,P0005,83,20,0
2024-11-03,S002,P0006,38,20,0
2024-11-03,S002,P0007,30,20,0
2024-11-03,S002,P0008,87,20,0
2024-11-03,S002,P0009,36,20,0
2024-11-03,S002,P0010,51,20,0
2024-11-03,S003,P0001,52,20,0
2024-11-03,S003,P0002,30,20,0
2024-11-03,S003,P0003,83,20,0
2024-11-03,S003,P0004,48,20,0
2024-11-03,S003,P0005,61,20,0
2024-11-03,S003,P0006,82,20,0
2024-11-03,S003,P0007,77,20,0
2024-11-03,S003,P0008,109,20,0
2024-11-03,S003,P0009,49,20,0
2024-11-03,S003,P0010,83,20,0
2024-11-03,S004,P0001,21,20,0
2024-11-03,S004,P0002,21,20,0
2024-11-03,S004,P0003,83,20,0
2024-11-03,S004,P0004,52,20,0
2024-11-03,S004,P0005,67,20,0
2024-11-03,S004,P0006,77,20,0
2024-11-03,S004,P0007,116,20,0
2024-11-03,S004,P0008,107,20,0
2024-11-03,S004,P0009,46,20,0
2024-11-03,S004,P0010,53,20,0
2024-11-03,S005,P0001,55,20,0
2024-11-03,S005,P0002,78,20,0
2024-11-03,S005,P0003,106,20,0
2024-11-03,S005,P0004,61,20,0
2024-11-03,S005,P0005,36,20,0
2024-11-03,S005,P0006,116,20,0
2024-11-03,S005,P0007,104,20,0
2024-11-03,S005,P0008,57,20,0
2024-11-03,S005,P0009,92,20,0
2024-11-03,S005,P0010,54,20,0
2024-11-04,S001,P0001,106,20,0
2024-11-04,S001,P0002,94,20,0
2024-11-04,S001,P0003,86,20,0
2024-11-04,S001,P0004,56,20,0
2024-11-04,S001,P0005,112,20,0
2024-11-04,S001,P0006,85,20,0
2024-11-04,S001,P0007,105,20,0
2024-11-04,S001,P0008,98,20,0
2024-11-04,S001,P0009,43,20,0
2024-11-04,S001,P0010,72,20,0
2024-11-04,S002,P0001,55,20,0
2024-11-04,S002,P0002,33,20,0
2024-11-04,S002,P0003,113,20,0
2024-11-04,S002,P0004,49,20,0
2024-11-04,S002,P0005,81,20,0
2024-11-04,S002,P0006,38,20,0
2024-11-04,S002,P0007,29,20,0
2024-11-04,S002,P0008,86,20,0
2024-11-04,S002,P0009,35,20,0
2024-11-04,S002,P0010,49,20,0
2024-11-04,S003,P0001,50,20,0
2024-11-04,S003,P0002,28,20,0
2024-11-04,S003,P0003,83,20,0
2024-11-04,S003,P0004,47,20,0
2024-11-04,S003,P0005,58,20,0
2024-11-04,S003,P0006,82,20,0
2024-11-04,S003,P0007,76,20,0
2024-11-04,S003,P0008,108,20,0
2024-11-04,S003,P0009,47,20,0
2024-11-04,S003,P0010,81,20,0
2024-11-04,S004,P0001,118,20,0
2024-11-04,S004,P0002,119,20,0
2024-11-04,S004,P0003,83,20,0
2024-11-04,S004,P0004,52,20,0
2024-11-04,S004,P0005,65,20,0
2024-11-04,S004,P0006,75,20,0
2024-11-04,S004,P0007,115,20,0
2024-11-04,S004,P0008,106,20,0
2024-11-04,S004,P0009,43,20,0
2024-11-04,S004,P0010,52,20,0
2024-11-04,S005,P0001,54,20,0
2024-11-04,S005,P0002,78,20,0
2024-11-04,S005,P0003,105,20,0
2024-11-04,S005,P0004,60,20,0
2024-11-04,S005,P0005,33,20,0
2024-11-04,S005,P0006,113,20,0
2024-11-04,S005,P0007,102,20,0
2024-11-04,S005,P0008,54,20,0
2024-11-04,S005,P0009,90,20,0
2024-11-04,S005,P0010,51,20,0
2024-11-05,S001,P0001,106,20,0
2024-11-05,S001,P0002,94,20,0
2024-11-05,S001,P0003,85,20,0
2024-11-05,S001,P0004,54,20,0
2024-11-05,S001,P0005,111,20,0
2024-11-05,S001,P0006,85,20,0
2024-11-05,S001,P0007,105,20,0
2024-11-05,S001,P0008,97,20,0
2024-11-05,S001,P0009,39,20,0
2024-11-05,S001,P0010,71,20,0
2024-11-05,S002,P0001,53,20,0
2024-11-05,S002,P0002,31,20,0
2024-11-05,S002,P0003,113,20,0
2024-11-05,S002,P0004,47,20,0
2024-11-05,S002,P0005,79,20,0
2024-11-05,S002,P0006,36,20,0
2024-11-05,S002,P0007,29,20,0
2024-11-05,S002,P0008,86,20,0
2024-11-05,S002,P0009,35,20,0
2024-11-05,S002,P0010,48,20,0
2024-11-05,S003,P0001,50,20,0
2024-11-05,S003,P0002,28,20,0
2024-11-05,S003,P0003,82,20,0
2024-11-05,S003,P0004,46,20,0
2024-11-05,S003,P0005,54,20,0
2024-11-05,S003,P0006,81,20,0
2024-11-05,S003,P0007,76,20,0
2024-11-05,S003,P0008,106,20,0
2024-11-05,S003,P0009,46,20,0
2024-11-05,S003,P0010,81,20,0
2024-11-05,S004,P0001,113,20,0
2024-11-05,S004,P0002,118,20,0
2024-11-05,S004,P0003,81,20,0
2024-11-05,S004,P0004,51,20,0
2024-11-05,S004,P0005,65,20,0
2024-11-05,S004,P0006,75,20,0
2024-11-05,S004,P0007,115,20,0
2024-11-05,S004,P0008,104,20,0
2024-11-05,S004,P0009,42,20,0
2024-11-05,S004,P0010,50,20,0
2024-11-05,S005,P0001,52,20,0
2024-11-05,S005,P0002,75,20,0
2024-11-05,S005,P0003,104,20,0
2024-11-05,S005,P0004,60,20,0
2024-11-05,S005,P0005,31,20,0
2024-11-05,S005,P0006,113,20,0
2024-11-05,S005,P0007,102,20,0
2024-11-05,S005,P0008,53,20,0
2024-11-05,S005,P0009,87,20,0
2024-11-05,S005,P0010,49,20,0
2024-11-06,S001,P0001,104,20,0
2024-11-06,S001,P0002,93,20,0
2024-11-06,S001,P0003,84,20,0
2024-11-06,S001,P0004,54,20,0
2024-11-06,S001,P0005,109,20,0
2024-11-06,S001,P0006,84,20,0
2024-11-06,S001,P0007,105,20,0
2024-11-06,S001,P0008,96,20,0
2024-11-06,S001,P0009,38,20,0
2024-11-06,S001,P0010,70,20,0
2024-11-06,S002,P0001,53,20,0
2024-11-06,S002,P0002,30,20,0
2024-11-06,S002,P0003,111,20,0
2024-11-06,S002,P0004,44,20,0
2024-11-06,S002,P0005,77,20,0
2024-11-06,S002,P0006,35,20,0
2024-11-06,S002,P0007,28,20,0
2024-11-06,S002,P0008,85,20,0
2024-11-06,S002,P0009,32,20,0
2024-11-06,S002,P0010,46,20,0
2024-11-06,S003,P0001,49,20,0
2024-11-06,S003,P0002,27,20,0
2024-11-06,S003,P0003,82,20,0
2024-11-06,S003,P0004,45,20,0
2024-11-06,S003,P0005,53,20,0
2024-11-06,S003,P0006,77,20,0
2024-11-06,S003,P0007,74,20,0
2024-11-06,S003,P0008,105,20,0
2024-11-06,S003,P0009,44,20,0
2024-11-06,S003,P0010,79,20,0
2024-11-06,S004,P0001,112,20,0
2024-11-06,S004,P0002,117,20,0
2024-11-06,S004,P0003,79,20,0
2024-11-06,S004,P0004,50,20,0
2024-11-06,S004,P0005,64,20,0
2024-11-06,S004,P0006,75,20,0
2024-11-06,S004,P0007,115,20,0
2024-11-06,S004,P0008,103,20,0
2024-11-06,S004,P0009,41,20,0
2024-11-06,S004,P0010,48,20,0
2024-11-06,S005,P0001,51,20,0
2024-11-06,S005,P0002,74,20,0
2024-11-06,S005,P0003,104,20,0
2024-11-06,S005,P0004,60,20,0
2024-11-06,S005,P0005,29,20,0
2024-11-06,S005,P0006,112,20,0
2024-11-06,S005,P0007,101,20,0
2024-11-06,S005,P0008,52,20,0
2024-11-06,S005,P0009,83,20,0
2024-11-06,S005,P0010,48,20,0
2024-11-07,S001,P0001,103,20,0
2024-11-07,S001,P0002,91,20,0
2024-11-07,S001,P0003,83,20,0
2024-11-07,S001,P0004,53,20,0
2024-11-07,S001,P0005,105,20,0
2024-11-07,S001,P0006,84,20,0
2024-11-07,S001,P0007,103,20,0
2024-11-07,S001,P0008,95,20,0
2024-11-07,S001,P0009,37,20,0
2024-11-07,S001,P0010,70,20,0
2024-11-07,S002,P0001,51,20,0
2024-11-07,S002,P0002,28,20,0
2024-11-07,S002,P0003,109,20,0
2024-11-07,S002,P0004,44,20,0
2024-11-07,S002,P0005,76,20,0
2024-11-07,S002,P0006,35,20,0
2024-11-07,S002,P0007,28,20,0
2024-11-07,S002,P0008,84,20,0
2024-11-07,S002,P0009,32,20,0
2024-11-07,S002,P0010,45,20,0
2024-11-07,S003,P0001,47,20,0
2024-11-07,S003,P0002,27,20,0
2024-11-07,S003,P0003,82,20,0
2024-11-07,S003,P0004,43,20,0
2024-11-07,S003,P0005,51,20,0
2024-11-07,S003,P0006,77,20,0
2024-11-07,S003,P0007,72,20,0
2024-11-07,S003,P0008,104,20,0
2024-11-07,S003,P0009,44,20,0
2024-11-07,S003,P0010,76,20,0
2024-11-07,S004,P0001,108,20,0
2024-11-07,S004,P0002,117,20,0
2024-11-07,S004,P0003,76,20,0
2024-11-07,S004,P0004,50,20,0
2024-11-07,S004,P0005,62,20,0
2024-11-07,S004,P0006,74,20,0
2024-11-07,S004,P0007,114,20,0
2024-11-07,S004,P0008,103,20,0
2024-11-07,S004,P0009,39,20,0
2024-11-07,S004,P0010,48,20,0
2024-11-07,S005,P0001,51,20,0
2024-11-07,S005,P0002,74,20,0
2024-11-07,S005,P0003,102,20,0
2024-11-07,S005,P0004,60,20,0
2024-11-07,S005,P0005,26,20,0
2024-11-07,S005,P0006,111,20,0
2024-11-07,S005,P0007,101,20,0
2024-11-07,S005,P0008,49,20,0
2024-11-07,S005,P0009,80,20,0
2024-11-07,S005,P0010,45,20,0
2024-11-08,S001,P0001,102,20,0
2024-11-08,S001,P0002,90,20,0
2024-11-08,S001,P0003,81,20,0
2024-11-08,S001,P0004,49,20,0
2024-11-08,S001,P0005,101,20,0
2024-11-08,S001,P0006,83,20,0
2024-11-08,S001,P0007,102,20,0
2024-11-08,S001,P0008,94,20,0
2024-11-08,S001,P0009,34,20,0
2024-11-08,S001,P0010,66,20,0
2024-11-08,S002,P0001,50,20,0
2024-11-08,S002,P0002,27,20,0
2024-11-08,S002,P0003,109,20,0
2024-11-08,S002,P0004,42,20,0
2024-11-08,S002,P0005,72,20,0
2024-11-08,S002,P0006,34,20,0
2024-11-08,S002,P0007,28,20,0
2024-11-08,S002,P0008,81,20,0
2024-11-08,S002,P0009,27,20,0
2024-11-08,S002,P0010,44,20,0
2024-11-08,S003,P0001,46,20,0
2024-11-08,S003,P0002,26,20,0
2024-11-08,S003,P0003,81,20,0
2024-11-08,S003,P0004,42,20,0
2024-11-08,S003,P0005,46,20,0
2024-11-08,S003,P0006,76,20,0
2024-11-08,S003,P0007,70,20,0
2024-11-08,S003,P0008,103,20,0
2024-11-08,S003,P0009,44,20,0
2024-11-08,S003,P0010,75,20,0
2024-11-08,S004,P0001,108,20,0
2024-11-08,S004,P0002,116,20,0
2024-11-08,S004,P0003,75,20,0
2024-11-08,S004,P0004,50,20,0
2024-11-08,S004,P0005,60,20,0
2024-11-08,S004,P0006,73,20,0
2024-11-08,S004,P0007,113,20,0
2024-11-08,S004,P0008,100,20,0
2024-11-08,S004,P0009,39,20,0
2024-11-08,S004,P0010,44,20,0
2024-11-08,S005,P0001,48,20,0
2024-11-08,S005,P0002,71,20,0
2024-11-08,S005,P0003,101,20,0
2024-11-08,S005,P0004,60,20,0
2024-11-08,S005,P0005,24,20,0
2024-11-08,S005,P0006,110,20,0
2024-11-08,S005,P0007,101,20,0
2024-11-08,S005,P0008,48,20,0
2024-11-08,S005,P0009,79,20,0
2024-11-08,S005,P0010,41,20,0
2024-11-09,S001,P0001,99,20,0
2024-11-09,S001,P0002,88,20,0
2024-11-09,S001,P0003,79,20,0
2024-11-09,S001,P0004,49,20,0
2024-11-09,S001,P0005,97,20,0
2024-11-09,S001,P0006,83,20,0
2024-11-09,S001,P0007,100,20,0
2024-11-09,S001,P0008,91,20,0
2024-11-09,S001,P0009,33,20,0
2024-11-09,S001,P0010,63,20,0
2024-11-09,S002,P0001,50,20,0
2024-11-09,S002,P0002,26,20,0
2024-11-09,S002,P0003,109,20,0
2024-11-09,S002,P0004,40,20,0
2024-11-09,S002,P0005,71,20,0
2024-11-09,S002,P0006,33,20,0
2024-11-09,S002,P0007,25,20,0
2024-11-09,S002,P0008,81,20,0
2024-11-09,S002,P0009,24,20,0
2024-11-09,S002,P0010,44,20,0
2024-11-09,S003,P0001,45,20,0
2024-11-09,S003,P0002,25,20,0
2024-11-09,S003,P0003,81,20,0
2024-11-09,S003,P0004,41,20,0
2024-11-09,S003,P0005,41,20,0
2024-11-09,S003,P0006,75,20,0
2024-11-09,S003,P0007,69,20,0
2024-11-09,S003,P0008,101,20,0
2024-11-09,S003,P0009,43,20,0
2024-11-09,S003,P0010,74,20,0
2024-11-09,S004,P0001,108,20,0
2024-11-09,S004,P0002,115,20,0
2024-11-09,S004,P0003,73,20,0
2024-11-09,S004,P0004,48,20,0
2024-11-09,S004,P0005,51,20,0
2024-11-09,S004,P0006,72,20,0
2024-11-09,S004,P0007,112,20,0
2024-11-09,S004,P0008,100,20,0
2024-11-09,S004,P0009,39,20,0
2024-11-09,S004,P0010,44,20,0
2024-11-09,S005,P0001,45,20,0
2024-11-09,S005,P0002,69,20,0
2024-11-09,S005,P0003,101,20,0
2024-11-09,S005,P0004,59,20,0
2024-11-09,S005,P0005,118,20,0
2024-11-09,S005,P0006,110,20,0
2024-11-09,S005,P0007,99,20,0
2024-11-09,S005,P0008,48,20,0
2024-11-09,S005,P0009,76,20,0
2024-11-09,S005,P0010,39,20,0
2024-11-10,S001,P0001,97,20,0
2024-11-10,S001,P0002,87,20,0
2024-11-10,S001,P0003,78,20,0
2024-11-10,S001,P0004,46,20,0
2024-11-10,S001,P0005,94,20,0
2024-11-10,S001,P0006,80,20,0
2024-11-10,S001,P0007,100,20,0
2024-11-10,S001,P0008,91,20,0
2024-11-10,S001,P0009,30,20,0
2024-11-10,S001,P0010,59,20,0
2024-11-10,S002,P0001,50,20,0
2024-11-10,S002,P0002,25,20,0
2024-11-10,S002,P0003,108,20,0
2024-11-10,S002,P0004,39,20,0
2024-11-10,S002,P0005,68,20,0
2024-11-10,S002,P0006,33,20,0
2024-11-10,S002,P0007,25,20,0
2024-11-10,S002,P0008,79,20,0
2024-11-10,S002,P0009,21,20,0
2024-11-10,S002,P0010,43,20,0
2024-11-10,S003,P0001,45,20,0
2024-11-10,S003,P0002,23,20,0
2024-11-10,S003,P0003,80,20,0
2024-11-10,S003,P0004,41,20,0
2024-11-10,S003,P0005,38,20,0
2024-11-10,S003,P0006,73,20,0
2024-11-10,S003,P0007,68,20,0
2024-11-10,S003,P0008,100,20,0
2024-11-10,S003,P0009,41,20,0
2024-11-10,S003,P0010,73,20,0
2024-11-10,S004,P0001,107,20,0
2024-11-10,S004,P0002,112,20,0
2024-11-10,S004,P0003,72,20,0
2024-11-10,S004,P0004,48,20,0
2024-11-10,S004,P0005,49,20,0
2024-11-10,S004,P0006,71,20,0
2024-11-10,S004,P0007,112,20,0
2024-11-10,S004,P0008,98,20,0
2024-11-10,S004,P0009,38,20,0
2024-11-10,S004,P0010,43,20,0
2024-11-10,S005,P0001,44,20,0
2024-11-10,S005,P0002,66,20,0
2024-11-10,S005,P0003,100,20,0
2024-11-10,S005,P0004,58,20,0
2024-11-10,S005,P0005,117,20,0
2024-11-10,S005,P0006,109,20,0
2024-11-10,S005,P0007,99,20,0
2024-11-10,S005,P0008,45,20,0
2024-11-10,S005,P0009,72,20,0
2024-11-10,S005,P0010,37,20,0
2024-11-11,S001,P0001,97,20,0
2024-11-11,S001,P0002,85,20,0
2024-11-11,S001,P0003,77,20,0
2024-11-11,S001,P0004,44,20,0
2024-11-11,S001,P0005,90,20,0
2024-11-11,S001,P0006,80,20,0
2024-11-11,S001,P0007,99,20,0
2024-11-11,S001,P0008,90,20,0
2024-11-11,S001,P0009,26,20,0
2024-11-11,S001,P0010,57,20,0
2024-11-11,S002,P0001,49,20,0
2024-11-11,S002,P0002,22,20,0
2024-11-11,S002,P0003,108,20,0
2024-11-11,S002,P0004,39,20,0
2024-11-11,S002,P0005,63,20,0
2024-11-11,S002,P0006,33,20,0
2024-11-11,S002,P0007,24,20,0
2024-11-11,S002,P0008,77,20,0
2024-11-11,S002,P0009,21,20,0
2024-11-11,S002,P0010,42,20,0
2024-11-11,S003,P0001,43,20,0
2024-11-11,S003,P0002,23,20,0
2024-11-11,S003,P0003,78,20,0
2024-11-11,S003,P0004,41,20,0
2024-11-11,S003,P0005,37,20,0
2024-11-11,S003,P0006,73,20,0
2024-11-11,S003,P0007,67,20,0
2024-11-11,S003,P0008,98,20,0
2024-11-11,S003,P0009,37,20,0
2024-11-11,S003,P0010,73,20,0
2024-11-11,S004,P0001,106,20,0
2024-11-11,S004,P0002,112,20,0
2024-11-11,S004,P0003,70,20,0
2024-11-11,S004,P0004,48,20,0
2024-11-11,S004,P0005,49,20,0
2024-11-11,S004,P0006,71,20,0
2024-11-11,S004,P0007,111,20,0
2024-11-11,S004,P0008,96,20,0
2024-11-11,S004,P0009,34,20,0
2024-11-11,S004,P0010,42,20,0
2024-11-11,S005,P0001,44,20,0
2024-11-11,S005,P0002,66,20,0
2024-11-11,S005,P0003,98,20,0
2024-11-11,S005,P0004,55,20,0
2024-11-11,S005,P0005,112,20,0
2024-11-11,S005,P0006,109,20,0
2024-11-11,S005,P0007,99,20,0
2024-11-11,S005,P0008,43,20,0
2024-11-11,S005,P0009,71,20,0
2024-11-11,S005,P0010,36,20,0
2024-11-12,S001,P0001,93,20,0
2024-11-12,S001,P0002,84,20,0
2024-11-12,S001,P0003,77,20,0
2024-11-12,S001,P0004,42,20,0
2024-11-12,S001,P0005,88,20,0
2024-11-12,S001,P0006,80,20,0
2024-11-12,S001,P0007,98,20,0
2024-11-12,S001,P0008,89,20,0
2024-11-12,S001,P0009,22,20,0
2024-11-12,S001,P0010,57,20,0
2024-11-12,S002,P0001,47,20,0
2024-11-12,S002,P0002,22,20,0
2024-11-12,S002,P0003,106,20,0
2024-11-12,S002,P0004,38,20,0
2024-11-12,S002,P0005,62,20,0
2024-11-12,S002,P0006,32,20,0
2024-11-12,S002,P0007,24,20,0
2024-11-12,S002,P0008,76,20,0
2024-11-12,S002,P0009,20,20,0
2024-11-12,S002,P0010,42,20,0
2024-11-12,S003,P0001,42,20,0
2024-11-12,S003,P0002,20,20,0
2024-11-12,S003,P0003,78,20,0
2024-11-12,S003,P0004,39,20,0
2024-11-12,S003,P0005,35,20,0
2024-11-12,S003,P0006,72,20,0
2024-11-12,S003,P0007,65,20,0
2024-11-12,S003,P0008,98,20,0
2024-11-12,S003,P0009,37,20,0
2024-11-12,S003,P0010,73,20,0
2024-11-12,S004,P0001,105,20,0
2024-11-12,S004,P0002,111,20,0
2024-11-12,S004,P0003,67,20,0
2024-11-12,S004,P0004,47,20,0
2024-11-12,S004,P0005,46,20,0
2024-11-12,S004,P0006,71,20,0
2024-11-12,S004,P0007,110,20,0
2024-11-12,S004,P0008,93,20,0
2024-11-12,S004,P0009,32,20,0
2024-11-12,S004,P0010,39,20,0
2024-11-12,S005,P0001,43,20,0
2024-11-12,S005,P0002,65,20,0
2024-11-12,S005,P0003,97,20,0
2024-11-12,S005,P0004,55,20,0
2024-11-12,S005,P0005,110,20,0
2024-11-12,S005,P0006,109,20,0
2024-11-12,S005,P0007,98,20,0
2024-11-12,S005,P0008,42,20,0
2024-11-12,S005,P0009,71,20,0
2024-11-12,S005,P0010,32,20,0
2024-11-13,S001,P0001,90,20,0
2024-11-13,S001,P0002,83,20,0
2024-11-13,S001,P0003,77,20,0
2024-11-13,S001,P0004,42,20,0
2024-11-13,S001,P0005,88,20,0
2024-11-13,S001,P0006,80,20,0
2024-11-13,S001,P0007,98,20,0
2024-11-13,S001,P0008,87,20,0
2024-11-13,S001,P0009,22,20,0
2024-11-13,S001,P0010,54,20,0
2024-11-13,S002,P0001,47,20,0
2024-11-13,S002,P0002,117,20,0
2024-11-13,S002,P0003,105,20,0
2024-11-13,S002,P0004,37,20,0
2024-11-13,S002,P0005,58,20,0
2024-11-13,S002,P0006,32,20,0
2024-11-13,S002,P0007,23,20,0
2024-11-13,S002,P0008,73,20,0
2024-11-13,S002,P0009,118,20,0
2024-11-13,S002,P0010,41,20,0
2024-11-13,S003,P0001,41,20,0
2024-11-13,S003,P0002,117,20,0
2024-11-13,S003,P0003,78,20,0
2024-11-13,S003,P0004,38,20,0
2024-11-13,S003,P0005,32,20,0
2024-11-13,S003,P0006,72,20,0
2024-11-13,S003,P0007,63,20,0
2024-11-13,S003,P0008,97,20,0
2024-11-13,S003,P0009,36,20,0
2024-11-13,S003,P0010,71,20,0
2024-11-13,S004,P0001,103,20,0
2024-11-13,S004,P0002,111,20,0
2024-11-13,S004,P0003,67,20,0
2024-11-13,S004,P0004,46,20,0
2024-11-13,S004,P0005,43,20,0
2024-11-13,S004,P0006,70,20,0
2024-11-13,S004,P0007,108,20,0
2024-11-13,S004,P0008,92,20,0
2024-11-13,S004,P0009,30,20,0
2024-11-13,S004,P0010,37,20,0
2024-11-13,S005,P0001,42,20,0
2024-11-13,S005,P0002,65,20,0
2024-11-13,S005,P0003,97,20,0
2024-11-13,S005,P0004,54,20,0
2024-11-13,S005,P0005,107,20,0
2024-11-13,S005,P0006,109,20,0
2024-11-13,S005,P0007,98,20,0
2024-11-13,S005,P0008,42,20,0
2024-11-13,S005,P0009,70,20,0
2024-11-13,S005,P0010,30,20,0
2024-11-14,S001,P0001,89,20,0
2024-11-14,S001,P0002,81,20,0
2024-11-14,S001,P0003,76,20,0
2024-11-14,S001,P0004,42,20,0
2024-11-14,S001,P0005,87,20,0
2024-11-14,S001,P0006,80,20,0
2024-11-14,S001,P0007,98,20,0
2024-11-14,S001,P0008,87,20,0
2024-11-14,S001,P0009,22,20,0
2024-11-14,S001,P0010,54,20,0
2024-11-14,S002,P0001,43,20,0
2024-11-14,S002,P0002,116,20,0
2024-11-14,S002,P0003,104,20,0
2024-11-14,S002,P0004,35,20,0
2024-11-14,S002,P0005,54,20,0
2024-11-14,S002,P0006,32,20,0
2024-11-14,S002,P0007,21,20,0
2024-11-14,S002,P0008,72,20,0
2024-11-14,S002,P0009,116,20,0
2024-11-14,S002,P0010,39,20,0
2024-11-14,S003,P0001,38,20,0
2024-11-14,S003,P0002,116,20,0
2024-11-14,S003,P0003,76,20,0
2024-11-14,S003,P0004,38,20,0
2024-11-14,S003,P0005,32,20,0
2024-11-14,S003,P0006,71,20,0
2024-11-14,S003,P0007,63,20,0
2024-11-14,S003,P0008,97,20,0
2024-11-14,S003,P0009,33,20,0
2024-11-14,S003,P0010,70,20,0
2024-11-14,S004,P0001,102,20,0
2024-11-14,S004,P0002,108,20,0
2024-11-14,S004,P0003,67,20,0
2024-11-14,S004,P0004,43,20,0
2024-11-14,S004,P0005,41,20,0
2024-11-14,S004,P0006,70,20,0
2024-11-14,S004,P0007,108,20,0
2024-11-14,S004,P0008,92,20,0
2024-11-14,S004,P0009,26,20,0
2024-11-14,S004,P0010,35,20,0
2024-11-14,S005,P0001,41,20,0
2024-11-14,S005,P0002,64,20,0
2024-11-14,S005,P0003,94,20,0
2024-11-14,S005,P0004,54,20,0
2024-11-14,S005,P0005,104,20,0
2024-11-14,S005,P0006,109,20,0
2024-11-14,S005,P0007,98,20,0
2024-11-14,S005,P0008,42,20,0
2024-11-14,S005,P0009,69,20,0
2024-11-14,S005,P0010,28,20,0
2024-11-15,S001,P0001,89,20,0
2024-11-15,S001,P0002,78,20,0
2024-11-15,S001,P0003,74,20,0
2024-11-15,S001,P0004,40,20,0
2024-11-15,S001,P0005,83,20,0
2024-11-15,S001,P0006,80,20,0
2024-11-15,S001,P0007,97,20,0
2024-11-15,S001,P0008,86,20,0
2024-11-15,S001,P0009,22,20,0
2024-11-15,S001,P0010,54,20,0
2024-11-15,S002,P0001,43,20,0
2024-11-15,S002,P0002,114,20,0
2024-11-15,S002,P0003,103,20,0
2024-11-15,S002,P0004,35,20,0
2024-11-15,S002,P0005,52,20,0
2024-11-15,S002,P0006,32,20,0
2024-11-15,S002,P0007,21,20,0
2024-11-15,S002,P0008,71,20,0
2024-11-15,S002,P0009,112,20,0
2024-11-15,S002,P0010,38,20,0
2024-11-15,S003,P0001,38,20,0
2024-11-15,S003,P0002,114,20,0
2024-11-15,S003,P0003,75,20,0
2024-11-15,S003,P0004,38,20,0
2024-11-15,S003,P0005,29,20,0
2024-11-15,S003,P0006,70,20,0
2024-11-15,S003,P0007,63,20,0
2024-11-15,S003,P0008,96,20,0
2024-11-15,S003,P0009,31,20,0
2024-11-15,S003,P0010,66,20,0
2024-11-15,S004,P0001,100,20,0
2024-11-15,S004,P0002,107,20,0
2024-11-15,S004,P0003,67,20,0
2024-11-15,S004,P0004,43,20,0
2024-11-15,S004,P0005,40,20,0
2024-11-15,S004,P0006,69,20,0
2024-11-15,S004,P0007,108,20,0
2024-11-15,S004,P0008,89,20,0
2024-11-15,S004,P0009,23,20,0
2024-11-15,S004,P0010,33,20,0
2024-11-15,S005,P0001,39,20,0
2024-11-15,S005,P0002,63,20,0
2024-11-15,S005,P0003,93,20,0
2024-11-15,S005,P0004,53,20,0
2024-11-15,S005,P0005,103,20,0
2024-11-15,S005,P0006,109,20,0
2024-11-15,S005,P0007,97,20,0
2024-11-15,S005,P0008,42,20,0
2024-11-15,S005,P0009,69,20,0
2024-11-15,S005,P0010,28,20,0
2024-11-16,S001,P0001,89,20,0
2024-11-16,S001,P0002,78,20,0
2024-11-16,S001,P0003,74,20,0
2024-11-16,S001,P0004,39,20,0
2024-11-16,S001,P0005,79,20,0
2024-11-16,S001,P0006,78,20,0
2024-11-16,S001,P0007,95,20,0
2024-11-16,S001,P0008,84,20,0
2024-11-16,S001,P0009,22,20,0
2024-11-16,S001,P0010,53,20,0
2024-11-16,S002,P0001,42,20,0
2024-11-16,S002,P0002,113,20,0
2024-11-16,S002,P0003,101,20,0
2024-11-16,S002,P0004,34,20,0
2024-11-16,S002,P0005,48,20,0
2024-11-16,S002,P0006,32,20,0
2024-11-16,S002,P0007,20,20,0
2024-11-16,S002,P0008,69,20,0
2024-11-16,S002,P0009,111,20,0
2024-11-16,S002,P0010,37,20,0
2024-11-16,S003,P0001,38,20,0
2024-11-16,S003,P0002,113,20,0
2024-11-16,S003,P0003,74,20,0
2024-11-16,S003,P0004,37,20,0
2024-11-16,S003,P0005,26,20,0
2024-11-16,S003,P0006,70,20,0
2024-11-16,S003,P0007,63,20,0
2024-11-16,S003,P0008,95,20,0
2024-11-16,S003,P0009,28,20,0
2024-11-16,S003,P0010,64,20,0
2024-11-16,S004,P0001,100,20,0
2024-11-16,S004,P0002,105,20,0
2024-11-16,S004,P0003,65,20,0
2024-11-16,S004,P0004,42,20,0
2024-11-16,S004,P0005,37,20,0
2024-11-16,S004,P0006,69,20,0
2024-11-16,S004,P0007,107,20,0
2024-11-16,S004,P0008,88,20,0
2024-11-16,S004,P0009,21,20,0
2024-11-16,S004,P0010,33,20,0
2024-11-16,S005,P0001,37,20,0
2024-11-16,S005,P0002,62,20,0
2024-11-16,S005,P0003,91,20,0
2024-11-16,S005,P0004,53,20,0
2024-11-16,S005,P0005,100,20,0
2024-11-16,S005,P0006,109,20,0
2024-11-16,S005,P0007,95,20,0
2024-11-16,S005,P0008,42,20,0
2024-11-16,S005,P0009,68,20,0
2024-11-16,S005,P0010,26,20,0
2024-11-17,S001,P0001,88,20,0
2024-11-17,S001,P0002,74,20,0
2024-11-17,S001,P0003,73,20,0
2024-11-17,S001,P0004,39,20,0
2024-11-17,S001,P0005,76,20,0
2024-11-17,S001,P0006,78,20,0
2024-11-17,S001,P0007,95,20,0
2024-11-17,S001,P0008,83,20,0
2024-11-17,S001,P0009,20,20,0
2024-11-17,S001,P0010,53,20,0
2024-11-17,S002,P0001,41,20,0
2024-11-17,S002,P0002,112,20,0
2024-11-17,S002,P0003,99,20,0
2024-11-17,S002,P0004,34,20,0
2024-11-17,S002,P0005,45,20,0
2024-11-17,S002,P0006,31,20,0
2024-11-17,S002,P0007,119,20,0
2024-11-17,S002,P0008,68,20,0
2024-11-17,S002,P0009,111,20,0
2024-11-17,S002,P0010,34,20,0
2024-11-17,S003,P0001,37,20,0
2024-11-17,S003,P0002,110,20,0
2024-11-17,S003,P0003,74,20,0
2024-11-17,S003,P0004,35,20,0
2024-11-17,S003,P0005,23,20,0
2024-11-17,S003,P0006,70,20,0
2024-11-17,S003,P0007,62,20,0
2024-11-17,S003,P0008,94,20,0
2024-11-17,S003,P0009,25,20,0
2024-11-17,S003,P0010,62,20,0
2024-11-17,S004,P0001,98,20,0
2024-11-17,S004,P0002,105,20,0
2024-11-17,S004,P0003,64,20,0
2024-11-17,S004,P0004,41,20,0
2024-11-17,S004,P0005,37,20,0
2024-11-17,S004,P0006,68,20,0
2024-11-17,S004,P0007,105,20,0
2024-11-17,S004,P0008,87,20,0
2024-11-17,S004,P0009,119,20,0
2024-11-17,S004,P0010,32,20,0
2024-11-17,S005,P0001,32,20,0
2024-11-17,S005,P0002,60,20,0
2024-11-17,S005,P0003,90,20,0
2024-11-17,S005,P0004,53,20,0
2024-11-17,S005,P0005,98,20,0
2024-11-17,S005,P0006,108,20,0
2024-11-17,S005,P0007,94,20,0
2024-11-17,S005,P0008,42,20,0
2024-11-17,S005,P0009,66,20,0
2024-11-17,S005,P0010,26,20,0
2024-11-18,S001,P0001,86,20,0
2024-11-18,S001,P0002,73,20,0
2024-11-18,S001,P0003,73,20,0
2024-11-18,S001,P0004,36,20,0
2024-11-18,S001,P0005,76,20,0
2024-11-18,S001,P0006,78,20,0
2024-11-18,S001,P0007,92,20,0
2024-11-18,S001,P0008,83,20,0
2024-11-18,S001,P0009,119,20,0
2024-11-18,S001,P0010,51,20,0
2024-11-18,S002,P0001,39,20,0
2024-11-18,S002,P0002,110,20,0
2024-11-18,S002,P0003,98,20,0
2024-11-18,S002,P0004,33,20,0
2024-11-18,S002,P0005,41,20,0
2024-11-18,S002,P0006,31,20,0
2024-11-18,S002,P0007,119,20,0
2024-11-18,S002,P0008,68,20,0
2024-11-18,S002,P0009,109,20,0
2024-11-18,S002,P0010,32,20,0
2024-11-18,S003,P0001,36,20,0
2024-11-18,S003,P0002,110,20,0
2024-11-18,S003,P0003,72,20,0
2024-11-18,S003,P0004,34,20,0
2024-11-18,S003,P0005,118,20,0
2024-11-18,S003,P0006,70,20,0
2024-11-18,S003,P0007,62,20,0
2024-11-18,S003,P0008,91,20,0
2024-11-18,S003,P0009,23,20,0
2024-11-18,S003,P0010,62,20,0
2024-11-18,S004,P0001,97,20,0
2024-11-18,S004,P0002,104,20,0
2024-11-18,S004,P0003,64,20,0
2024-11-18,S004,P0004,39,20,0
2024-11-18,S004,P0005,34,20,0
2024-11-18,S004,P0006,68,20,0
2024-11-18,S004,P0007,105,20,0
2024-11-18,S004,P0008,87,20,0
2024-11-18,S004,P0009,115,20,0
2024-11-18,S004,P0010,32,20,0
2024-11-18,S005,P0001,31,20,0
2024-11-18,S005,P0002,60,20,0
2024-11-18,S005,P0003,88,20,0
2024-11-18,S005,P0004,52,20,0
2024-11-18,S005,P0005,96,20,0
2024-11-18,S005,P0006,108,20,0
2024-11-18,S005,P0007,92,20,0
2024-11-18,S005,P0008,40,20,0
2024-11-18,S005,P0009,62,20,0
2024-11-18,S005,P0010,24,20,0
2024-11-19,S001,P0001,83,20,0
2024-11-19,S001,P0002,73,20,0
2024-11-19,S001,P0003,71,20,0
2024-11-19,S001,P0004,35,20,0
2024-11-19,S001,P0005,74,20,0
2024-11-19,S001,P0006,78,20,0
2024-11-19,S001,P0007,92,20,0
2024-11-19,S001,P0008,81,20,0
2024-11-19,S001,P0009,117,20,0
2024-11-19,S001,P0010,50,20,0
2024-11-19,S002,P0001,37,20,0
2024-11-19,S002,P0002,108,20,0
2024-11-19,S002,P0003,94,20,0
2024-11-19,S002,P0004,32,20,0
2024-11-19,S002,P0005,39,20,0
2024-11-19,S002,P0006,31,20,0
2024-11-19,S002,P0007,113,20,0
2024-11-19,S002,P0008,66,20,0
2024-11-19,S002,P0009,107,20,0
2024-11-19,S002,P0010,32,20,0
2024-11-19,S003,P0001,35,20,0
2024-11-19,S003,P0002,110,20,0
2024-11-19,S003,P0003,70,20,0
2024-11-19,S003,P0004,33,20,0
2024-11-19,S003,P0005,115,20,0
2024-11-19,S003,P0006,70,20,0
2024-11-19,S003,P0007,62,20,0
2024-11-19,S003,P0008,90,20,0
2024-11-19,S003,P0009,21,20,0
2024-11-19,S003,P0010,62,20,0
2024-11-19,S004,P0001,96,20,0
2024-11-19,S004,P0002,104,20,0
2024-11-19,S004,P0003,60,20,0
2024-11-19,S004,P0004,38,20,0
2024-11-19,S004,P0005,33,20,0
2024-11-19,S004,P0006,67,20,0
2024-11-19,S004,P0007,103,20,0
2024-11-19,S004,P0008,87,20,0
2024-11-19,S004,P0009,114,20,0
2024-11-19,S004,P0010,31,20,0
2024-11-19,S005,P0001,31,20,0
2024-11-19,S005,P0002,60,20,0
2024-11-19,S005,P0003,86,20,0
2024-11-19,S005,P0004,52,20,0
2024-11-19,S005,P0005,92,20,0
2024-11-19,S005,P0006,108,20,0
2024-11-19,S005,P0007,91,20,0
2024-11-19,S005,P0008,38,20,0
2024-11-19,S005,P0009,61,20,0
2024-11-19,S005,P0010,24,20,0
2024-11-20,S001,P0001,83,20,0
2024-11-20,S001,P0002,72,20,0
2024-11-20,S001,P0003,71,20,0
2024-11-20,S001,P0004,34,20,0
2024-11-20,S001,P0005,73,20,0
2024-11-20,S001,P0006,78,20,0
2024-11-20,S001,P0007,91,20,0
2024-11-20,S001,P0008,81,20,0
2024-11-20,S001,P0009,115,20,0
2024-11-20,S001,P0010,48,20,0
2024-11-20,S002,P0001,36,20,0
2024-11-20,S002,P0002,108,20,0
2024-11-20,S002,P0003,91,20,0
2024-11-20,S002,P0004,32,20,0
2024-11-20,S002,P0005,36,20,0
2024-11-20,S002,P0006,31,20,0
2024-11-20,S002,P0007,112,20,0
2024-11-20,S002,P0008,65,20,0
2024-11-20,S002,P0009,104,20,0
2024-11-20,S002,P0010,30,20,0
2024-11-20,S003,P0001,34,20,0
2024-11-20,S003,P0002,109,20,0
2024-11-20,S003,P0003,70,20,0
2024-11-20,S003,P0004,33,20,0
2024-11-20,S003,P0005,114,20,0
2024-11-20,S003,P0006,70,20,0
2024-11-20,S003,P0007,61,20,0
2024-11-20,S003,P0008,90,20,0
2024-11-20,S003,P0009,117,20,0
2024-11-20,S003,P0010,62,20,0
2024-11-20,S004,P0001,94,20,0
2024-11-20,S004,P0002,103,20,0
2024-11-20,S004,P0003,59,20,0
2024-11-20,S004,P0004,38,20,0
2024-11-20,S004,P0005,32,20,0
2024-11-20,S004,P0006,67,20,0
2024-11-20,S004,P0007,100,20,0
2024-11-20,S004,P0008,86,20,0
2024-11-20,S004,P0009,112,20,0
2024-11-20,S004,P0010,28,20,0
2024-11-20,S005,P0001,31,20,0
2024-11-20,S005,P0002,58,20,0
2024-11-20,S005,P0003,85,20,0
2024-11-20,S005,P0004,49,20,0
2024-11-20,S005,P0005,90,20,0
2024-11-20,S005,P0006,108,20,0
2024-11-20,S005,P0007,90,20,0
2024-11-20,S005,P0008,34,20,0
2024-11-20,S005,P0009,59,20,0
2024-11-20,S005,P0010,23,20,0
2024-11-21,S001,P0001,82,20,0
2024-11-21,S001,P0002,72,20,0
2024-11-21,S001,P0003,71,20,0
2024-11-21,S001,P0004,33,20,0
2024-11-21,S001,P0005,72,20,0
2024-11-21,S001,P0006,77,20,0
2024-11-21,S001,P0007,91,20,0
2024-11-21,S001,P0008,80,20,0
2024-11-21,S001,P0009,113,20,0
2024-11-21,S001,P0010,46,20,0
2024-11-21,S002,P0001,36,20,0
2024-11-21,S002,P0002,106,20,0
2024-11-21,S002,P0003,91,20,0
2024-11-21,S002,P0004,32,20,0
2024-11-21,S002,P0005,30,20,0
2024-11-21,S002,P0006,31,20,0
2024-11-21,S002,P0007,112,20,0
2024-11-21,S002,P0008,63,20,0
2024-11-21,S002,P0009,103,20,0
2024-11-21,S002,P0010,27,20,0
2024-11-21,S003,P0001,33,20,0
2024-11-21,S003,P0002,109,20,0
2024-11-21,S003,P0003,68,20,0
2024-11-21,S003,P0004,32,20,0
2024-11-21,S003,P0005,110,20,0
2024-11-21,S003,P0006,70,20,0
2024-11-21,S003,P0007,59,20,0
2024-11-21,S003,P0008,89,20,0
2024-11-21,S003,P0009,113,20,0
2024-11-21,S003,P0010,62,20,0
2024-11-21,S004,P0001,91,20,0
2024-11-21,S004,P0002,97,20,0
2024-11-21,S004,P0003,58,20,0
2024-11-21,S004,P0004,34,20,0
2024-11-21,S004,P0005,30,20,0
2024-11-21,S004,P0006,65,20,0
2024-11-21,S004,P0007,100,20,0
2024-11-21,S004,P0008,86,20,0
2024-11-21,S004,P0009,112,20,0
2024-11-21,S004,P0010,27,20,0
2024-11-21,S005,P0001,31,20,0
2024-11-21,S005,P0002,55,20,0
2024-11-21,S005,P0003,85,20,0
2024-11-21,S005,P0004,47,20,0
2024-11-21,S005,P0005,90,20,0
2024-11-21,S005,P0006,108,20,0
2024-11-21,S005,P0007,90,20,0
2024-11-21,S005,P0008,32,20,0
2024-11-21,S005,P0009,59,20,0
2024-11-21,S005,P0010,22,20,0
2024-11-22,S001,P0001,79,20,0
2024-11-22,S001,P0002,65,20,0
2024-11-22,S001,P0003,67,20,0
2024-11-22,S001,P0004,28,20,0
2024-11-22,S001,P0005,66,20,0
2024-11-22,S001,P0006,75,20,0
2024-11-22,S001,P0007,85,20,0
2024-11-22,S001,P0008,75,20,0
2024-11-22,S001,P0009,106,20,0
2024-11-22,S001,P0010,44,20,0
2024-11-22,S002,P0001,31,20,0
2024-11-22,S002,P0002,102,20,0
2024-11-22,S002,P0003,88,20,0
2024-11-22,S002,P0004,30,20,0
2024-11-22,S002,P0005,113,20,0
2024-11-22,S002,P0006,28,20,0
2024-11-22,S002,P0007,111,20,0
2024-11-22,S002,P0008,60,20,0
2024-11-22,S002,P0009,100,20,0
2024-11-22,S002,P0010,26,20,0
2024-11-22,S003,P0001,25,20,0
2024-11-22,S003,P0002,105,20,0
2024-11-22,S003,P0003,65,20,0
2024-11-22,S003,P0004,27,20,0
2024-11-22,S003,P0005,104,20,0
2024-11-22,S003,P0006,66,20,0
2024-11-22,S003,P0007,52,20,0
2024-11-22,S003,P0008,87,20,0
2024-11-22,S003,P0009,110,20,0
2024-11-22,S003,P0010,56,20,0
2024-11-22,S004,P0001,89,20,0
2024-11-22,S004,P0002,95,20,0
2024-11-22,S004,P0003,55,20,0
2024-11-22,S004,P0004,30,20,0
2024-11-22,S004,P0005,25,20,0
2024-11-22,S004,P0006,63,20,0
2024-11-22,S004,P0007,99,20,0
2024-11-22,S004,P0008,82,20,0
2024-11-22,S004,P0009,106,20,0
2024-11-22,S004,P0010,24,20,0
2024-11-22,S005,P0001,26,20,0
2024-11-22,S005,P0002,49,20,0
2024-11-22,S005,P0003,81,20,0
2024-11-22,S005,P0004,44,20,0
2024-11-22,S005,P0005,79,20,0
2024-11-22,S005,P0006,108,20,0
2024-11-22,S005,P0007,85,20,0
2024-11-22,S005,P0008,28,20,0
2024-11-22,S005,P0009,54,20,0
2024-11-22,S005,P0010,119,20,0
2024-11-23,S001,P0001,77,20,0
2024-11-23,S001,P0002,57,20,0
2024-11-23,S001,P0003,62,20,0
2024-11-23,S001,P0004,20,20,0
2024-11-23,S001,P0005,59,20,0
2024-11-23,S001,P0006,72,20,0
2024-11-23,S001,P0007,80,20,0
2024-11-23,S001,P0008,69,20,0
2024-11-23,S001,P0009,97,20,0
2024-11-23,S001,P0010,38,20,0
2024-11-23,S002,P0001,29,20,0
2024-11-23,S002,P0002,96,20,0
2024-11-23,S002,P0003,84,20,0
2024-11-23,S002,P0004,28,20,0
2024-11-23,S002,P0005,103,20,0
2024-11-23,S002,P0006,23,20,0
2024-11-23,S002,P0007,110,20,0
2024-11-23,S002,P0008,55,20,0
2024-11-23,S002,P0009,96,20,0
2024-11-23,S002,P0010,20,20,0
2024-11-23,S003,P0001,22,20,0
2024-11-23,S003,P0002,100,20,0
2024-11-23,S003,P0003,62,20,0
2024-11-23,S003,P0004,24,20,0
2024-11-23,S003,P0005,98,20,0
2024-11-23,S003,P0006,64,20,0
2024-11-23,S003,P0007,49,20,0
2024-11-23,S003,P0008,83,20,0
2024-11-23,S003,P0009,103,20,0
2024-11-23,S003,P0010,52,20,0
2024-11-23,S004,P0001,86,20,0
2024-11-23,S004,P0002,91,20,0
2024-11-23,S004,P0003,50,20,0
2024-11-23,S004,P0004,27,20,0
2024-11-23,S004,P0005,115,20,0
2024-11-23,S004,P0006,61,20,0
2024-11-23,S004,P0007,95,20,0
2024-11-23,S004,P0008,80,20,0
2024-11-23,S004,P0009,101,20,0
2024-11-23,S004,P0010,20,20,0
2024-11-23,S005,P0001,21,20,0
2024-11-23,S005,P0002,40,20,0
2024-11-23,S005,P0003,74,20,0
2024-11-23,S005,P0004,39,20,0
2024-11-23,S005,P0005,71,20,0
2024-11-23,S005,P0006,105,20,0
2024-11-23,S005,P0007,84,20,0
2024-11-23,S005,P0008,24,20,0
2024-11-23,S005,P0009,49,20,0
2024-11-23,S005,P0010,118,20,0
2024-11-24,S001,P0001,76,20,0
2024-11-24,S001,P0002,53,20,0
2024-11-24,S001,P0003,59,20,0
2024-11-24,S001,P0004,119,20,0
2024-11-24,S001,P0005,51,20,0
2024-11-24,S001,P0006,70,20,0
2024-11-24,S001,P0007,74,20,0
2024-11-24,S001,P0008,68,20,0
2024-11-24,S001,P0009,93,20,0
2024-11-24,S001,P0010,35,20,0
2024-11-24,S002,P0001,22,20,0
2024-11-24,S002,P0002,89,20,0
2024-11-24,S002,P0003,82,20,0
2024-11-24,S002,P0004,27,20,0
2024-11-24,S002,P0005,96,20,0
2024-11-24,S002,P0006,118,20,0
2024-11-24,S002,P0007,109,20,0
2024-11-24,S002,P0008,54,20,0
2024-11-24,S002,P0009,90,20,0
2024-11-24,S002,P0010,115,20,0
2024-11-24,S003,P0001,118,20,0
2024-11-24,S003,P0002,93,20,0
2024-11-24,S003,P0003,61,20,0
2024-11-24,S003,P0004,117,20,0
2024-11-24,S003,P0005,88,20,0
2024-11-24,S003,P0006,63,20,0
2024-11-24,S003,P0007,45,20,0
2024-11-24,S003,P0008,78,20,0
2024-11-24,S003,P0009,97,20,0
2024-11-24,S003,P0010,47,20,0
2024-11-24,S004,P0001,81,20,0
2024-11-24,S004,P0002,82,20,0
2024-11-24,S004,P0003,47,20,0
2024-11-24,S004,P0004,23,20,0
2024-11-24,S004,P0005,110,20,0
2024-11-24,S004,P0006,59,20,0
2024-11-24,S004,P0007,91,20,0
2024-11-24,S004,P0008,75,20,0
2024-11-24,S004,P0009,96,20,0
2024-11-24,S004,P0010,112,20,0
2024-11-24,S005,P0001,114,20,0
2024-11-24,S005,P0002,35,20,0
2024-11-24,S005,P0003,71,20,0
2024-11-24,S005,P0004,31,20,0
2024-11-24,S005,P0005,59,20,0
2024-11-24,S005,P0006,103,20,0
2024-11-24,S005,P0007,78,20,0
2024-11-24,S005,P0008,23,20,0
2024-11-24,S005,P0009,40,20,0
2024-11-24,S005,P0010,112,20,0
2024-11-25,S001,P0001,73,20,0
2024-11-25,S001,P0002,49,20,0
2024-11-25,S001,P0003,54,20,0
2024-11-25,S001,P0004,113,20,0
2024-11-25,S001,P0005,41,20,0
2024-11-25,S001,P0006,68,20,0
2024-11-25,S001,P0007,72,20,0
2024-11-25,S001,P0008,62,20,0
2024-11-25,S001,P0009,86,20,0
2024-11-25,S001,P0010,31,20,0
2024-11-25,S002,P0001,112,20,0
2024-11-25,S002,P0002,80,20,0
2024-11-25,S002,P0003,80,20,0
2024-11-25,S002,P0004,25,20,0
2024-11-25,S002,P0005,87,20,0
2024-11-25,S002,P0006,116,20,0
2024-11-25,S002,P0007,105,20,0
2024-11-25,S002,P0008,51,20,0
2024-11-25,S002,P0009,87,20,0
2024-11-25,S002,P0010,112,20,0
2024-11-25,S003,P0001,111,20,0
2024-11-25,S003,P0002,87,20,0
2024-11-25,S003,P0003,56,20,0
2024-11-25,S003,P0004,111,20,0
2024-11-25,S003,P0005,83,20,0
2024-11-25,S003,P0006,61,20,0
2024-11-25,S003,P0007,41,20,0
2024-11-25,S003,P0008,77,20,0
2024-11-25,S003,P0009,90,20,0
2024-11-25,S003,P0010,42,20,0
2024-11-25,S004,P0001,75,20,0
2024-11-25,S004,P0002,76,20,0
2024-11-25,S004,P0003,47,20,0
2024-11-25,S004,P0004,119,20,0
2024-11-25,S004,P0005,105,20,0
2024-11-25,S004,P0006,57,20,0
2024-11-25,S004,P0007,86,20,0
2024-11-25,S004,P0008,71,20,0
2024-11-25,S004,P0009,94,20,0
2024-11-25,S004,P0010,110,20,0
2024-11-25,S005,P0001,106,20,0
2024-11-25,S005,P0002,30,20,0
2024-11-25,S005,P0003,66,20,0
2024-11-25,S005,P0004,31,20,0
2024-11-25,S005,P0005,53,20,0
2024-11-25,S005,P0006,99,20,0
2024-11-25,S005,P0007,77,20,0
2024-11-25,S005,P0008,115,20,0
2024-11-25,S005,P0009,36,20,0
2024-11-25,S005,P0010,108,20,0
2024-11-26,S001,P0001,67,20,0
2024-11-26,S001,P0002,42,20,0
2024-11-26,S001,P0003,48,20,0
2024-11-26,S001,P0004,112,20,0
2024-11-26,S001,P0005,26,20,0
2024-11-26,S001,P0006,60,20,0
2024-11-26,S001,P0007,67,20,0
2024-11-26,S001,P0008,55,20,0
2024-11-26,S001,P0009,78,20,0
2024-11-26,S001,P0010,30,20,0
2024-11-26,S002,P0001,108,20,0
2024-11-26,S002,P0002,77,20,0
2024-11-26,S002,P0003,75,20,0
2024-11-26,S002,P0004,21,20,0
2024-11-26,S002,P0005,77,20,0
2024-11-26,S002,P0006,114,20,0
2024-11-26,S002,P0007,100,20,0
2024-11-26,S002,P0008,43,20,0
2024-11-26,S002,P0009,81,20,0
2024-11-26,S002,P0010,111,20,0
2024-11-26,S003,P0001,110,20,0
2024-11-26,S003,P0002,79,20,0
2024-11-26,S003,P0003,50,20,0
2024-11-26,S003,P0004,107,20,0
2024-11-26,S003,P0005,73,20,0
2024-11-26,S003,P0006,58,20,0
2024-11-26,S003,P0007,38,20,0
2024-11-26,S003,P0008,70,20,0
2024-11-26,S003,P0009,83,20,0
2024-11-26,S003,P0010,37,20,0
2024-11-26,S004,P0001,71,20,0
2024-11-26,S004,P0002,72,20,0
2024-11-26,S004,P0003,42,20,0
2024-11-26,S004,P0004,114,20,0
2024-11-26,S004,P0005,99,20,0
2024-11-26,S004,P0006,56,20,0
2024-11-26,S004,P0007,82,20,0
2024-11-26,S004,P0008,68,20,0
2024-11-26,S004,P0009,86,20,0
2024-11-26,S004,P0010,104,20,0
2024-11-26,S005,P0001,101,20,0
2024-11-26,S005,P0002,119,20,0
2024-11-26,S005,P0003,64,20,0
2024-11-26,S005,P0004,28,20,0
2024-11-26,S005,P0005,45,20,0
2024-11-26,S005,P0006,97,20,0
2024-11-26,S005,P0007,70,20,0
2024-11-26,S005,P0008,106,20,0
2024-11-26,S005,P0009,31,20,0
2024-11-26,S005,P0010,100,20,0
2024-11-27,S001,P0001,61,20,0
2024-11-27,S001,P0002,35,20,0
2024-11-27,S001,P0003,45,20,0
2024-11-27,S001,P0004,108,20,0
2024-11-27,S001,P0005,117,20,0
2024-11-27,S001,P0006,58,20,0
2024-11-27,S001,P0007,62,20,0
2024-11-27,S001,P0008,50,20,0
2024-11-27,S001,P0009,72,20,0
2024-11-27,S001,P0010,21,20,0
2024-11-27,S002,P0001,102,20,0
2024-11-27,S002,P0002,73,20,0
2024-11-27,S002,P0003,70,20,0
2024-11-27,S002,P0004,21,20,0
2024-11-27,S002,P0005,66,20,0
2024-11-27,S002,P0006,111,20,0
2024-11-27,S002,P0007,97,20,0
2024-11-27,S002,P0008,38,20,0
2024-11-27,S002,P0009,79,20,0
2024-11-27,S002,P0010,106,20,0
2024-11-27,S003,P0001,102,20,0
2024-11-27,S003,P0002,75,20,0
2024-11-27,S003,P0003,45,20,0
2024-11-27,S003,P0004,106,20,0
2024-11-27,S003,P0005,66,20,0
2024-11-27,S003,P0006,56,20,0
2024-11-27,S003,P0007,37,20,0
2024-11-27,S003,P0008,66,20,0
2024-11-27,S003,P0009,78,20,0
2024-11-27,S003,P0010,34,20,0
2024-11-27,S004,P0001,65,20,0
2024-11-27,S004,P0002,71,20,0
2024-11-27,S004,P0003,32,20,0
2024-11-27,S004,P0004,108,20,0
2024-11-27,S004,P0005,97,20,0
2024-11-27,S004,P0006,53,20,0
2024-11-27,S004,P0007,77,20,0
2024-11-27,S004,P0008,64,20,0
2024-11-27,S004,P0009,77,20,0
2024-11-27,S004,P0010,102,20,0
2024-11-27,S005,P0001,96,20,0
2024-11-27,S005,P0002,113,20,0
2024-11-27,S005,P0003,62,20,0
2024-11-27,S005,P0004,24,20,0
2024-11-27,S005,P0005,40,20,0
2024-11-27,S005,P0006,93,20,0
2024-11-27,S005,P0007,68,20,0
2024-11-27,S005,P0008,101,20,0
2024-11-27,S005,P0009,22,20,0
2024-11-27,S005,P0010,99,20,0
2024-11-28,S001,P0001,56,20,0
2024-11-28,S001,P0002,30,20,0
2024-11-28,S001,P0003,42,20,0
2024-11-28,S001,P0004,106,20,0
2024-11-28,S001,P0005,110,20,0
2024-11-28,S001,P0006,54,20,0
2024-11-28,S001,P0007,61,20,0
2024-11-28,S001,P0008,45,20,0
2024-11-28,S001,P0009,61,20,0
2024-11-28,S001,P0010,112,20,0
2024-11-28,S002,P0001,96,20,0
2024-11-28,S002,P0002,65,20,0
2024-11-28,S002,P0003,64,20,0
2024-11-28,S002,P0004,116,20,0
2024-11-28,S002,P0005,57,20,0
2024-11-28,S002,P0006,107,20,0
2024-11-28,S002,P0007,90,20,0
2024-11-28,S002,P0008,31,20,0
2024-11-28,S002,P0009,71,20,0
2024-11-28,S002,P0010,101,20,0
2024-11-28,S003,P0001,98,20,0
2024-11-28,S003,P0002,65,20,0
2024-11-28,S003,P0003,41,20,0
2024-11-28,S003,P0004,104,20,0
2024-11-28,S003,P0005,61,20,0
2024-11-28,S003,P0006,56,20,0
2024-11-28,S003,P0007,34,20,0
2024-11-28,S003,P0008,63,20,0
2024-11-28,S003,P0009,70,20,0
2024-11-28,S003,P0010,26,20,0
2024-11-28,S004,P0001,61,20,0
2024-11-28,S004,P0002,66,20,0
2024-11-28,S004,P0003,28,20,0
2024-11-28,S004,P0004,105,20,0
2024-11-28,S004,P0005,88,20,0
2024-11-28,S004,P0006,51,20,0
2024-11-28,S004,P0007,71,20,0
2024-11-28,S004,P0008,62,20,0
2024-11-28,S004,P0009,70,20,0
2024-11-28,S004,P0010,98,20,0
2024-11-28,S005,P0001,90,20,0
2024-11-28,S005,P0002,102,20,0
2024-11-28,S005,P0003,60,20,0
2024-11-28,S005,P0004,23,20,0
2024-11-28,S005,P0005,31,20,0
2024-11-28,S005,P0006,89,20,0
2024-11-28,S005,P0007,65,20,0
2024-11-28,S005,P0008,96,20,0
2024-11-28,S005,P0009,116,20,0
2024-11-28,S005,P0010,98,20,0
2024-11-29,S001,P0001,50,20,0
2024-11-29,S001,P0002,27,20,0
2024-11-29,S001,P0003,36,20,0
2024-11-29,S001,P0004,105,20,0
2024-11-29,S001,P0005,96,20,0
2024-11-29,S001,P0006,51,20,0
2024-11-29,S001,P0007,59,20,0
2024-11-29,S001,P0008,42,20,0
2024-11-29,S001,P0009,58,20,0
2024-11-29,S001,P0010,109,20,0
2024-11-29,S002,P0001,90,20,0
2024-11-29,S002,P0002,60,20,0
2024-11-29,S002,P0003,56,20,0
2024-11-29,S002,P0004,115,20,0
2024-11-29,S002,P0005,51,20,0
2024-11-29,S002,P0006,103,20,0
2024-11-29,S002,P0007,86,20,0
2024-11-29,S002,P0008,29,20,0
2024-11-29,S002,P0009,66,20,0
2024-11-29,S002,P0010,97,20,0
2024-11-29,S003,P0001,96,20,0
2024-11-29,S003,P0002,59,20,0
2024-11-29,S003,P0003,35,20,0
2024-11-29,S003,P0004,98,20,0
2024-11-29,S003,P0005,44,20,0
2024-11-29,S003,P0006,55,20,0
2024-11-29,S003,P0007,26,20,0
2024-11-29,S003,P0008,59,20,0
2024-11-29,S003,P0009,66,20,0
2024-11-29,S003,P0010,24,20,0
2024-11-29,S004,P0001,58,20,0
2024-11-29,S004,P0002,57,20,0
2024-11-29,S004,P0003,23,20,0
2024-11-29,S004,P0004,102,20,0
2024-11-29,S004,P0005,82,20,0
2024-11-29,S004,P0006,49,20,0
2024-11-29,S004,P0007,69,20,0
2024-11-29,S004,P0008,58,20,0
2024-11-29,S004,P0009,63,20,0
2024-11-29,S004,P0010,96,20,0
2024-11-29,S005,P0001,84,20,0
2024-11-29,S005,P0002,96,20,0
2024-11-29,S005,P0003,55,20,0
2024-11-29,S005,P0004,117,20,0
2024-11-29,S005,P0005,29,20,0
2024-11-29,S005,P0006,88,20,0
2024-11-29,S005,P0007,58,20,0
2024-11-29,S005,P0008,93,20,0
2024-11-29,S005,P0009,111,20,0
2024-11-29,S005,P0010,96,20,0
2024-11-30,S001,P0001,47,20,0
2024-11-30,S001,P0002,20,20,0
2024-11-30,S001,P0003,30,20,0
2024-11-30,S001,P0004,102,20,0
2024-11-30,S001,P0005,89,20,0
2024-11-30,S001,P0006,47,20,0
2024-11-30,S001,P0007,57,20,0
2024-11-30,S001,P0008,37,20,0
2024-11-30,S001,P0009,49,20,0
2024-11-30,S001,P0010,104,20,0
2024-11-30,S002,P0001,86,20,0
2024-11-30,S002,P0002,53,20,0
2024-11-30,S002,P0003,55,20,0
2024-11-30,S002,P0004,113,20,0
2024-11-30,S002,P0005,41,20,0
2024-11-30,S002,P0006,102,20,0
2024-11-30,S002,P0007,84,20,0
2024-11-30,S002,P0008,24,20,0
2024-11-30,S002,P0009,63,20,0
2024-11-30,S002,P0010,90,20,0
2024-11-30,S003,P0001,92,20,0
2024-11-30,S003,P0002,54,20,0
2024-11-30,S003,P0003,29,20,0
2024-11-30,S003,P0004,91,20,0
2024-11-30,S003,P0005,35,20,0
2024-11-30,S003,P0006,55,20,0
2024-11-30,S003,P0007,23,20,0
2024-11-30,S003,P0008,55,20,0
2024-11-30,S003,P0009,61,20,0
2024-11-30,S003,P0010,20,20,0
2024-11-30,S004,P0001,56,20,0
2024-11-30,S004,P0002,50,20,0
2024-11-30,S004,P0003,20,20,0
2024-11-30,S004,P0004,99,20,0
2024-11-30,S004,P0005,76,20,0
2024-11-30,S004,P0006,48,20,0
2024-11-30,S004,P0007,62,20,0
2024-11-30,S004,P0008,54,20,0
2024-11-30,S004,P0009,53,20,0
2024-11-30,S004,P0010,94,20,0
2024-11-30,S005,P0001,78,20,0
2024-11-30,S005,P0002,91,20,0
2024-11-30,S005,P0003,51,20,0
2024-11-30,S005,P0004,113,20,0
2024-11-30,S005,P0005,115,20,0
2024-11-30,S005,P0006,86,20,0
2024-11-30,S005,P0007,57,20,0
2024-11-30,S005,P0008,92,20,0
2024-11-30,S005,P0009,102,20,0
2024-11-30,S005,P0010,91,20,0
2024-12-01,S001,P0001,45,20,0
2024-12-01,S001,P0002,114,20,0
2024-12-01,S001,P0003,26,20,0
2024-12-01,S001,P0004,102,20,0
2024-12-01,S001,P0005,80,20,0
2024-12-01,S001,P0006,46,20,0
2024-12-01,S001,P0007,53,20,0
2024-12-01,S001,P0008,32,20,0
2024-12-01,S001,P0009,41,20,0
2024-12-01,S001,P0010,102,20,0
2024-12-01,S002,P0001,84,20,0
2024-12-01,S002,P0002,48,20,0
2024-12-01,S002,P0003,52,20,0
2024-12-01,S002,P0004,112,20,0
2024-12-01,S002,P0005,33,20,0
2024-12-01,S002,P0006,101,20,0
2024-12-01,S002,P0007,81,20,0
2024-12-01,S002,P0008,116,20,0
2024-12-01,S002,P0009,54,20,0
2024-12-01,S002,P0010,88,20,0
2024-12-01,S003,P0001,84,20,0
2024-12-01,S003,P0002,52,20,0
2024-12-01,S003,P0003,25,20,0
2024-12-01,S003,P0004,88,20,0
2024-12-01,S003,P0005,23,20,0
2024-12-01,S003,P0006,53,20,0
2024-12-01,S003,P0007,119,20,0
2024-12-01,S003,P0008,47,20,0
2024-12-01,S003,P0009,60,20,0
2024-12-01,S003,P0010,118,20,0
2024-12-01,S004,P0001,50,20,0
2024-12-01,S004,P0002,46,20,0
2024-12-01,S004,P0003,116,20,0
2024-12-01,S004,P0004,94,20,0
2024-12-01,S004,P0005,66,20,0
2024-12-01,S004,P0006,43,20,0
2024-12-01,S004,P0007,58,20,0
2024-12-01,S004,P0008,49,20,0
2024-12-01,S004,P0009,52,20,0
2024-12-01,S004,P0010,92,20,0
2024-12-01,S005,P0001,72,20,0
2024-12-01,S005,P0002,87,20,0
2024-12-01,S005,P0003,47,20,0
2024-12-01,S005,P0004,111,20,0
2024-12-01,S005,P0005,108,20,0
2024-12-01,S005,P0006,82,20,0
2024-12-01,S005,P0007,54,20,0
2024-12-01,S005,P0008,85,20,0
2024-12-01,S005,P0009,99,20,0
2024-12-01,S005,P0010,89,20,0
2024-12-02,S001,P0001,37,20,0
2024-12-02,S001,P0002,108,20,0
2024-12-02,S001,P0003,20,20,0
2024-12-02,S001,P0004,99,20,0
2024-12-02,S001,P0005,75,20,0
2024-12-02,S001,P0006,44,20,0
2024-12-02,S001,P0007,50,20,0
2024-12-02,S001,P0008,29,20,0
2024-12-02,S001,P0009,35,20,0
2024-12-02,S001,P0010,95,20,0
2024-12-02,S002,P0001,80,20,0
2024-12-02,S002,P0002,43,20,0
2024-12-02,S002,P0003,42,20,0
2024-12-02,S002,P0004,106,20,0
2024-12-02,S002,P0005,114,20,0
2024-12-02,S002,P0006,101,20,0
2024-12-02,S002,P0007,76,20,0
2024-12-02,S002,P0008,111,20,0
2024-12-02,S002,P0009,47,20,0
2024-12-02,S002,P0010,82,20,0
2024-12-02,S003,P0001,74,20,0
2024-12-02,S003,P0002,48,20,0
2024-12-02,S003,P0003,21,20,0
2024-12-02,S003,P0004,84,20,0
2024-12-02,S003,P0005,111,20,0
2024-12-02,S003,P0006,50,20,0
2024-12-02,S003,P0007,116,20,0
2024-12-02,S003,P0008,43,20,0
2024-12-02,S003,P0009,57,20,0
2024-12-02,S003,P0010,111,20,0
2024-12-02,S004,P0001,43,20,0
2024-12-02,S004,P0002,41,20,0
2024-12-02,S004,P0003,112,20,0
2024-12-02,S004,P0004,92,20,0
2024-12-02,S004,P0005,57,20,0
2024-12-02,S004,P0006,43,20,0
2024-12-02,S004,P0007,56,20,0
2024-12-02,S004,P0008,43,20,0
2024-12-02,S004,P0009,48,20,0
2024-12-02,S004,P0010,86,20,0
2024-12-02,S005,P0001,70,20,0
2024-12-02,S005,P0002,80,20,0
2024-12-02,S005,P0003,43,20,0
2024-12-02,S005,P0004,109,20,0
2024-12-02,S005,P0005,100,20,0
2024-12-02,S005,P0006,81,20,0
2024-12-02,S005,P0007,52,20,0
2024-12-02,S005,P0008,77,20,0
2024-12-02,S005,P0009,93,20,0
2024-12-02,S005,P0010,83,20,0
2024-12-03,S001,P0001,33,20,0
2024-12-03,S001,P0002,103,20,0
2024-12-03,S001,P0003,114,20,0
2024-12-03,S001,P0004,96,20,0
2024-12-03,S001,P0005,65,20,0
2024-12-03,S001,P0006,40,20,0
2024-12-03,S001,P0007,49,20,0
2024-12-03,S001,P0008,26,20,0
2024-12-03,S001,P0009,31,20,0
2024-12-03,S001,P0010,92,20,0
2024-12-03,S002,P0001,74,20,0
2024-12-03,S002,P0002,39,20,0
2024-12-03,S002,P0003,36,20,0
2024-12-03,S002,P0004,104,20,0
2024-12-03,S002,P0005,103,20,0
2024-12-03,S002,P0006,98,20,0
2024-12-03,S002,P0007,74,20,0
2024-12-03,S002,P0008,108,20,0
2024-12-03,S002,P0009,41,20,0
2024-12-03,S002,P0010,78,20,0
2024-12-03,S003,P0001,69,20,0
2024-12-03,S003,P0002,39,20,0
2024-12-03,S003,P0003,115,20,0
2024-12-03,S003,P0004,82,20,0
2024-12-03,S003,P0005,106,20,0
2024-12-03,S003,P0006,50,20,0
2024-12-03,S003,P0007,113,20,0
2024-12-03,S003,P0008,37,20,0
2024-12-03,S003,P0009,48,20,0
2024-12-03,S003,P0010,105,20,0
2024-12-03,S004,P0001,35,20,0
2024-12-03,S004,P0002,38,20,0
2024-12-03,S004,P0003,110,20,0
2024-12-03,S004,P0004,89,20,0
2024-12-03,S004,P0005,48,20,0
2024-12-03,S004,P0006,40,20,0
2024-12-03,S004,P0007,51,20,0
2024-12-03,S004,P0008,40,20,0
2024-12-03,S004,P0009,45,20,0
2024-12-03,S004,P0010,85,20,0
2024-12-03,S005,P0001,63,20,0
2024-12-03,S005,P0002,75,20,0
2024-12-03,S005,P0003,40,20,0
2024-12-03,S005,P0004,107,20,0
2024-12-03,S005,P0005,96,20,0
2024-12-03,S005,P0006,80,20,0
2024-12-03,S005,P0007,50,20,0
2024-12-03,S005,P0008,73,20,0
2024-12-03,S005,P0009,86,20,0
2024-12-03,S005,P0010,78,20,0
2024-12-04,S001,P0001,26,20,0
2024-12-04,S001,P0002,98,20,0
2024-12-04,S001,P0003,112,20,0
2024-12-04,S001,P0004,94,20,0
2024-12-04,S001,P0005,58,20,0
2024-12-04,S001,P0006,36,20,0
2024-12-04,S001,P0007,46,20,0
2024-12-04,S001,P0008,22,20,0
2024-12-04,S001,P0009,24,20,0
2024-12-04,S001,P0010,91,20,0
2024-12-04,S002,P0001,73,20,0
2024-12-04,S002,P0002,30,20,0
2024-12-04,S002,P0003,35,20,0
2024-12-04,S002,P0004,100,20,0
2024-12-04,S002,P0005,99,20,0
2024-12-04,S002,P0006,95,20,0
2024-12-04,S002,P0007,70,20,0
2024-12-04,S002,P0008,103,20,0
2024-12-04,S002,P0009,37,20,0
2024-12-04,S002,P0010,72,20,0
2024-12-04,S003,P0001,65,20,0
2024-12-04,S003,P0002,31,20,0
2024-12-04,S003,P0003,110,20,0
2024-12-04,S003,P0004,79,20,0
2024-12-04,S003,P0005,95,20,0
2024-12-04,S003,P0006,46,20,0
2024-12-04,S003,P0007,108,20,0
2024-12-04,S003,P0008,31,20,0
2024-12-04,S003,P0009,41,20,0
2024-12-04,S003,P0010,103,20,0
2024-12-04,S004,P0001,31,20,0
2024-12-04,S004,P0002,31,20,0
2024-12-04,S004,P0003,107,20,0
2024-12-04,S004,P0004,86,20,0
2024-12-04,S004,P0005,38,20,0
2024-12-04,S004,P0006,37,20,0
2024-12-04,S004,P0007,49,20,0
2024-12-04,S004,P0008,39,20,0
2024-12-04,S004,P0009,34,20,0
2024-12-04,S004,P0010,82,20,0
2024-12-04,S005,P0001,56,20,0
2024-12-04,S005,P0002,68,20,0
2024-12-04,S005,P0003,36,20,0
2024-12-04,S005,P0004,106,20,0
2024-12-04,S005,P0005,88,20,0
2024-12-04,S005,P0006,80,20,0
2024-12-04,S005,P0007,47,20,0
2024-12-04,S005,P0008,72,20,0
2024-12-04,S005,P0009,79,20,0
2024-12-04,S005,P0010,74,20,0
2024-12-05,S001,P0001,20,20,0
2024-12-05,S001,P0002,91,20,0
2024-12-05,S001,P0003,109,20,0
2024-12-05,S001,P0004,93,20,0
2024-12-05,S001,P0005,48,20,0
2024-12-05,S001,P0006,35,20,0
2024-12-05,S001,P0007,41,20,0
2024-12-05,S001,P0008,118,20,0
2024-12-05,S001,P0009,115,20,0
2024-12-05,S001,P0010,84,20,0
2024-12-05,S002,P0001,71,20,0
2024-12-05,S002,P0002,25,20,0
2024-12-05,S002,P0003,31,20,0
2024-12-05,S002,P0004,99,20,0
2024-12-05,S002,P0005,94,20,0
2024-12-05,S002,P0006,93,20,0
2024-12-05,S002,P0007,65,20,0
2024-12-05,S002,P0008,96,20,0
2024-12-05,S002,P0009,30,20,0
2024-12-05,S002,P0010,65,20,0
2024-12-05,S003,P0001,60,20,0
2024-12-05,S003,P0002,29,20,0
2024-12-05,S003,P0003,106,20,0
2024-12-05,S003,P0004,77,20,0
2024-12-05,S003,P0005,87,20,0
2024-12-05,S003,P0006,45,20,0
2024-12-05,S003,P0007,104,20,0
2024-12-05,S003,P0008,27,20,0
2024-12-05,S003,P0009,40,20,0
2024-12-05,S003,P0010,98,20,0
2024-12-05,S004,P0001,28,20,0
2024-12-05,S004,P0002,23,20,0
2024-12-05,S004,P0003,105,20,0
2024-12-05,S004,P0004,85,20,0
2024-12-05,S004,P0005,28,20,0
2024-12-05,S004,P0006,36,20,0
2024-12-05,S004,P0007,47,20,0
2024-12-05,S004,P0008,35,20,0
2024-12-05,S004,P0009,31,20,0
2024-12-05,S004,P0010,78,20,0
2024-12-05,S005,P0001,52,20,0
2024-12-05,S005,P0002,65,20,0
2024-12-05,S005,P0003,29,20,0
2024-12-05,S005,P0004,103,20,0
2024-12-05,S005,P0005,81,20,0
2024-12-05,S005,P0006,76,20,0
2024-12-05,S005,P0007,44,20,0
2024-12-05,S005,P0008,67,20,0
2024-12-05,S005,P0009,73,20,0
2024-12-05,S005,P0010,69,20,0
2024-12-06,S001,P0001,116,20,0
2024-12-06,S001,P0002,89,20,0
2024-12-06,S001,P0003,102,20,0
2024-12-06,S001,P0004,91,20,0
2024-12-06,S001,P0005,43,20,0
2024-12-06,S001,P0006,32,20,0
2024-12-06,S001,P0007,40,20,0
2024-12-06,S001,P0008,117,20,0
2024-12-06,S001,P0009,107,20,0
2024-12-06,S001,P0010,80,20,0
2024-12-06,S002,P0001,65,20,0
2024-12-06,S002,P0002,24,20,0
2024-12-06,S002,P0003,26,20,0
2024-12-06,S002,P0004,92,20,0
2024-12-06,S002,P0005,89,20,0
2024-12-06,S002,P0006,93,20,0
2024-12-06,S002,P0007,63,20,0
2024-12-06,S002,P0008,92,20,0
2024-12-06,S002,P0009,22,20,0
2024-12-06,S002,P0010,59,20,0
2024-12-06,S003,P0001,55,20,0
2024-12-06,S003,P0002,20,20,0
2024-12-06,S003,P0003,100,20,0
2024-12-06,S003,P0004,74,20,0
2024-12-06,S003,P0005,69,20,0
2024-12-06,S003,P0006,42,20,0
2024-12-06,S003,P0007,102,20,0
2024-12-06,S003,P0008,23,20,0
2024-12-06,S003,P0009,36,20,0
2024-12-06,S003,P0010,92,20,0
2024-12-06,S004,P0001,23,20,0
2024-12-06,S004,P0002,118,20,0
2024-12-06,S004,P0003,98,20,0
2024-12-06,S004,P0004,80,20,0
2024-12-06,S004,P0005,119,20,0
2024-12-06,S004,P0006,36,20,0
2024-12-06,S004,P0007,42,20,0
2024-12-06,S004,P0008,33,20,0
2024-12-06,S004,P0009,27,20,0
2024-12-06,S004,P0010,71,20,0
2024-12-06,S005,P0001,44,20,0
2024-12-06,S005,P0002,57,20,0
2024-12-06,S005,P0003,27,20,0
2024-12-06,S005,P0004,99,20,0
2024-12-06,S005,P0005,75,20,0
2024-12-06,S005,P0006,74,20,0
2024-12-06,S005,P0007,41,20,0
2024-12-06,S005,P0008,65,20,0
2024-12-06,S005,P0009,69,20,0
2024-12-06,S005,P0010,66,20,0
2024-12-07,S001,P0001,113,20,0
2024-12-07,S001,P0002,85,20,0
2024-12-07,S001,P0003,95,20,0
2024-12-07,S001,P0004,88,20,0
2024-12-07,S001,P0005,35,20,0
2024-12-07,S001,P0006,28,20,0
2024-12-07,S001,P0007,37,20,0
2024-12-07,S001,P0008,113,20,0
2024-12-07,S001,P0009,99,20,0
2024-12-07,S001,P0010,77,20,0
2024-12-07,S002,P0001,63,20,0
2024-12-07,S002,P0002,115,20,0
2024-12-07,S002,P0003,20,20,0
2024-12-07,S002,P0004,88,20,0
2024-12-07,S002,P0005,79,20,0
2024-12-07,S002,P0006,93,20,0
2024-12-07,S002,P0007,59,20,0
2024-12-07,S002,P0008,89,20,0
2024-12-07,S002,P0009,114,20,0
2024-12-07,S002,P0010,54,20,0
2024-12-07,S003,P0001,46,20,0
2024-12-07,S003,P0002,112,20,0
2024-12-07,S003,P0003,99,20,0
2024-12-07,S003,P0004,73,20,0
2024-12-07,S003,P0005,61,20,0
2024-12-07,S003,P0006,41,20,0
2024-12-07,S003,P0007,99,20,0
2024-12-07,S003,P0008,115,20,0
2024-12-07,S003,P0009,24,20,0
2024-12-07,S003,P0010,86,20,0
2024-12-07,S004,P0001,117,20,0
2024-12-07,S004,P0002,115,20,0
2024-12-07,S004,P0003,96,20,0
2024-12-07,S004,P0004,78,20,0
2024-12-07,S004,P0005,116,20,0
2024-12-07,S004,P0006,34,20,0
2024-12-07,S004,P0007,42,20,0
2024-12-07,S004,P0008,25,20,0
2024-12-07,S004,P0009,116,20,0
2024-12-07,S004,P0010,67,20,0
2024-12-07,S005,P0001,41,20,0
2024-12-07,S005,P0002,48,20,0
2024-12-07,S005,P0003,20,20,0
2024-12-07,S005,P0004,95,20,0
2024-12-07,S005,P0005,68,20,0
2024-12-07,S005,P0006,72,20,0
2024-12-07,S005,P0007,39,20,0
2024-12-07,S005,P0008,60,20,0
2024-12-07,S005,P0009,66,20,0
2024-12-07,S005,P0010,63,20,0
2024-12-08,S001,P0001,110,20,0
2024-12-08,S001,P0002,83,20,0
2024-12-08,S001,P0003,89,20,0
2024-12-08,S001,P0004,84,20,0
2024-12-08,S001,P0005,27,20,0
2024-12-08,S001,P0006,25,20,0
2024-12-08,S001,P0007,35,20,0
2024-12-08,S001,P0008,112,20,0
2024-12-08,S001,P0009,91,20,0
2024-12-08,S001,P0010,73,20,0
2024-12-08,S002,P0001,57,20,0
2024-12-08,S002,P0002,112,20,0
2024-12-08,S002,P0003,112,20,0
2024-12-08,S002,P0004,82,20,0
2024-12-08,S002,P0005,76,20,0
2024-12-08,S002,P0006,90,20,0
2024-12-08,S002,P0007,56,20,0
2024-12-08,S002,P0008,82,20,0
2024-12-08,S002,P0009,109,20,0
2024-12-08,S002,P0010,49,20,0
2024-12-08,S003,P0001,41,20,0
2024-12-08,S003,P0002,105,20,0
2024-12-08,S003,P0003,94,20,0
2024-12-08,S003,P0004,72,20,0
2024-12-08,S003,P0005,58,20,0
2024-12-08,S003,P0006,41,20,0
2024-12-08,S003,P0007,95,20,0
2024-12-08,S003,P0008,113,20,0
2024-12-08,S003,P0009,117,20,0
2024-12-08,S003,P0010,77,20,0
2024-12-08,S004,P0001,113,20,0
2024-12-08,S004,P0002,109,20,0
2024-12-08,S004,P0003,91,20,0
2024-12-08,S004,P0004,77,20,0
2024-12-08,S004,P0005,107,20,0
2024-12-08,S004,P0006,34,20,0
2024-12-08,S004,P0007,41,20,0
2024-12-08,S004,P0008,21,20,0
2024-12-08,S004,P0009,107,20,0
2024-12-08,S004,P0010,61,20,0
2024-12-08,S005,P0001,38,20,0
2024-12-08,S005,P0002,44,20,0
2024-12-08,S005,P0003,118,20,0
2024-12-08,S005,P0004,90,20,0
2024-12-08,S005,P0005,61,20,0
2024-12-08,S005,P0006,69,20,0
2024-12-08,S005,P0007,36,20,0
2024-12-08,S005,P0008,56,20,0
2024-12-08,S005,P0009,59,20,0
2024-12-08,S005,P0010,60,20,0
2024-12-09,S001,P0001,106,20,0
2024-12-09,S001,P0002,79,20,0
2024-12-09,S001,P0003,84,20,0
2024-12-09,S001,P0004,80,20,0
2024-12-09,S001,P0005,115,20,0
2024-12-09,S001,P0006,23,20,0
2024-12-09,S001,P0007,29,20,0
2024-12-09,S001,P0008,109,20,0
2024-12-09,S001,P0009,87,20,0
2024-12-09,S001,P0010,71,20,0
2024-12-09,S002,P0001,53,20,0
2024-12-09,S002,P0002,104,20,0
2024-12-09,S002,P0003,106,20,0
2024-12-09,S002,P0004,80,20,0
2024-12-09,S002,P0005,61,20,0
2024-12-09,S002,P0006,89,20,0
2024-12-09,S002,P0007,54,20,0
2024-12-09,S002,P0008,79,20,0
2024-12-09,S002,P0009,102,20,0
2024-12-09,S002,P0010,46,20,0
2024-12-09,S003,P0001,38,20,0
2024-12-09,S003,P0002,98,20,0
2024-12-09,S003,P0003,90,20,0
2024-12-09,S003,P0004,70,20,0
2024-12-09,S003,P0005,51,20,0
2024-12-09,S003,P0006,41,20,0
2024-12-09,S003,P0007,91,20,0
2024-12-09,S003,P0008,107,20,0
2024-12-09,S003,P0009,113,20,0
2024-12-09,S003,P0010,72,20,0
2024-12-09,S004,P0001,108,20,0
2024-12-09,S004,P0002,104,20,0
2024-12-09,S004,P0003,88,20,0
2024-12-09,S004,P0004,73,20,0
2024-12-09,S004,P0005,101,20,0
2024-12-09,S004,P0006,31,20,0
2024-12-09,S004,P0007,38,20,0
2024-12-09,S004,P0008,118,20,0
2024-12-09,S004,P0009,96,20,0
2024-12-09,S004,P0010,54,20,0
2024-12-09,S005,P0001,35,20,0
2024-12-09,S005,P0002,35,20,0
2024-12-09,S005,P0003,116,20,0
2024-12-09,S005,P0004,84,20,0
2024-12-09,S005,P0005,53,20,0
2024-12-09,S005,P0006,66,20,0
2024-12-09,S005,P0007,34,20,0
2024-12-09,S005,P0008,50,20,0
2024-12-09,S005,P0009,55,20,0
2024-12-09,S005,P0010,54,20,0
2024-12-10,S001,P0001,104,20,0
2024-12-10,S001,P0002,75,20,0
2024-12-10,S001,P0003,81,20,0
2024-12-10,S001,P0004,78,20,0
2024-12-10,S001,P0005,103,20,0
2024-12-10,S001,P0006,20,20,0
2024-12-10,S001,P0007,26,20,0
2024-12-10,S001,P0008,107,20,0
2024-12-10,S001,P0009,80,20,0
2024-12-10,S001,P0010,69,20,0
2024-12-10,S002,P0001,48,20,0
2024-12-10,S002,P0002,101,20,0
2024-12-10,S002,P0003,98,20,0
2024-12-10,S002,P0004,75,20,0
2024-12-10,S002,P0005,57,20,0
2024-12-10,S002,P0006,88,20,0
2024-12-10,S002,P0007,50,20,0
2024-12-10,S002,P0008,73,20,0
2024-12-10,S002,P0009,94,20,0
2024-12-10,S002,P0010,43,20,0
2024-12-10,S003,P0001,35,20,0
2024-12-10,S003,P0002,93,20,0
2024-12-10,S003,P0003,84,20,0
2024-12-10,S003,P0004,64,20,0
2024-12-10,S003,P0005,38,20,0
2024-12-10,S003,P0006,39,20,0
2024-12-10,S003,P0007,87,20,0
2024-12-10,S003,P0008,107,20,0
2024-12-10,S003,P0009,108,20,0
2024-12-10,S003,P0010,70,20,0
2024-12-10,S004,P0001,104,20,0
2024-12-10,S004,P0002,101,20,0
2024-12-10,S004,P0003,83,20,0
2024-12-10,S004,P0004,73,20,0
2024-12-10,S004,P0005,92,20,0
2024-12-10,S004,P0006,27,20,0
2024-12-10,S004,P0007,35,20,0
2024-12-10,S004,P0008,114,20,0
2024-12-10,S004,P0009,91,20,0
2024-12-10,S004,P0010,48,20,0
2024-12-10,S005,P0001,26,20,0
2024-12-10,S005,P0002,32,20,0
2024-12-10,S005,P0003,113,20,0
2024-12-10,S005,P0004,82,20,0
2024-12-10,S005,P0005,46,20,0
2024-12-10,S005,P0006,65,20,0
2024-12-10,S005,P0007,33,20,0
2024-12-10,S005,P0008,48,20,0
2024-12-10,S005,P0009,46,20,0
2024-12-10,S005,P0010,45,20,0
2024-12-11,S001,P0001,99,20,0
2024-12-11,S001,P0002,70,20,0
2024-12-11,S001,P0003,79,20,0
2024-12-11,S001,P0004,76,20,0
2024-12-11,S001,P0005,97,20,0
2024-12-11,S001,P0006,117,20,0
2024-12-11,S001,P0007,23,20,0
2024-12-11,S001,P0008,103,20,0
2024-12-11,S001,P0009,73,20,0
2024-12-11,S001,P0010,62,20,0
2024-12-11,S002,P0001,45,20,0
2024-12-11,S002,P0002,100,20,0
2024-12-11,S002,P0003,93,20,0
2024-12-11,S002,P0004,70,20,0
2024-12-11,S002,P0005,42,20,0
2024-12-11,S002,P0006,87,20,0
2024-12-11,S002,P0007,48,20,0
2024-12-11,S002,P0008,70,20,0
2024-12-11,S002,P0009,89,20,0
2024-12-11,S002,P0010,37,20,0
2024-12-11,S003,P0001,34,20,0
2024-12-11,S003,P0002,88,20,0
2024-12-11,S003,P0003,80,20,0
2024-12-11,S003,P0004,59,20,0
2024-12-11,S003,P0005,25,20,0
2024-12-11,S003,P0006,35,20,0
2024-12-11,S003,P0007,82,20,0
2024-12-11,S003,P0008,101,20,0
2024-12-11,S003,P0009,101,20,0
2024-12-11,S003,P0010,61,20,0
2024-12-11,S004,P0001,97,20,0
2024-12-11,S004,P0002,96,20,0
2024-12-11,S004,P0003,79,20,0
2024-12-11,S004,P0004,68,20,0
2024-12-11,S004,P0005,84,20,0
2024-12-11,S004,P0006,25,20,0
2024-12-11,S004,P0007,31,20,0
2024-12-11,S004,P0008,110,20,0
2024-12-11,S004,P0009,85,20,0
2024-12-11,S004,P0010,45,20,0
2024-12-11,S005,P0001,22,20,0
2024-12-11,S005,P0002,27,20,0
2024-12-11,S005,P0003,109,20,0
2024-12-11,S005,P0004,77,20,0
2024-12-11,S005,P0005,43,20,0
2024-12-11,S005,P0006,63,20,0
2024-12-11,S005,P0007,26,20,0
2024-12-11,S005,P0008,37,20,0
2024-12-11,S005,P0009,40,20,0
2024-12-11,S005,P0010,41,20,0
2024-12-12,S001,P0001,98,20,0
2024-12-12,S001,P0002,69,20,0
2024-12-12,S001,P0003,74,20,0
2024-12-12,S001,P0004,75,20,0
2024-12-12,S001,P0005,89,20,0
2024-12-12,S001,P0006,112,20,0
2024-12-12,S001,P0007,20,20,0
2024-12-12,S001,P0008,99,20,0
2024-12-12,S001,P0009,69,20,0
2024-12-12,S001,P0010,54,20,0
2024-12-12,S002,P0001,40,20,0
2024-12-12,S002,P0002,94,20,0
2024-12-12,S002,P0003,87,20,0
2024-12-12,S002,P0004,69,20,0
2024-12-12,S002,P0005,31,20,0
2024-12-12,S002,P0006,87,20,0
2024-12-12,S002,P0007,46,20,0
2024-12-12,S002,P0008,66,20,0
2024-12-12,S002,P0009,80,20,0
2024-12-12,S002,P0010,31,20,0
2024-12-12,S003,P0001,31,20,0
2024-12-12,S003,P0002,87,20,0
2024-12-12,S003,P0003,75,20,0
2024-12-12,S003,P0004,56,20,0
2024-12-12,S003,P0005,117,20,0
2024-12-12,S003,P0006,32,20,0
2024-12-12,S003,P0007,81,20,0
2024-12-12,S003,P0008,94,20,0
2024-12-12,S003,P0009,94,20,0
2024-12-12,S003,P0010,55,20,0
2024-12-12,S004,P0001,92,20,0
2024-12-12,S004,P0002,88,20,0
2024-12-12,S004,P0003,74,20,0
2024-12-12,S004,P0004,66,20,0
2024-12-12,S004,P0005,76,20,0
2024-12-12,S004,P0006,23,20,0
2024-12-12,S004,P0007,30,20,0
2024-12-12,S004,P0008,105,20,0
2024-12-12,S004,P0009,79,20,0
2024-12-12,S004,P0010,43,20,0
2024-12-12,S005,P0001,113,20,0
2024-12-12,S005,P0002,24,20,0
2024-12-12,S005,P0003,99,20,0
2024-12-12,S005,P0004,77,20,0
2024-12-12,S005,P0005,31,20,0
2024-12-12,S005,P0006,59,20,0
2024-12-12,S005,P0007,22,20,0
2024-12-12,S005,P0008,37,20,0
2024-12-12,S005,P0009,33,20,0
2024-12-12,S005,P0010,33,20,0
2024-12-13,S001,P0001,91,20,0
2024-12-13,S001,P0002,66,20,0
2024-12-13,S001,P0003,72,20,0
2024-12-13,S001,P0004,73,20,0
2024-12-13,S001,P0005,79,20,0
2024-12-13,S001,P0006,110,20,0
2024-12-13,S001,P0007,117,20,0
2024-12-13,S001,P0008,92,20,0
2024-12-13,S001,P0009,65,20,0
2024-12-13,S001,P0010,51,20,0
2024-12-13,S002,P0001,33,20,0
2024-12-13,S002,P0002,88,20,0
2024-12-13,S002,P0003,83,20,0
2024-12-13,S002,P0004,62,20,0
2024-12-13,S002,P0005,21,20,0
2024-12-13,S002,P0006,86,20,0
2024-12-13,S002,P0007,40,20,0
2024-12-13,S002,P0008,62,20,0
2024-12-13,S002,P0009,73,20,0
2024-12-13,S002,P0010,27,20,0
2024-12-13,S003,P0001,28,20,0
2024-12-13,S003,P0002,82,20,0
2024-12-13,S003,P0003,74,20,0
2024-12-13,S003,P0004,52,20,0
2024-12-13,S003,P0005,110,20,0
2024-12-13,S003,P0006,31,20,0
2024-12-13,S003,P0007,73,20,0
2024-12-13,S003,P0008,87,20,0
2024-12-13,S003,P0009,90,20,0
2024-12-13,S003,P0010,52,20,0
2024-12-13,S004,P0001,90,20,0
2024-12-13,S004,P0002,78,20,0
2024-12-13,S004,P0003,68,20,0
2024-12-13,S004,P0004,63,20,0
2024-12-13,S004,P0005,69,20,0
2024-12-13,S004,P0006,21,20,0
2024-12-13,S004,P0007,26,20,0
2024-12-13,S004,P0008,104,20,0
2024-12-13,S004,P0009,77,20,0
2024-12-13,S004,P0010,34,20,0
2024-12-13,S005,P0001,106,20,0
2024-12-13,S005,P0002,115,20,0
2024-12-13,S005,P0003,91,20,0
2024-12-13,S005,P0004,74,20,0
2024-12-13,S005,P0005,114,20,0
2024-12-13,S005,P0006,57,20,0
2024-12-13,S005,P0007,119,20,0
2024-12-13,S005,P0008,34,20,0
2024-12-13,S005,P0009,29,20,0
2024-12-13,S005,P0010,25,20,0
2024-12-14,S001,P0001,86,20,0
2024-12-14,S001,P0002,61,20,0
2024-12-14,S001,P0003,68,20,0
2024-12-14,S001,P0004,72,20,0
2024-12-14,S001,P0005,71,20,0
2024-12-14,S001,P0006,106,20,0
2024-12-14,S001,P0007,112,20,0
2024-12-14,S001,P0008,89,20,0
2024-12-14,S001,P0009,61,20,0
2024-12-14,S001,P0010,45,20,0
2024-12-14,S002,P0001,29,20,0
2024-12-14,S002,P0002,87,20,0
2024-12-14,S002,P0003,76,20,0
2024-12-14,S002,P0004,59,20,0
2024-12-14,S002,P0005,116,20,0
2024-12-14,S002,P0006,83,20,0
2024-12-14,S002,P0007,38,20,0
2024-12-14,S002,P0008,58,20,0
2024-12-14,S002,P0009,69,20,0
2024-12-14,S002,P0010,22,20,0
2024-12-14,S003,P0001,117,20,0
2024-12-14,S003,P0002,78,20,0
2024-12-14,S003,P0003,67,20,0
2024-12-14,S003,P0004,51,20,0
2024-12-14,S003,P0005,105,20,0
2024-12-14,S003,P0006,28,20,0
2024-12-14,S003,P0007,68,20,0
2024-12-14,S003,P0008,83,20,0
2024-12-14,S003,P0009,87,20,0
2024-12-14,S003,P0010,49,20,0
2024-12-14,S004,P0001,85,20,0
2024-12-14,S004,P0002,74,20,0
2024-12-14,S004,P0003,63,20,0
2024-12-14,S004,P0004,62,20,0
2024-12-14,S004,P0005,58,20,0
2024-12-14,S004,P0006,119,20,0
2024-12-14,S004,P0007,22,20,0
2024-12-14,S004,P0008,99,20,0
2024-12-14,S004,P0009,69,20,0
2024-12-14,S004,P0010,30,20,0
2024-12-14,S005,P0001,102,20,0
2024-12-14,S005,P0002,107,20,0
2024-12-14,S005,P0003,88,20,0
2024-12-14,S005,P0004,70,20,0
2024-12-14,S005,P0005,106,20,0
2024-12-14,S005,P0006,54,20,0
2024-12-14,S005,P0007,117,20,0
2024-12-14,S005,P0008,28,20,0
2024-12-14,S005,P0009,23,20,0
2024-12-14,S005,P0010,21,20,0
2024-12-15,S001,P0001,80,20,0
2024-12-15,S001,P0002,56,20,0
2024-12-15,S001,P0003,59,20,0
2024-12-15,S001,P0004,65,20,0
2024-12-15,S001,P0005,62,20,0
2024-12-15,S001,P0006,104,20,0
2024-12-15,S001,P0007,109,20,0
2024-12-15,S001,P0008,85,20,0
2024-12-15,S001,P0009,52,20,0
2024-12-15,S001,P0010,41,20,0
2024-12-15,S002,P0001,119,20,0
2024-12-15,S002,P0002,84,20,0
2024-12-15,S002,P0003,73,20,0
2024-12-15,S002,P0004,57,20,0
2024-12-15,S002,P0005,106,20,0
2024-12-15,S002,P0006,82,20,0
2024-12-15,S002,P0007,37,20,0
2024-12-15,S002,P0008,54,20,0
2024-12-15,S002,P0009,66,20,0
2024-12-15,S002,P0010,118,20,0
2024-12-15,S003,P0001,111,20,0
2024-12-15,S003,P0002,73,20,0
2024-12-15,S003,P0003,60,20,0
2024-12-15,S003,P0004,46,20,0
2024-12-15,S003,P0005,93,20,0
2024-12-15,S003,P0006,26,20,0
2024-12-15,S003,P0007,67,20,0
2024-12-15,S003,P0008,77,20,0
2024-12-15,S003,P0009,80,20,0
2024-12-15,S003,P0010,42,20,0
2024-12-15,S004,P0001,80,20,0
2024-12-15,S004,P0002,66,20,0
2024-12-15,S004,P0003,60,20,0
2024-12-15,S004,P0004,59,20,0
2024-12-15,S004,P0005,53,20,0
2024-12-15,S004,P0006,118,20,0
2024-12-15,S004,P0007,22,20,0
2024-12-15,S004,P0008,91,20,0
2024-12-15,S004,P0009,64,20,0
2024-12-15,S004,P0010,28,20,0
2024-12-15,S005,P0001,98,20,0
2024-12-15,S005,P0002,100,20,0
2024-12-15,S005,P0003,84,20,0
2024-12-15,S005,P0004,66,20,0
2024-12-15,S005,P0005,92,20,0
2024-12-15,S005,P0006,51,20,0
2024-12-15,S005,P0007,110,20,0
2024-12-15,S005,P0008,28,20,0
2024-12-15,S005,P0009,114,20,0
2024-12-15,S005,P0010,114,20,0
2024-12-16,S001,P0001,79,20,0
2024-12-16,S001,P0002,49,20,0
2024-12-16,S001,P0003,55,20,0
2024-12-16,S001,P0004,61,20,0
2024-12-16,S001,P0005,57,20,0
2024-12-16,S001,P0006,104,20,0
2024-12-16,S001,P0007,102,20,0
2024-12-16,S001,P0008,80,20,0
2024-12-16,S001,P0009,44,20,0
2024-12-16,S001,P0010,37,20,0
2024-12-16,S002,P0001,116,20,0
2024-12-16,S002,P0002,81,20,0
2024-12-16,S002,P0003,67,20,0
2024-12-16,S002,P0004,55,20,0
2024-12-16,S002,P0005,96,20,0
2024-12-16,S002,P0006,82,20,0
2024-12-16,S002,P0007,35,20,0
2024-12-16,S002,P0008,48,20,0
2024-12-16,S002,P0009,63,20,0
2024-12-16,S002,P0010,105,20,0
2024-12-16,S003,P0001,108,20,0
2024-12-16,S003,P0002,70,20,0
2024-12-16,S003,P0003,55,20,0
2024-12-16,S003,P0004,41,20,0
2024-12-16,S003,P0005,83,20,0
2024-12-16,S003,P0006,24,20,0
2024-12-16,S003,P0007,63,20,0
2024-12-16,S003,P0008,74,20,0
2024-12-16,S003,P0009,74,20,0
2024-12-16,S003,P0010,39,20,0
2024-12-16,S004,P0001,77,20,0
2024-12-16,S004,P0002,60,20,0
2024-12-16,S004,P0003,56,20,0
2024-12-16,S004,P0004,56,20,0
2024-12-16,S004,P0005,46,20,0
2024-12-16,S004,P0006,117,20,0
2024-12-16,S004,P0007,20,20,0
2024-12-16,S004,P0008,85,20,0
2024-12-16,S004,P0009,57,20,0
2024-12-16,S004,P0010,25,20,0
2024-12-16,S005,P0001,93,20,0
2024-12-16,S005,P0002,96,20,0
2024-12-16,S005,P0003,81,20,0
2024-12-16,S005,P0004,64,20,0
2024-12-16,S005,P0005,89,20,0
2024-12-16,S005,P0006,50,20,0
2024-12-16,S005,P0007,108,20,0
2024-12-16,S005,P0008,25,20,0
2024-12-16,S005,P0009,104,20,0
2024-12-16,S005,P0010,112,20,0
2024-12-17,S001,P0001,73,20,0
2024-12-17,S001,P0002,41,20,0
2024-12-17,S001,P0003,46,20,0
2024-12-17,S001,P0004,57,20,0
2024-12-17,S001,P0005,49,20,0
2024-12-17,S001,P0006,103,20,0
2024-12-17,S001,P0007,99,20,0
2024-12-17,S001,P0008,78,20,0
2024-12-17,S001,P0009,39,20,0
2024-12-17,S001,P0010,34,20,0
2024-12-17,S002,P0001,110,20,0
2024-12-17,S002,P0002,77,20,0
2024-12-17,S002,P0003,65,20,0
2024-12-17,S002,P0004,52,20,0
2024-12-17,S002,P0005,87,20,0
2024-12-17,S002,P0006,80,20,0
2024-12-17,S002,P0007,32,20,0
2024-12-17,S002,P0008,43,20,0
2024-12-17,S002,P0009,59,20,0
2024-12-17,S002,P0010,98,20,0
2024-12-17,S003,P0001,102,20,0
2024-12-17,S003,P0002,66,20,0
2024-12-17,S003,P0003,53,20,0
2024-12-17,S003,P0004,36,20,0
2024-12-17,S003,P0005,71,20,0
2024-12-17,S003,P0006,24,20,0
2024-12-17,S003,P0007,60,20,0
2024-12-17,S003,P0008,71,20,0
2024-12-17,S003,P0009,69,20,0
2024-12-17,S003,P0010,36,20,0
2024-12-17,S004,P0001,70,20,0
2024-12-17,S004,P0002,53,20,0
2024-12-17,S004,P0003,49,20,0
2024-12-17,S004,P0004,53,20,0
2024-12-17,S004,P0005,37,20,0
2024-12-17,S004,P0006,117,20,0
2024-12-17,S004,P0007,118,20,0
2024-12-17,S004,P0008,81,20,0
2024-12-17,S004,P0009,50,20,0
2024-12-17,S004,P0010,119,20,0
2024-12-17,S005,P0001,88,20,0
2024-12-17,S005,P0002,92,20,0
2024-12-17,S005,P0003,76,20,0
2024-12-17,S005,P0004,64,20,0
2024-12-17,S005,P0005,80,20,0
2024-12-17,S005,P0006,49,20,0
2024-12-17,S005,P0007,105,20,0
2024-12-17,S005,P0008,20,20,0
2024-12-17,S005,P0009,98,20,0
2024-12-17,S005,P0010,106,20,0
2024-12-18,S001,P0001,69,20,0
2024-12-18,S001,P0002,35,20,0
2024-12-18,S001,P0003,40,20,0
2024-12-18,S001,P0004,50,20,0
2024-12-18,S001,P0005,35,20,0
2024-12-18,S001,P0006,99,20,0
2024-12-18,S001,P0007,92,20,0
2024-12-18,S001,P0008,70,20,0
2024-12-18,S001,P0009,34,20,0
2024-12-18,S001,P0010,29,20,0
2024-12-18,S002,P0001,105,20,0
2024-12-18,S002,P0002,68,20,0
2024-12-18,S002,P0003,60,20,0
2024-12-18,S002,P0004,49,20,0
2024-12-18,S002,P0005,79,20,0
2024-12-18,S002,P0006,78,20,0
2024-12-18,S002,P0007,31,20,0
2024-12-18,S002,P0008,40,20,0
2024-12-18,S002,P0009,55,20,0
2024-12-18,S002,P0010,96,20,0
2024-12-18,S003,P0001,97,20,0
2024-12-18,S003,P0002,61,20,0
2024-12-18,S003,P0003,48,20,0
2024-12-18,S003,P0004,27,20,0
2024-12-18,S003,P0005,67,20,0
2024-12-18,S003,P0006,23,20,0
2024-12-18,S003,P0007,57,20,0
2024-12-18,S003,P0008,67,20,0
2024-12-18,S003,P0009,63,20,0
2024-12-18,S003,P0010,34,20,0
2024-12-18,S004,P0001,69,20,0
2024-12-18,S004,P0002,45,20,0
2024-12-18,S004,P0003,45,20,0
2024-12-18,S004,P0004,49,20,0
2024-12-18,S004,P0005,32,20,0
2024-12-18,S004,P0006,115,20,0
2024-12-18,S004,P0007,115,20,0
2024-12-18,S004,P0008,76,20,0
2024-12-18,S004,P0009,45,20,0
2024-12-18,S004,P0010,116,20,0
2024-12-18,S005,P0001,82,20,0
2024-12-18,S005,P0002,89,20,0
2024-12-18,S005,P0003,73,20,0
2024-12-18,S005,P0004,57,20,0
2024-12-18,S005,P0005,69,20,0
2024-12-18,S005,P0006,47,20,0
2024-12-18,S005,P0007,101,20,0
2024-12-18,S005,P0008,116,20,0
2024-12-18,S005,P0009,91,20,0
2024-12-18,S005,P0010,104,20,0
2024-12-19,S001,P0001,68,20,0
2024-12-19,S001,P0002,31,20,0
2024-12-19,S001,P0003,38,20,0
2024-12-19,S001,P0004,47,20,0
2024-12-19,S001,P0005,23,20,0
2024-12-19,S001,P0006,97,20,0
2024-12-19,S001,P0007,88,20,0
2024-12-19,S001,P0008,67,20,0
2024-12-19,S001,P0009,23,20,0
2024-12-19,S001,P0010,20,20,0
2024-12-19,S002,P0001,98,20,0
2024-12-19,S002,P0002,62,20,0
2024-12-19,S002,P0003,53,20,0
2024-12-19,S002,P0004,47,20,0
2024-12-19,S002,P0005,70,20,0
2024-12-19,S002,P0006,76,20,0
2024-12-19,S002,P0007,26,20,0
2024-12-19,S002,P0008,38,20,0
2024-12-19,S002,P0009,49,20,0
2024-12-19,S002,P0010,93,20,0
2024-12-19,S003,P0001,95,20,0
2024-12-19,S003,P0002,58,20,0
2024-12-19,S003,P0003,46,20,0
2024-12-19,S003,P0004,22,20,0
2024-12-19,S003,P0005,56,20,0
2024-12-19,S003,P0006,119,20,0
2024-12-19,S003,P0007,52,20,0
2024-12-19,S003,P0008,61,20,0
2024-12-19,S003,P0009,56,20,0
2024-12-19,S003,P0010,29,20,0
2024-12-19,S004,P0001,66,20,0
2024-12-19,S004,P0002,40,20,0
2024-12-19,S004,P0003,40,20,0
2024-12-19,S004,P0004,48,20,0
2024-12-19,S004,P0005,26,20,0
2024-12-19,S004,P0006,111,20,0
2024-12-19,S004,P0007,113,20,0
2024-12-19,S004,P0008,74,20,0
2024-12-19,S004,P0009,42,20,0
2024-12-19,S004,P0010,106,20,0
2024-12-19,S005,P0001,78,20,0
2024-12-19,S005,P0002,84,20,0
2024-12-19,S005,P0003,69,20,0
2024-12-19,S005,P0004,51,20,0
2024-12-19,S005,P0005,59,20,0
2024-12-19,S005,P0006,43,20,0
2024-12-19,S005,P0007,98,20,0
2024-12-19,S005,P0008,111,20,0
2024-12-19,S005,P0009,83,20,0
2024-12-19,S005,P0010,100,20,0
2024-12-20,S001,P0001,66,20,0
2024-12-20,S001,P0002,28,20,0
2024-12-20,S001,P0003,34,20,0
2024-12-20,S001,P0004,44,20,0
2024-12-20,S001,P0005,117,20,0
2024-12-20,S001,P0006,93,20,0
2024-12-20,S001,P0007,85,20,0
2024-12-20,S001,P0008,63,20,0
2024-12-20,S001,P0009,21,20,0
2024-12-20,S001,P0010,118,20,0
2024-12-20,S002,P0001,92,20,0
2024-12-20,S002,P0002,57,20,0
2024-12-20,S002,P0003,47,20,0
2024-12-20,S002,P0004,43,20,0
2024-12-20,S002,P0005,61,20,0
2024-12-20,S002,P0006,75,20,0
2024-12-20,S002,P0007,23,20,0
2024-12-20,S002,P0008,31,20,0
2024-12-20,S002,P0009,39,20,0
2024-12-20,S002,P0010,89,20,0
2024-12-20,S003,P0001,92,20,0
2024-12-20,S003,P0002,53,20,0
2024-12-20,S003,P0003,42,20,0
2024-12-20,S003,P0004,20,20,0
2024-12-20,S003,P0005,52,20,0
2024-12-20,S003,P0006,118,20,0
2024-12-20,S003,P0007,51,20,0
2024-12-20,S003,P0008,56,20,0
2024-12-20,S003,P0009,48,20,0
2024-12-20,S003,P0010,27,20,0
2024-12-20,S004,P0001,60,20,0
2024-12-20,S004,P0002,35,20,0
2024-12-20,S004,P0003,37,20,0
2024-12-20,S004,P0004,45,20,0
2024-12-20,S004,P0005,114,20,0
2024-12-20,S004,P0006,108,20,0
2024-12-20,S004,P0007,111,20,0
2024-12-20,S004,P0008,70,20,0
2024-12-20,S004,P0009,37,20,0
2024-12-20,S004,P0010,100,20,0
2024-12-20,S005,P0001,74,20,0
2024-12-20,S005,P0002,80,20,0
2024-12-20,S005,P0003,62,20,0
2024-12-20,S005,P0004,48,20,0
2024-12-20,S005,P0005,52,20,0
2024-12-20,S005,P0006,41,20,0
2024-12-20,S005,P0007,93,20,0
2024-12-20,S005,P0008,108,20,0
2024-12-20,S005,P0009,76,20,0
2024-12-20,S005,P0010,100,20,0
2024-12-21,S001,P0001,62,20,0
2024-12-21,S001,P0002,23,20,0
2024-12-21,S001,P0003,27,20,0
2024-12-21,S001,P0004,40,20,0
2024-12-21,S001,P0005,105,20,0
2024-12-21,S001,P0006,89,20,0
2024-12-21,S001,P0007,83,20,0
2024-12-21,S001,P0008,62,20,0
2024-12-21,S001,P0009,116,20,0
2024-12-21,S001,P0010,113,20,0
2024-12-21,S002,P0001,89,20,0
2024-12-21,S002,P0002,51,20,0
2024-12-21,S002,P0003,45,20,0
2024-12-21,S002,P0004,39,20,0
2024-12-21,S002,P0005,47,20,0
2024-12-21,S002,P0006,68,20,0
2024-12-21,S002,P0007,22,20,0
2024-12-21,S002,P0008,27,20,0
2024-12-21,S002,P0009,34,20,0
2024-12-21,S002,P0010,82,20,0
2024-12-21,S003,P0001,88,20,0
2024-12-21,S003,P0002,50,20,0
2024-12-21,S003,P0003,40,20,0
2024-12-21,S003,P0004,115,20,0
2024-12-21,S003,P0005,47,20,0
2024-12-21,S003,P0006,118,20,0
2024-12-21,S003,P0007,50,20,0
2024-12-21,S003,P0008,52,20,0
2024-12-21,S003,P0009,36,20,0
2024-12-21,S003,P0010,25,20,0
2024-12-21,S004,P0001,56,20,0
2024-12-21,S004,P0002,29,20,0
2024-12-21,S004,P0003,36,20,0
2024-12-21,S004,P0004,42,20,0
2024-12-21,S004,P0005,107,20,0
2024-12-21,S004,P0006,107,20,0
2024-12-21,S004,P0007,110,20,0
2024-12-21,S004,P0008,66,20,0
2024-12-21,S004,P0009,29,20,0
2024-12-21,S004,P0010,96,20,0
2024-12-21,S005,P0001,71,20,0
2024-12-21,S005,P0002,75,20,0
2024-12-21,S005,P0003,59,20,0
2024-12-21,S005,P0004,46,20,0
2024-12-21,S005,P0005,41,20,0
2024-12-21,S005,P0006,38,20,0
2024-12-21,S005,P0007,90,20,0
2024-12-21,S005,P0008,103,20,0
2024-12-21,S005,P0009,65,20,0
2024-12-21,S005,P0010,94,20,0
2024-12-22,S001,P0001,60,20,0
2024-12-22,S001,P0002,119,20,0
2024-12-22,S001,P0003,21,20,0
2024-12-22,S001,P0004,39,20,0
2024-12-22,S001,P0005,97,20,0
2024-12-22,S001,P0006,87,20,0
2024-12-22,S001,P0007,80,20,0
2024-12-22,S001,P0008,57,20,0
2024-12-22,S001,P0009,112,20,0
2024-12-22,S001,P0010,105,20,0
2024-12-22,S002,P0001,85,20,0
2024-12-22,S002,P0002,42,20,0
2024-12-22,S002,P0003,38,20,0
2024-12-22,S002,P0004,33,20,0
2024-12-22,S002,P0005,40,20,0
2024-12-22,S002,P0006,67,20,0
2024-12-22,S002,P0007,118,20,0
2024-12-22,S002,P0008,24,20,0
2024-12-22,S002,P0009,24,20,0
2024-12-22,S002,P0010,79,20,0
2024-12-22,S003,P0001,84,20,0
2024-12-22,S003,P0002,42,20,0
2024-12-22,S003,P0003,37,20,0
2024-12-22,S003,P0004,111,20,0
2024-12-22,S003,P0005,39,20,0
2024-12-22,S003,P0006,116,20,0
2024-12-22,S003,P0007,42,20,0
2024-12-22,S003,P0008,49,20,0
2024-12-22,S003,P0009,32,20,0
2024-12-22,S003,P0010,22,20,0
2024-12-22,S004,P0001,53,20,0
2024-12-22,S004,P0002,21,20,0
2024-12-22,S004,P0003,33,20,0
2024-12-22,S004,P0004,36,20,0
2024-12-22,S004,P0005,99,20,0
2024-12-22,S004,P0006,107,20,0
2024-12-22,S004,P0007,108,20,0
2024-12-22,S004,P0008,64,20,0
2024-12-22,S004,P0009,21,20,0
2024-12-22,S004,P0010,93,20,0
2024-12-22,S005,P0001,66,20,0
2024-12-22,S005,P0002,74,20,0
2024-12-22,S005,P0003,56,20,0
2024-12-22,S005,P0004,43,20,0
2024-12-22,S005,P0005,28,20,0
2024-12-22,S005,P0006,35,20,0
2024-12-22,S005,P0007,86,20,0
2024-12-22,S005,P0008,97,20,0
2024-12-22,S005,P0009,57,20,0
2024-12-22,S005,P0010,89,20,0
2024-12-23,S001,P0001,53,20,0
2024-12-23,S001,P0002,117,20,0
2024-12-23,S001,P0003,114,20,0
2024-12-23,S001,P0004,37,20,0
2024-12-23,S001,P0005,92,20,0
2024-12-23,S001,P0006,85,20,0
2024-12-23,S001,P0007,76,20,0
2024-12-23,S001,P0008,54,20,0
2024-12-23,S001,P0009,99,20,0
2024-12-23,S001,P0010,103,20,0
2024-12-23,S002,P0001,80,20,0
2024-12-23,S002,P0002,38,20,0
2024-12-23,S002,P0003,35,20,0
2024-12-23,S002,P0004,32,20,0
2024-12-23,S002,P0005,36,20,0
2024-12-23,S002,P0006,63,20,0
2024-12-23,S002,P0007,113,20,0
2024-12-23,S002,P0008,21,20,0
2024-12-23,S002,P0009,22,20,0
2024-12-23,S002,P0010,76,20,0
2024-12-23,S003,P0001,80,20,0
2024-12-23,S003,P0002,35,20,0
2024-12-23,S003,P0003,34,20,0
2024-12-23,S003,P0004,107,20,0
2024-12-23,S003,P0005,34,20,0
2024-12-23,S003,P0006,115,20,0
2024-12-23,S003,P0007,36,20,0
2024-12-23,S003,P0008,45,20,0
2024-12-23,S003,P0009,27,20,0
2024-12-23,S003,P0010,116,20,0
2024-12-23,S004,P0001,42,20,0
2024-12-23,S004,P0002,116,20,0
2024-12-23,S004,P0003,28,20,0
2024-12-23,S004,P0004,33,20,0
2024-12-23,S004,P0005,87,20,0
2024-12-23,S004,P0006,104,20,0
2024-12-23,S004,P0007,104,20,0
2024-12-23,S004,P0008,61,20,0
2024-12-23,S004,P0009,119,20,0
2024-12-23,S004,P0010,87,20,0
2024-12-23,S005,P0001,62,20,0
2024-12-23,S005,P0002,72,20,0
2024-12-23,S005,P0003,54,20,0
2024-12-23,S005,P0004,41,20,0
2024-12-23,S005,P0005,113,20,0
2024-12-23,S005,P0006,33,20,0
2024-12-23,S005,P0007,81,20,0
2024-12-23,S005,P0008,89,20,0
2024-12-23,S005,P0009,53,20,0
2024-12-23,S005,P0010,86,20,0
2024-12-24,S001,P0001,48,20,0
2024-12-24,S001,P0002,109,20,0
2024-12-24,S001,P0003,112,20,0
2024-12-24,S001,P0004,35,20,0
2024-12-24,S001,P0005,81,20,0
2024-12-24,S001,P0006,85,20,0
2024-12-24,S001,P0007,70,20,0
2024-12-24,S001,P0008,49,20,0
2024-12-24,S001,P0009,88,20,0
2024-12-24,S001,P0010,98,20,0
2024-12-24,S002,P0001,76,20,0
2024-12-24,S002,P0002,30,20,0
2024-12-24,S002,P0003,32,20,0
2024-12-24,S002,P0004,28,20,0
2024-12-24,S002,P0005,30,20,0
2024-12-24,S002,P0006,57,20,0
2024-12-24,S002,P0007,111,20,0
2024-12-24,S002,P0008,119,20,0
2024-12-24,S002,P0009,118,20,0
2024-12-24,S002,P0010,74,20,0
2024-12-24,S003,P0001,72,20,0
2024-12-24,S003,P0002,29,20,0
2024-12-24,S003,P0003,33,20,0
2024-12-24,S003,P0004,106,20,0
2024-12-24,S003,P0005,23,20,0
2024-12-24,S003,P0006,113,20,0
2024-12-24,S003,P0007,33,20,0
2024-12-24,S003,P0008,41,20,0
2024-12-24,S003,P0009,22,20,0
2024-12-24,S003,P0010,115,20,0
2024-12-24,S004,P0001,35,20,0
2024-12-24,S004,P0002,112,20,0
2024-12-24,S004,P0003,20,20,0
2024-12-24,S004,P0004,27,20,0
2024-12-24,S004,P0005,82,20,0
2024-12-24,S004,P0006,102,20,0
2024-12-24,S004,P0007,98,20,0
2024-12-24,S004,P0008,53,20,0
2024-12-24,S004,P0009,114,20,0
2024-12-24,S004,P0010,80,20,0
2024-12-24,S005,P0001,58,20,0
2024-12-24,S005,P0002,67,20,0
2024-12-24,S005,P0003,47,20,0
2024-12-24,S005,P0004,39,20,0
2024-12-24,S005,P0005,108,20,0
2024-12-24,S005,P0006,29,20,0
2024-12-24,S005,P0007,78,20,0
2024-12-24,S005,P0008,83,20,0
2024-12-24,S005,P0009,46,20,0
2024-12-24,S005,P0010,78,20,0
2024-12-25,S001,P0001,44,20,0
2024-12-25,S001,P0002,102,20,0
2024-12-25,S001,P0003,106,20,0
2024-12-25,S001,P0004,33,20,0
2024-12-25,S001,P0005,75,20,0
2024-12-25,S001,P0006,84,20,0
2024-12-25,S001,P0007,66,20,0
2024-12-25,S001,P0008,46,20,0
2024-12-25,S001,P0009,79,20,0
2024-12-25,S001,P0010,97,20,0
2024-12-25,S002,P0001,69,20,0
2024-12-25,S002,P0002,26,20,0
2024-12-25,S002,P0003,27,20,0
2024-12-25,S002,P0004,28,20,0
2024-12-25,S002,P0005,22,20,0
2024-12-25,S002,P0006,54,20,0
2024-12-25,S002,P0007,109,20,0
2024-12-25,S002,P0008,115,20,0
2024-12-25,S002,P0009,115,20,0
2024-12-25,S002,P0010,66,20,0
2024-12-25,S003,P0001,66,20,0
2024-12-25,S003,P0002,23,20,0
2024-12-25,S003,P0003,28,20,0
2024-12-25,S003,P0004,103,20,0
2024-12-25,S003,P0005,20,20,0
2024-12-25,S003,P0006,110,20,0
2024-12-25,S003,P0007,28,20,0
2024-12-25,S003,P0008,37,20,0
2024-12-25,S003,P0009,119,20,0
2024-12-25,S003,P0010,110,20,0
2024-12-25,S004,P0001,27,20,0
2024-12-25,S004,P0002,108,20,0
2024-12-25,S004,P0003,116,20,0
2024-12-25,S004,P0004,23,20,0
2024-12-25,S004,P0005,73,20,0
2024-12-25,S004,P0006,101,20,0
2024-12-25,S004,P0007,93,20,0
2024-12-25,S004,P0008,47,20,0
2024-12-25,S004,P0009,112,20,0
2024-12-25,S004,P0010,75,20,0
2024-12-25,S005,P0001,51,20,0
2024-12-25,S005,P0002,57,20,0
2024-12-25,S005,P0003,44,20,0
2024-12-25,S005,P0004,37,20,0
2024-12-25,S005,P0005,97,20,0
2024-12-25,S005,P0006,23,20,0
2024-12-25,S005,P0007,73,20,0
2024-12-25,S005,P0008,81,20,0
2024-12-25,S005,P0009,37,20,0
2024-12-25,S005,P0010,71,20,0
2024-12-26,S001,P0001,43,20,0
2024-12-26,S001,P0002,102,20,0
2024-12-26,S001,P0003,104,20,0
2024-12-26,S001,P0004,32,20,0
2024-12-26,S001,P0005,74,20,0
2024-12-26,S001,P0006,84,20,0
2024-12-26,S001,P0007,63,20,0
2024-12-26,S001,P0008,46,20,0
2024-12-26,S001,P0009,78,20,0
2024-12-26,S001,P0010,97,20,0
2024-12-26,S002,P0001,65,20,0
2024-12-26,S002,P0002,26,20,0
2024-12-26,S002,P0003,25,20,0
2024-12-26,S002,P0004,27,20,0
2024-12-26,S002,P0005,20,20,0
2024-12-26,S002,P0006,53,20,0
2024-12-26,S002,P0007,109,20,0
2024-12-26,S002,P0008,113,20,0
2024-12-26,S002,P0009,113,20,0
2024-12-26,S002,P0010,65,20,0
2024-12-26,S003,P0001,64,20,0
2024-12-26,S003,P0002,20,20,0
2024-12-26,S003,P0003,27,20,0
2024-12-26,S003,P0004,103,20,0
2024-12-26,S003,P0005,118,20,0
2024-12-26,S003,P0006,110,20,0
2024-12-26,S003,P0007,27,20,0
2024-12-26,S003,P0008,36,20,0
2024-12-26,S003,P0009,117,20,0
2024-12-26,S003,P0010,109,20,0
2024-12-26,S004,P0001,23,20,0
2024-12-26,S004,P0002,107,20,0
2024-12-26,S004,P0003,115,20,0
2024-12-26,S004,P0004,23,20,0
2024-12-26,S004,P0005,72,20,0
2024-12-26,S004,P0006,100,20,0
2024-12-26,S004,P0007,91,20,0
2024-12-26,S004,P0008,43,20,0
2024-12-26,S004,P0009,110,20,0
2024-12-26,S004,P0010,74,20,0
2024-12-26,S005,P0001,47,20,0
2024-12-26,S005,P0002,56,20,0
2024-12-26,S005,P0003,43,20,0
2024-12-26,S005,P0004,36,20,0
2024-12-26,S005,P0005,96,20,0
2024-12-26,S005,P0006,22,20,0
2024-12-26,S005,P0007,72,20,0
2024-12-26,S005,P0008,81,20,0
2024-12-26,S005,P0009,36,20,0
2024-12-26,S005,P0010,70,20,0
2024-12-27,S001,P0001,42,20,0
2024-12-27,S001,P0002,97,20,0
2024-12-27,S001,P0003,102,20,0
2024-12-27,S001,P0004,29,20,0
2024-12-27,S001,P0005,71,20,0
2024-12-27,S001,P0006,84,20,0
2024-12-27,S001,P0007,63,20,0
2024-12-27,S001,P0008,45,20,0
2024-12-27,S001,P0009,75,20,0
2024-12-27,S001,P0010,94,20,0
2024-12-27,S002,P0001,62,20,0
2024-12-27,S002,P0002,26,20,0
2024-12-27,S002,P0003,22,20,0
2024-12-27,S002,P0004,25,20,0
2024-12-27,S002,P0005,118,20,0
2024-12-27,S002,P0006,53,20,0
2024-12-27,S002,P0007,109,20,0
2024-12-27,S002,P0008,111,20,0
2024-12-27,S002,P0009,111,20,0
2024-12-27,S002,P0010,62,20,0
2024-12-27,S003,P0001,62,20,0
2024-12-27,S003,P0002,119,20,0
2024-12-27,S003,P0003,25,20,0
2024-12-27,S003,P0004,103,20,0
2024-12-27,S003,P0005,113,20,0
2024-12-27,S003,P0006,109,20,0
2024-12-27,S003,P0007,25,20,0
2024-12-27,S003,P0008,34,20,0
2024-12-27,S003,P0009,117,20,0
2024-12-27,S003,P0010,108,20,0
2024-12-27,S004,P0001,22,20,0
2024-12-27,S004,P0002,105,20,0
2024-12-27,S004,P0003,112,20,0
2024-12-27,S004,P0004,23,20,0
2024-12-27,S004,P0005,70,20,0
2024-12-27,S004,P0006,100,20,0
2024-12-27,S004,P0007,90,20,0
2024-12-27,S004,P0008,43,20,0
2024-12-27,S004,P0009,107,20,0
2024-12-27,S004,P0010,74,20,0
2024-12-27,S005,P0001,46,20,0
2024-12-27,S005,P0002,53,20,0
2024-12-27,S005,P0003,42,20,0
2024-12-27,S005,P0004,35,20,0
2024-12-27,S005,P0005,96,20,0
2024-12-27,S005,P0006,22,20,0
2024-12-27,S005,P0007,71,20,0
2024-12-27,S005,P0008,80,20,0
2024-12-27,S005,P0009,33,20,0
2024-12-27,S005,P0010,70,20,0
2024-12-28,S001,P0001,40,20,0
2024-12-28,S001,P0002,96,20,0
2024-12-28,S001,P0003,100,20,0
2024-12-28,S001,P0004,29,20,0
2024-12-28,S001,P0005,70,20,0
2024-12-28,S001,P0006,84,20,0
2024-12-28,S001,P0007,63,20,0
2024-12-28,S001,P0008,42,20,0
2024-12-28,S001,P0009,75,20,0
2024-12-28,S001,P0010,92,20,0
2024-12-28,S002,P0001,61,20,0
2024-12-28,S002,P0002,23,20,0
2024-12-28,S002,P0003,20,20,0
2024-12-28,S002,P0004,25,20,0
2024-12-28,S002,P0005,117,20,0
2024-12-28,S002,P0006,53,20,0
2024-12-28,S002,P0007,107,20,0
2024-12-28,S002,P0008,108,20,0
2024-12-28,S002,P0009,109,20,0
2024-12-28,S002,P0010,62,20,0
2024-12-28,S003,P0001,59,20,0
2024-12-28,S003,P0002,118,20,0
2024-12-28,S003,P0003,24,20,0
2024-12-28,S003,P0004,101,20,0
2024-12-28,S003,P0005,108,20,0
2024-12-28,S003,P0006,108,20,0
2024-12-28,S003,P0007,24,20,0
2024-12-28,S003,P0008,32,20,0
2024-12-28,S003,P0009,115,20,0
2024-12-28,S003,P0010,106,20,0
2024-12-28,S004,P0001,21,20,0
2024-12-28,S004,P0002,104,20,0
2024-12-28,S004,P0003,111,20,0
2024-12-28,S004,P0004,22,20,0
2024-12-28,S004,P0005,68,20,0
2024-12-28,S004,P0006,98,20,0
2024-12-28,S004,P0007,90,20,0
2024-12-28,S004,P0008,42,20,0
2024-12-28,S004,P0009,104,20,0
2024-12-28,S004,P0010,74,20,0
2024-12-28,S005,P0001,44,20,0
2024-12-28,S005,P0002,52,20,0
2024-12-28,S005,P0003,40,20,0
2024-12-28,S005,P0004,33,20,0
2024-12-28,S005,P0005,93,20,0
2024-12-28,S005,P0006,21,20,0
2024-12-28,S005,P0007,71,20,0
2024-12-28,S005,P0008,80,20,0
2024-12-28,S005,P0009,32,20,0
2024-12-28,S005,P0010,66,20,0
2024-12-29,S001,P0001,39,20,0
2024-12-29,S001,P0002,96,20,0
2024-12-29,S001,P0003,99,20,0
2024-12-29,S001,P0004,29,20,0
2024-12-29,S001,P0005,61,20,0
2024-12-29,S001,P0006,83,20,0
2024-12-29,S001,P0007,63,20,0
2024-12-29,S001,P0008,41,20,0
2024-12-29,S001,P0009,73,20,0
2024-12-29,S001,P0010,91,20,0
2024-12-29,S002,P0001,59,20,0
2024-12-29,S002,P0002,23,20,0
2024-12-29,S002,P0003,20,20,0
2024-12-29,S002,P0004,25,20,0
2024-12-29,S002,P0005,115,20,0
2024-12-29,S002,P0006,53,20,0
2024-12-29,S002,P0007,106,20,0
2024-12-29,S002,P0008,106,20,0
2024-12-29,S002,P0009,109,20,0
2024-12-29,S002,P0010,57,20,0
2024-12-29,S003,P0001,58,20,0
2024-12-29,S003,P0002,114,20,0
2024-12-29,S003,P0003,23,20,0
2024-12-29,S003,P0004,100,20,0
2024-12-29,S003,P0005,107,20,0
2024-12-29,S003,P0006,107,20,0
2024-12-29,S003,P0007,23,20,0
2024-12-29,S003,P0008,32,20,0
2024-12-29,S003,P0009,114,20,0
2024-12-29,S003,P0010,103,20,0
2024-12-29,S004,P0001,119,20,0
2024-12-29,S004,P0002,104,20,0
2024-12-29,S004,P0003,109,20,0
2024-12-29,S004,P0004,21,20,0
2024-12-29,S004,P0005,66,20,0
2024-12-29,S004,P0006,98,20,0
2024-12-29,S004,P0007,90,20,0
2024-12-29,S004,P0008,42,20,0
2024-12-29,S004,P0009,101,20,0
2024-12-29,S004,P0010,73,20,0
2024-12-29,S005,P0001,42,20,0
2024-12-29,S005,P0002,49,20,0
2024-12-29,S005,P0003,38,20,0
2024-12-29,S005,P0004,33,20,0
2024-12-29,S005,P0005,92,20,0
2024-12-29,S005,P0006,20,20,0
2024-12-29,S005,P0007,71,20,0
2024-12-29,S005,P0008,79,20,0
2024-12-29,S005,P0009,31,20,0
2024-12-29,S005,P0010,63,20,0
2024-12-30,S001,P0001,37,20,0
2024-12-30,S001,P0002,93,20,0
2024-12-30,S001,P0003,98,20,0
2024-12-30,S001,P0004,28,20,0
2024-12-30,S001,P0005,60,20,0
2024-12-30,S001,P0006,82,20,0
2024-12-30,S001,P0007,62,20,0
2024-12-30,S001,P0008,39,20,0
2024-12-30,S001,P0009,70,20,0
2024-12-30,S001,P0010,88,20,0
2024-12-30,S002,P0001,57,20,0
2024-12-30,S002,P0002,21,20,0
2024-12-30,S002,P0003,117,20,0
2024-12-30,S002,P0004,25,20,0
2024-12-30,S002,P0005,113,20,0
2024-12-30,S002,P0006,52,20,0
2024-12-30,S002,P0007,105,20,0
2024-12-30,S002,P0008,104,20,0
2024-12-30,S002,P0009,107,20,0
2024-12-30,S002,P0010,57,20,0
2024-12-30,S003,P0001,56,20,0
2024-12-30,S003,P0002,114,20,0
2024-12-30,S003,P0003,20,20,0
2024-12-30,S003,P0004,99,20,0
2024-12-30,S003,P0005,105,20,0
2024-12-30,S003,P0006,105,20,0
2024-12-30,S003,P0007,21,20,0
2024-12-30,S003,P0008,31,20,0
2024-12-30,S003,P0009,111,20,0
2024-12-30,S003,P0010,102,20,0
2024-12-30,S004,P0001,118,20,0
2024-12-30,S004,P0002,103,20,0
2024-12-30,S004,P0003,108,20,0
2024-12-30,S004,P0004,20,20,0
2024-12-30,S004,P0005,62,20,0
2024-12-30,S004,P0006,97,20,0
2024-12-30,S004,P0007,89,20,0
2024-12-30,S004,P0008,42,20,0
2024-12-30,S004,P0009,99,20,0
2024-12-30,S004,P0010,73,20,0
2024-12-30,S005,P0001,39,20,0
2024-12-30,S005,P0002,47,20,0
2024-12-30,S005,P0003,36,20,0
2024-12-30,S005,P0004,33,20,0
2024-12-30,S005,P0005,90,20,0
2024-12-30,S005,P0006,20,20,0
2024-12-30,S005,P0007,71,20,0
2024-12-30,S005,P0008,77,20,0
2024-12-30,S005,P0009,29,20,0
2024-12-30,S005,P0010,62,20,0
2024-12-31,S001,P0001,36,20,0
2024-12-31,S001,P0002,93,20,0
2024-12-31,S001,P0003,95,20,0
2024-12-31,S001,P0004,28,20,0
2024-12-31,S001,P0005,58,20,0
2024-12-31,S001,P0006,81,20,0
2024-12-31,S001,P0007,62,20,0
2024-12-31,S001,P0008,38,20,0
2024-12-31,S001,P0009,66,20,0
2024-12-31,S001,P0010,87,20,0
2024-12-31,S002,P0001,56,20,0
2024-12-31,S002,P0002,119,20,0
2024-12-31,S002,P0003,117,20,0
2024-12-31,S002,P0004,24,20,0
2024-12-31,S002,P0005,110,20,0
2024-12-31,S002,P0006,52,20,0
2024-12-31,S002,P0007,105,20,0
2024-12-31,S002,P0008,104,20,0
2024-12-31,S002,P0009,106,20,0
2024-12-31,S002,P0010,55,20,0
2024-12-31,S003,P0001,54,20,0
2024-12-31,S003,P0002,114,20,0
2024-12-31,S003,P0003,119,20,0
2024-12-31,S003,P0004,98,20,0
2024-12-31,S003,P0005,104,20,0
2024-12-31,S003,P0006,104,20,0
2024-12-31,S003,P0007,117,20,0
2024-12-31,S003,P0008,29,20,0
2024-12-31,S003,P0009,111,20,0
2024-12-31,S003,P0010,100,20,0
2024-12-31,S004,P0001,116,20,0
2024-12-31,S004,P0002,100,20,0
2024-12-31,S004,P0003,108,20,0
2024-12-31,S004,P0004,20,20,0
2024-12-31,S004,P0005,58,20,0
2024-12-31,S004,P0006,96,20,0
2024-12-31,S004,P0007,88,20,0
2024-12-31,S004,P0008,42,20,0
2024-12-31,S004,P0009,98,20,0
2024-12-31,S004,P0010,72,20,0
2024-12-31,S005,P0001,36,20,0
2024-12-31,S005,P0002,47,20,0
2024-12-31,S005,P0003,33,20,0
2024-12-31,S005,P0004,32,20,0
2024-12-31,S005,P0005,90,20,0
2024-12-31,S005,P0006,20,20,0
2024-12-31,S005,P0007,71,20,0
2024-12-31,S005,P0008,76,20,0
2024-12-31,S005,P0009,29,20,0
2024-12-31,S005,P0010,61,20,0
2025-01-01,S001,P0001,34,20,0
2025-01-01,S001,P0002,93,20,0
2025-01-01,S001,P0003,93,20,0
2025-01-01,S001,P0004,27,20,0
2025-01-01,S001,P0005,54,20,0
2025-01-01,S001,P0006,80,20,0
2025-01-01,S001,P0007,61,20,0
2025-01-01,S001,P0008,35,20,0
2025-01-01,S001,P0009,65,20,0
2025-01-01,S001,P0010,86,20,0
2025-01-01,S002,P0001,55,20,0
2025-01-01,S002,P0002,119,20,0
2025-01-01,S002,P0003,115,20,0
2025-01-01,S002,P0004,21,20,0
2025-01-01,S002,P0005,106,20,0
2025-01-01,S002,P0006,52,20,0
2025-01-01,S002,P0007,101,20,0
2025-01-01,S002,P0008,102,20,0
2025-01-01,S002,P0009,105,20,0
2025-01-01,S002,P0010,53,20,0
2025-01-01,S003,P0001,54,20,0
2025-01-01,S003,P0002,109,20,0
2025-01-01,S003,P0003,119,20,0
2025-01-01,S003,P0004,98,20,0
2025-01-01,S003,P0005,102,20,0
2025-01-01,S003,P0006,102,20,0
2025-01-01,S003,P0007,117,20,0
2025-01-01,S003,P0008,29,20,0
2025-01-01,S003,P0009,111,20,0
2025-01-01,S003,P0010,96,20,0
2025-01-01,S004,P0001,114,20,0
2025-01-01,S004,P0002,98,20,0
2025-01-01,S004,P0003,107,20,0
2025-01-01,S004,P0004,118,20,0
2025-01-01,S004,P0005,58,20,0
2025-01-01,S004,P0006,95,20,0
2025-01-01,S004,P0007,86,20,0
2025-01-01,S004,P0008,41,20,0
2025-01-01,S004,P0009,93,20,0
2025-01-01,S004,P0010,70,20,0
2025-01-01,S005,P0001,33,20,0
2025-01-01,S005,P0002,46,20,0
2025-01-01,S005,P0003,31,20,0
2025-01-01,S005,P0004,31,20,0
2025-01-01,S005,P0005,88,20,0
2025-01-01,S005,P0006,119,20,0
2025-01-01,S005,P0007,71,20,0
2025-01-01,S005,P0008,75,20,0
2025-01-01,S005,P0009,29,20,0
2025-01-01,S005,P0010,59,20,0
2025-01-02,S001,P0001,32,20,0
2025-01-02,S001,P0002,87,20,0
2025-01-02,S001,P0003,90,20,0
2025-01-02,S001,P0004,27,20,0
2025-01-02,S001,P0005,53,20,0
2025-01-02,S001,P0006,80,20,0
2025-01-02,S001,P0007,60,20,0
2025-01-02,S001,P0008,34,20,0
2025-01-02,S001,P0009,64,20,0
2025-01-02,S001,P0010,85,20,0
2025-01-02,S002,P0001,51,20,0
2025-01-02,S002,P0002,119,20,0
2025-01-02,S002,P0003,114,20,0
2025-01-02,S002,P0004,20,20,0
2025-01-02,S002,P0005,103,20,0
2025-01-02,S002,P0006,52,20,0
2025-01-02,S002,P0007,101,20,0
2025-01-02,S002,P0008,99,20,0
2025-01-02,S002,P0009,105,20,0
2025-01-02,S002,P0010,53,20,0
2025-01-02,S003,P0001,52,20,0
2025-01-02,S003,P0002,107,20,0
2025-01-02,S003,P0003,118,20,0
2025-01-02,S003,P0004,97,20,0
2025-01-02,S003,P0005,100,20,0
2025-01-02,S003,P0006,102,20,0
2025-01-02,S003,P0007,116,20,0
2025-01-02,S003,P0008,29,20,0
2025-01-02,S003,P0009,110,20,0
2025-01-02,S003,P0010,94,20,0
2025-01-02,S004,P0001,112,20,0
2025-01-02,S004,P0002,97,20,0
2025-01-02,S004,P0003,106,20,0
2025-01-02,S004,P0004,118,20,0
2025-01-02,S004,P0005,56,20,0
2025-01-02,S004,P0006,94,20,0
2025-01-02,S004,P0007,85,20,0
2025-01-02,S004,P0008,40,20,0
2025-01-02,S004,P0009,93,20,0
2025-01-02,S004,P0010,69,20,0
2025-01-02,S005,P0001,31,20,0
2025-01-02,S005,P0002,43,20,0
2025-01-02,S005,P0003,28,20,0
2025-01-02,S005,P0004,31,20,0
2025-01-02,S005,P0005,83,20,0
2025-01-02,S005,P0006,119,20,0
2025-01-02,S005,P0007,70,20,0
2025-01-02,S005,P0008,73,20,0
2025-01-02,S005,P0009,28,20,0
2025-01-02,S005,P0010,58,20,0
2025-01-03,S001,P0001,30,20,0
2025-01-03,S001,P0002,87,20,0
2025-01-03,S001,P0003,89,20,0
2025-01-03,S001,P0004,27,20,0
2025-01-03,S001,P0005,51,20,0
2025-01-03,S001,P0006,80,20,0
2025-01-03,S001,P0007,57,20,0
2025-01-03,S001,P0008,31,20,0
2025-01-03,S001,P0009,64,20,0
2025-01-03,S001,P0010,84,20,0
2025-01-03,S002,P0001,48,20,0
2025-01-03,S002,P0002,119,20,0
2025-01-03,S002,P0003,113,20,0
2025-01-03,S002,P0004,20,20,0
2025-01-03,S002,P0005,100,20,0
2025-01-03,S002,P0006,52,20,0
2025-01-03,S002,P0007,100,20,0
2025-01-03,S002,P0008,98,20,0
2025-01-03,S002,P0009,105,20,0
2025-01-03,S002,P0010,53,20,0
2025-01-03,S003,P0001,50,20,0
2025-01-03,S003,P0002,105,20,0
2025-01-03,S003,P0003,117,20,0
2025-01-03,S003,P0004,97,20,0
2025-01-03,S003,P0005,99,20,0
2025-01-03,S003,P0006,102,20,0
2025-01-03,S003,P0007,114,20,0
2025-01-03,S003,P0008,28,20,0
2025-01-03,S003,P0009,107,20,0
2025-01-03,S003,P0010,94,20,0
2025-01-03,S004,P0001,112,20,0
2025-01-03,S004,P0002,97,20,0
2025-01-03,S004,P0003,106,20,0
2025-01-03,S004,P0004,117,20,0
2025-01-03,S004,P0005,54,20,0
2025-01-03,S004,P0006,94,20,0
2025-01-03,S004,P0007,84,20,0
2025-01-03,S004,P0008,39,20,0
2025-01-03,S004,P0009,91,20,0
2025-01-03,S004,P0010,66,20,0
2025-01-03,S005,P0001,31,20,0
2025-01-03,S005,P0002,42,20,0
2025-01-03,S005,P0003,28,20,0
2025-01-03,S005,P0004,31,20,0
2025-01-03,S005,P0005,81,20,0
2025-01-03,S005,P0006,118,20,0
2025-01-03,S005,P0007,69,20,0
2025-01-03,S005,P0008,72,20,0
2025-01-03,S005,P0009,27,20,0
2025-01-03,S005,P0010,58,20,0
2025-01-04,S001,P0001,28,20,0
2025-01-04,S001,P0002,85,20,0
2025-01-04,S001,P0003,89,20,0
2025-01-04,S001,P0004,25,20,0
2025-01-04,S001,P0005,47,20,0
2025-01-04,S001,P0006,80,20,0
2025-01-04,S001,P0007,57,20,0
2025-01-04,S001,P0008,27,20,0
2025-01-04,S001,P0009,61,20,0
2025-01-04,S001,P0010,83,20,0
2025-01-04,S002,P0001,47,20,0
2025-01-04,S002,P0002,118,20,0
2025-01-04,S002,P0003,110,20,0
2025-01-04,S002,P0004,119,20,0
2025-01-04,S002,P0005,97,20,0
2025-01-04,S002,P0006,50,20,0
2025-01-04,S002,P0007,100,20,0
2025-01-04,S002,P0008,97,20,0
2025-01-04,S002,P0009,103,20,0
2025-01-04,S002,P0010,52,20,0
2025-01-04,S003,P0001,49,20,0
2025-01-04,S003,P0002,103,20,0
2025-01-04,S003,P0003,113,20,0
2025-01-04,S003,P0004,94,20,0
2025-01-04,S003,P0005,99,20,0
2025-01-04,S003,P0006,101,20,0
2025-01-04,S003,P0007,114,20,0
2025-01-04,S003,P0008,28,20,0
2025-01-04,S003,P0009,107,20,0
2025-01-04,S003,P0010,94,20,0
2025-01-04,S004,P0001,112,20,0
2025-01-04,S004,P0002,94,20,0
2025-01-04,S004,P0003,104,20,0
2025-01-04,S004,P0004,117,20,0
2025-01-04,S004,P0005,52,20,0
2025-01-04,S004,P0006,94,20,0
2025-01-04,S004,P0007,83,20,0
2025-01-04,S004,P0008,39,20,0
2025-01-04,S004,P0009,89,20,0
2025-01-04,S004,P0010,66,20,0
2025-01-04,S005,P0001,31,20,0
2025-01-04,S005,P0002,40,20,0
2025-01-04,S005,P0003,27,20,0
2025-01-04,S005,P0004,30,20,0
2025-01-04,S005,P0005,81,20,0
2025-01-04,S005,P0006,118,20,0
2025-01-04,S005,P0007,68,20,0
2025-01-04,S005,P0008,70,20,0
2025-01-04,S005,P0009,27,20,0
2025-01-04,S005,P0010,57,20,0
2025-01-05,S001,P0001,25,20,0
2025-01-05,S001,P0002,82,20,0
2025-01-05,S001,P0003,86,20,0
2025-01-05,S001,P0004,25,20,0
2025-01-05,S001,P0005,44,20,0
2025-01-05,S001,P0006,80,20,0
2025-01-05,S001,P0007,57,20,0
2025-01-05,S001,P0008,26,20,0
2025-01-05,S001,P0009,58,20,0
2025-01-05,S001,P0010,82,20,0
2025-01-05,S002,P0001,47,20,0
2025-01-05,S002,P0002,117,20,0
2025-01-05,S002,P0003,110,20,0
2025-01-05,S002,P0004,118,20,0
2025-01-05,S002,P0005,93,20,0
2025-01-05,S002,P0006,49,20,0
2025-01-05,S002,P0007,99,20,0
2025-01-05,S002,P0008,97,20,0
2025-01-05,S002,P0009,103,20,0
2025-01-05,S002,P0010,52,20,0
2025-01-05,S003,P0001,47,20,0
2025-01-05,S003,P0002,102,20,0
2025-01-05,S003,P0003,112,20,0
2025-01-05,S003,P0004,93,20,0
2025-01-05,S003,P0005,98,20,0
2025-01-05,S003,P0006,101,20,0
2025-01-05,S003,P0007,112,20,0
2025-01-05,S003,P0008,28,20,0
2025-01-05,S003,P0009,103,20,0
2025-01-05,S003,P0010,92,20,0
2025-01-05,S004,P0001,110,20,0
2025-01-05,S004,P0002,94,20,0
2025-01-05,S004,P0003,103,20,0
2025-01-05,S004,P0004,115,20,0
2025-01-05,S004,P0005,50,20,0
2025-01-05,S004,P0006,94,20,0
2025-01-05,S004,P0007,80,20,0
2025-01-05,S004,P0008,39,20,0
2025-01-05,S004,P0009,89,20,0
2025-01-05,S004,P0010,66,20,0
2025-01-05,S005,P0001,29,20,0
2025-01-05,S005,P0002,38,20,0
2025-01-05,S005,P0003,23,20,0
2025-01-05,S005,P0004,28,20,0
2025-01-05,S005,P0005,77,20,0
2025-01-05,S005,P0006,118,20,0
2025-01-05,S005,P0007,68,20,0
2025-01-05,S005,P0008,68,20,0
2025-01-05,S005,P0009,24,20,0
2025-01-05,S005,P0010,57,20,0
2025-01-06,S001,P0001,24,20,0
2025-01-06,S001,P0002,81,20,0
2025-01-06,S001,P0003,84,20,0
2025-01-06,S001,P0004,24,20,0
2025-01-06,S001,P0005,44,20,0
2025-01-06,S001,P0006,79,20,0
2025-01-06,S001,P0007,57,20,0
2025-01-06,S001,P0008,25,20,0
2025-01-06,S001,P0009,57,20,0
2025-01-06,S001,P0010,81,20,0
2025-01-06,S002,P0001,47,20,0
2025-01-06,S002,P0002,116,20,0
2025-01-06,S002,P0003,109,20,0
2025-01-06,S002,P0004,118,20,0
2025-01-06,S002,P0005,91,20,0
2025-01-06,S002,P0006,49,20,0
2025-01-06,S002,P0007,98,20,0
2025-01-06,S002,P0008,95,20,0
2025-01-06,S002,P0009,102,20,0
2025-01-06,S002,P0010,52,20,0
2025-01-06,S003,P0001,46,20,0
2025-01-06,S003,P0002,102,20,0
2025-01-06,S003,P0003,110,20,0
2025-01-06,S003,P0004,91,20,0
2025-01-06,S003,P0005,96,20,0
2025-01-06,S003,P0006,101,20,0
2025-01-06,S003,P0007,112,20,0
2025-01-06,S003,P0008,26,20,0
2025-01-06,S003,P0009,102,20,0
2025-01-06,S003,P0010,90,20,0
2025-01-06,S004,P0001,107,20,0
2025-01-06,S004,P0002,91,20,0
2025-01-06,S004,P0003,101,20,0
2025-01-06,S004,P0004,115,20,0
2025-01-06,S004,P0005,48,20,0
2025-01-06,S004,P0006,92,20,0
2025-01-06,S004,P0007,80,20,0
2025-01-06,S004,P0008,38,20,0
2025-01-06,S004,P0009,86,20,0
2025-01-06,S004,P0010,63,20,0
2025-01-06,S005,P0001,29,20,0
2025-01-06,S005,P0002,33,20,0
2025-01-06,S005,P0003,21,20,0
2025-01-06,S005,P0004,27,20,0
2025-01-06,S005,P0005,73,20,0
2025-01-06,S005,P0006,117,20,0
2025-01-06,S005,P0007,68,20,0
2025-01-06,S005,P0008,66,20,0
2025-01-06,S005,P0009,23,20,0
2025-01-06,S005,P0010,55,20,0
2025-01-07,S001,P0001,23,20,0
2025-01-07,S001,P0002,79,20,0
2025-01-07,S001,P0003,80,20,0
2025-01-07,S001,P0004,23,20,0
2025-01-07,S001,P0005,41,20,0
2025-01-07,S001,P0006,79,20,0
2025-01-07,S001,P0007,57,20,0
2025-01-07,S001,P0008,23,20,0
2025-01-07,S001,P0009,55,20,0
2025-01-07,S001,P0010,78,20,0
2025-01-07,S002,P0001,46,20,0
2025-01-07,S002,P0002,114,20,0
2025-01-07,S002,P0003,109,20,0
2025-01-07,S002,P0004,118,20,0
2025-01-07,S002,P0005,87,20,0
2025-01-07,S002,P0006,49,20,0
2025-01-07,S002,P0007,98,20,0
2025-01-07,S002,P0008,95,20,0
2025-01-07,S002,P0009,98,20,0
2025-01-07,S002,P0010,51,20,0
2025-01-07,S003,P0001,43,20,0
2025-01-07,S003,P0002,101,20,0
2025-01-07,S003,P0003,109,20,0
2025-01-07,S003,P0004,89,20,0
2025-01-07,S003,P0005,92,20,0
2025-01-07,S003,P0006,100,20,0
2025-01-07,S003,P0007,109,20,0
2025-01-07,S003,P0008,23,20,0
2025-01-07,S003,P0009,101,20,0
2025-01-07,S003,P0010,89,20,0
2025-01-07,S004,P0001,106,20,0
2025-01-07,S004,P0002,86,20,0
2025-01-07,S004,P0003,99,20,0
2025-01-07,S004,P0004,111,20,0
2025-01-07,S004,P0005,47,20,0
2025-01-07,S004,P0006,92,20,0
2025-01-07,S004,P0007,80,20,0
2025-01-07,S004,P0008,36,20,0
2025-01-07,S004,P0009,85,20,0
2025-01-07,S004,P0010,63,20,0
2025-01-07,S005,P0001,29,20,0
2025-01-07,S005,P0002,33,20,0
2025-01-07,S005,P0003,119,20,0
2025-01-07,S005,P0004,25,20,0
2025-01-07,S005,P0005,70,20,0
2025-01-07,S005,P0006,117,20,0
2025-01-07,S005,P0007,68,20,0
2025-01-07,S005,P0008,65,20,0
2025-01-07,S005,P0009,118,20,0
2025-01-07,S005,P0010,54,20,0
2025-01-08,S001,P0001,118,20,0
2025-01-08,S001,P0002,78,20,0
2025-01-08,S001,P0003,78,20,0
2025-01-08,S001,P0004,22,20,0
2025-01-08,S001,P0005,39,20,0
2025-01-08,S001,P0006,78,20,0
2025-01-08,S001,P0007,57,20,0
2025-01-08,S001,P0008,21,20,0
2025-01-08,S001,P0009,54,20,0
2025-01-08,S001,P0010,76,20,0
2025-01-08,S002,P0001,45,20,0
2025-01-08,S002,P0002,112,20,0
2025-01-08,S002,P0003,108,20,0
2025-01-08,S002,P0004,117,20,0
2025-01-08,S002,P0005,85,20,0
2025-01-08,S002,P0006,49,20,0
2025-01-08,S002,P0007,98,20,0
2025-01-08,S002,P0008,95,20,0
2025-01-08,S002,P0009,95,20,0
2025-01-08,S002,P0010,50,20,0
2025-01-08,S003,P0001,42,20,0
2025-01-08,S003,P0002,99,20,0
2025-01-08,S003,P0003,108,20,0
2025-01-08,S003,P0004,89,20,0
2025-01-08,S003,P0005,89,20,0
2025-01-08,S003,P0006,100,20,0
2025-01-08,S003,P0007,108,20,0
2025-01-08,S003,P0008,21,20,0
2025-01-08,S003,P0009,97,20,0
2025-01-08,S003,P0010,89,20,0
2025-01-08,S004,P0001,105,20,0
2025-01-08,S004,P0002,86,20,0
2025-01-08,S004,P0003,97,20,0
2025-01-08,S004,P0004,110,20,0
2025-01-08,S004,P0005,44,20,0
2025-01-08,S004,P0006,91,20,0
2025-01-08,S004,P0007,78,20,0
2025-01-08,S004,P0008,32,20,0
2025-01-08,S004,P0009,82,20,0
2025-01-08,S004,P0010,63,20,0
2025-01-08,S005,P0001,29,20,0
2025-01-08,S005,P0002,32,20,0
2025-01-08,S005,P0003,118,20,0
2025-01-08,S005,P0004,24,20,0
2025-01-08,S005,P0005,69,20,0
2025-01-08,S005,P0006,116,20,0
2025-01-08,S005,P0007,68,20,0
2025-01-08,S005,P0008,64,20,0
2025-01-08,S005,P0009,117,20,0
2025-01-08,S005,P0010,53,20,0
2025-01-09,S001,P0001,115,20,0
2025-01-09,S001,P0002,77,20,0
2025-01-09,S001,P0003,76,20,0
2025-01-09,S001,P0004,22,20,0
2025-01-09,S001,P0005,38,20,0
2025-01-09,S001,P0006,78,20,0
2025-01-09,S001,P0007,56,20,0
2025-01-09,S001,P0008,20,20,0
2025-01-09,S001,P0009,52,20,0
2025-01-09,S001,P0010,75,20,0
2025-01-09,S002,P0001,43,20,0
2025-01-09,S002,P0002,110,20,0
2025-01-09,S002,P0003,106,20,0
2025-01-09,S002,P0004,115,20,0
2025-01-09,S002,P0005,82,20,0
2025-01-09,S002,P0006,49,20,0
2025-01-09,S002,P0007,98,20,0
2025-01-09,S002,P0008,94,20,0
2025-01-09,S002,P0009,95,20,0
2025-01-09,S002,P0010,48,20,0
2025-01-09,S003,P0001,40,20,0
2025-01-09,S003,P0002,98,20,0
2025-01-09,S003,P0003,107,20,0
2025-01-09,S003,P0004,88,20,0
2025-01-09,S003,P0005,87,20,0
2025-01-09,S003,P0006,100,20,0
2025-01-09,S003,P0007,107,20,0
2025-01-09,S003,P0008,119,20,0
2025-01-09,S003,P0009,95,20,0
2025-01-09,S003,P0010,88,20,0
2025-01-09,S004,P0001,105,20,0
2025-01-09,S004,P0002,86,20,0
2025-01-09,S004,P0003,96,20,0
2025-01-09,S004,P0004,109,20,0
2025-01-09,S004,P0005,40,20,0
2025-01-09,S004,P0006,90,20,0
2025-01-09,S004,P0007,78,20,0
2025-01-09,S004,P0008,32,20,0
2025-01-09,S004,P0009,81,20,0
2025-01-09,S004,P0010,62,20,0
2025-01-09,S005,P0001,29,20,0
2025-01-09,S005,P0002,30,20,0
2025-01-09,S005,P0003,116,20,0
2025-01-09,S005,P0004,24,20,0
2025-01-09,S005,P0005,67,20,0
2025-01-09,S005,P0006,116,20,0
2025-01-09,S005,P0007,68,20,0
2025-01-09,S005,P0008,62,20,0
2025-01-09,S005,P0009,117,20,0
2025-01-09,S005,P0010,52,20,0
2025-01-10,S001,P0001,115,20,0
2025-01-10,S001,P0002,76,20,0
2025-01-10,S001,P0003,75,20,0
2025-01-10,S001,P0004,21,20,0
2025-01-10,S001,P0005,35,20,0
2025-01-10,S001,P0006,77,20,0
2025-01-10,S001,P0007,56,20,0
2025-01-10,S001,P0008,117,20,0
2025-01-10,S001,P0009,51,20,0
2025-01-10,S001,P0010,74,20,0
2025-01-10,S002,P0001,43,20,0
2025-01-10,S002,P0002,108,20,0
2025-01-10,S002,P0003,104,20,0
2025-01-10,S002,P0004,114,20,0
2025-01-10,S002,P0005,80,20,0
2025-01-10,S002,P0006,48,20,0
2025-01-10,S002,P0007,97,20,0
2025-01-10,S002,P0008,94,20,0
2025-01-10,S002,P0009,94,20,0
2025-01-10,S002,P0010,47,20,0
2025-01-10,S003,P0001,39,20,0
2025-01-10,S003,P0002,96,20,0
2025-01-10,S003,P0003,106,20,0
2025-01-10,S003,P0004,84,20,0
2025-01-10,S003,P0005,83,20,0
2025-01-10,S003,P0006,100,20,0
2025-01-10,S003,P0007,104,20,0
2025-01-10,S003,P0008,119,20,0
2025-01-10,S003,P0009,94,20,0
2025-01-10,S003,P0010,87,20,0
2025-01-10,S004,P0001,103,20,0
2025-01-10,S004,P0002,81,20,0
2025-01-10,S004,P0003,96,20,0
2025-01-10,S004,P0004,109,20,0
2025-01-10,S004,P0005,38,20,0
2025-01-10,S004,P0006,90,20,0
2025-01-10,S004,P0007,78,20,0
2025-01-10,S004,P0008,32,20,0
2025-01-10,S004,P0009,78,20,0
2025-01-10,S004,P0010,61,20,0
2025-01-10,S005,P0001,28,20,0
2025-01-10,S005,P0002,30,20,0
2025-01-10,S005,P0003,115,20,0
2025-01-10,S005,P0004,21,20,0
2025-01-10,S005,P0005,65,20,0
2025-01-10,S005,P0006,115,20,0
2025-01-10,S005,P0007,65,20,0
2025-01-10,S005,P0008,61,20,0
2025-01-10,S005,P0009,116,20,0
2025-01-10,S005,P0010,52,20,0
2025-01-11,S001,P0001,114,20,0
2025-01-11,S001,P0002,75,20,0
2025-01-11,S001,P0003,73,20,0
2025-01-11,S001,P0004,20,20,0
2025-01-11,S001,P0005,31,20,0
2025-01-11,S001,P0006,76,20,0
2025-01-11,S001,P0007,56,20,0
2025-01-11,S001,P0008,116,20,0
2025-01-11,S001,P0009,51,20,0
2025-01-11,S001,P0010,74,20,0
2025-01-11,S002,P0001,43,20,0
2025-01-11,S002,P0002,107,20,0
2025-01-11,S002,P0003,100,20,0
2025-01-11,S002,P0004,113,20,0
2025-01-11,S002,P0005,78,20,0
2025-01-11,S002,P0006,47,20,0
2025-01-11,S002,P0007,94,20,0
2025-01-11,S002,P0008,92,20,0
2025-01-11,S002,P0009,93,20,0
2025-01-11,S002,P0010,45,20,0
2025-01-11,S003,P0001,39,20,0
2025-01-11,S003,P0002,96,20,0
2025-01-11,S003,P0003,105,20,0
2025-01-11,S003,P0004,84,20,0
2025-01-11,S003,P0005,81,20,0
2025-01-11,S003,P0006,100,20,0
2025-01-11,S003,P0007,103,20,0
2025-01-11,S003,P0008,117,20,0
2025-01-11,S003,P0009,90,20,0
2025-01-11,S003,P0010,84,20,0
2025-01-11,S004,P0001,101,20,0
2025-01-11,S004,P0002,80,20,0
2025-01-11,S004,P0003,95,20,0
2025-01-11,S004,P0004,107,20,0
2025-01-11,S004,P0005,37,20,0
2025-01-11,S004,P0006,89,20,0
2025-01-11,S004,P0007,75,20,0
2025-01-11,S004,P0008,30,20,0
2025-01-11,S004,P0009,76,20,0
2025-01-11,S004,P0010,59,20,0
2025-01-11,S005,P0001,27,20,0
2025-01-11,S005,P0002,27,20,0
2025-01-11,S005,P0003,115,20,0
2025-01-11,S005,P0004,21,20,0
2025-01-11,S005,P0005,64,20,0
2025-01-11,S005,P0006,114,20,0
2025-01-11,S005,P0007,65,20,0
2025-01-11,S005,P0008,61,20,0
2025-01-11,S005,P0009,116,20,0
2025-01-11,S005,P0010,51,20,0
2025-01-12,S001,P0001,111,20,0
2025-01-12,S001,P0002,73,20,0
2025-01-12,S001,P0003,73,20,0
2025-01-12,S001,P0004,118,20,0
2025-01-12,S001,P0005,27,20,0
2025-01-12,S001,P0006,75,20,0
2025-01-12,S001,P0007,55,20,0
2025-01-12,S001,P0008,115,20,0
2025-01-12,S001,P0009,48,20,0
2025-01-12,S001,P0010,72,20,0
2025-01-12,S002,P0001,43,20,0
2025-01-12,S002,P0002,104,20,0
2025-01-12,S002,P0003,100,20,0
2025-01-12,S002,P0004,112,20,0
2025-01-12,S002,P0005,75,20,0
2025-01-12,S002,P0006,46,20,0
2025-01-12,S002,P0007,93,20,0
2025-01-12,S002,P0008,90,20,0
2025-01-12,S002,P0009,90,20,0
2025-01-12,S002,P0010,45,20,0
2025-01-12,S003,P0001,37,20,0
2025-01-12,S003,P0002,95,20,0
2025-01-12,S003,P0003,105,20,0
2025-01-12,S003,P0004,84,20,0
2025-01-12,S003,P0005,80,20,0
2025-01-12,S003,P0006,99,20,0
2025-01-12,S003,P0007,102,20,0
2025-01-12,S003,P0008,113,20,0
2025-01-12,S003,P0009,87,20,0
2025-01-12,S003,P0010,83,20,0
2025-01-12,S004,P0001,100,20,0
2025-01-12,S004,P0002,78,20,0
2025-01-12,S004,P0003,94,20,0
2025-01-12,S004,P0004,106,20,0
2025-01-12,S004,P0005,35,20,0
2025-01-12,S004,P0006,88,20,0
2025-01-12,S004,P0007,75,20,0
2025-01-12,S004,P0008,29,20,0
2025-01-12,S004,P0009,73,20,0
2025-01-12,S004,P0010,56,20,0
2025-01-12,S005,P0001,27,20,0
2025-01-12,S005,P0002,25,20,0
2025-01-12,S005,P0003,115,20,0
2025-01-12,S005,P0004,20,20,0
2025-01-12,S005,P0005,62,20,0
2025-01-12,S005,P0006,113,20,0
2025-01-12,S005,P0007,64,20,0
2025-01-12,S005,P0008,58,20,0
2025-01-12,S005,P0009,113,20,0
2025-01-12,S005,P0010,49,20,0
2025-01-13,S001,P0001,111,20,0
2025-01-13,S001,P0002,73,20,0
2025-01-13,S001,P0003,73,20,0
2025-01-13,S001,P0004,117,20,0
2025-01-13,S001,P0005,24,20,0
2025-01-13,S001,P0006,74,20,0
2025-01-13,S001,P0007,53,20,0
2025-01-13,S001,P0008,112,20,0
2025-01-13,S001,P0009,46,20,0
2025-01-13,S001,P0010,70,20,0
2025-01-13,S002,P0001,42,20,0
2025-01-13,S002,P0002,102,20,0
2025-01-13,S002,P0003,99,20,0
2025-01-13,S002,P0004,111,20,0
2025-01-13,S002,P0005,73,20,0
2025-01-13,S002,P0006,46,20,0
2025-01-13,S002,P0007,90,20,0
2025-01-13,S002,P0008,89,20,0
2025-01-13,S002,P0009,88,20,0
2025-01-13,S002,P0010,45,20,0
2025-01-13,S003,P0001,35,20,0
2025-01-13,S003,P0002,94,20,0
2025-01-13,S003,P0003,103,20,0
2025-01-13,S003,P0004,83,20,0
2025-01-13,S003,P0005,78,20,0
2025-01-13,S003,P0006,97,20,0
2025-01-13,S003,P0007,101,20,0
2025-01-13,S003,P0008,111,20,0
2025-01-13,S003,P0009,84,20,0
2025-01-13,S003,P0010,82,20,0
2025-01-13,S004,P0001,100,20,0
2025-01-13,S004,P0002,77,20,0
2025-01-13,S004,P0003,94,20,0
2025-01-13,S004,P0004,105,20,0
2025-01-13,S004,P0005,35,20,0
2025-01-13,S004,P0006,88,20,0
2025-01-13,S004,P0007,73,20,0
2025-01-13,S004,P0008,28,20,0
2025-01-13,S004,P0009,72,20,0
2025-01-13,S004,P0010,55,20,0
2025-01-13,S005,P0001,25,20,0
2025-01-13,S005,P0002,22,20,0
2025-01-13,S005,P0003,113,20,0
2025-01-13,S005,P0004,119,20,0
2025-01-13,S005,P0005,60,20,0
2025-01-13,S005,P0006,110,20,0
2025-01-13,S005,P0007,63,20,0
2025-01-13,S005,P0008,57,20,0
2025-01-13,S005,P0009,112,20,0
2025-01-13,S005,P0010,49,20,0
2025-01-14,S001,P0001,110,20,0
2025-01-14,S001,P0002,72,20,0
2025-01-14,S001,P0003,70,20,0
2025-01-14,S001,P0004,117,20,0
2025-01-14,S001,P0005,21,20,0
2025-01-14,S001,P0006,73,20,0
2025-01-14,S001,P0007,53,20,0
2025-01-14,S001,P0008,111,20,0
2025-01-14,S001,P0009,45,20,0
2025-01-14,S001,P0010,68,20,0
2025-01-14,S002,P0001,41,20,0
2025-01-14,S002,P0002,101,20,0
2025-01-14,S002,P0003,96,20,0
2025-01-14,S002,P0004,109,20,0
2025-01-14,S002,P0005,71,20,0
2025-01-14,S002,P0006,45,20,0
2025-01-14,S002,P0007,89,20,0
2025-01-14,S002,P0008,88,20,0
2025-01-14,S002,P0009,88,20,0
2025-01-14,S002,P0010,43,20,0
2025-01-14,S003,P0001,34,20,0
2025-01-14,S003,P0002,94,20,0
2025-01-14,S003,P0003,102,20,0
2025-01-14,S003,P0004,82,20,0
2025-01-14,S003,P0005,78,20,0
2025-01-14,S003,P0006,95,20,0
2025-01-14,S003,P0007,99,20,0
2025-01-14,S003,P0008,108,20,0
2025-01-14,S003,P0009,83,20,0
2025-01-14,S003,P0010,82,20,0
2025-01-14,S004,P0001,100,20,0
2025-01-14,S004,P0002,76,20,0
2025-01-14,S004,P0003,94,20,0
2025-01-14,S004,P0004,104,20,0
2025-01-14,S004,P0005,34,20,0
2025-01-14,S004,P0006,86,20,0
2025-01-14,S004,P0007,72,20,0
2025-01-14,S004,P0008,27,20,0
2025-01-14,S004,P0009,70,20,0
2025-01-14,S004,P0010,54,20,0
2025-01-14,S005,P0001,23,20,0
2025-01-14,S005,P0002,20,20,0
2025-01-14,S005,P0003,111,20,0
2025-01-14,S005,P0004,118,20,0
2025-01-14,S005,P0005,57,20,0
2025-01-14,S005,P0006,109,20,0
2025-01-14,S005,P0007,63,20,0
2025-01-14,S005,P0008,56,20,0
2025-01-14,S005,P0009,107,20,0
2025-01-14,S005,P0010,48,20,0
2025-01-15,S001,P0001,109,20,0
2025-01-15,S001,P0002,70,20,0
2025-01-15,S001,P0003,69,20,0
2025-01-15,S001,P0004,115,20,0
2025-01-15,S001,P0005,118,20,0
2025-01-15,S001,P0006,71,20,0
2025-01-15,S001,P0007,53,20,0
2025-01-15,S001,P0008,109,20,0
2025-01-15,S001,P0009,45,20,0
2025-01-15,S001,P0010,68,20,0
2025-01-15,S002,P0001,40,20,0
2025-01-15,S002,P0002,101,20,0
2025-01-15,S002,P0003,95,20,0
2025-01-15,S002,P0004,107,20,0
2025-01-15,S002,P0005,70,20,0
2025-01-15,S002,P0006,45,20,0
2025-01-15,S002,P0007,88,20,0
2025-01-15,S002,P0008,87,20,0
2025-01-15,S002,P0009,86,20,0
2025-01-15,S002,P0010,43,20,0
2025-01-15,S003,P0001,34,20,0
2025-01-15,S003,P0002,93,20,0
2025-01-15,S003,P0003,101,20,0
2025-01-15,S003,P0004,81,20,0
2025-01-15,S003,P0005,78,20,0
2025-01-15,S003,P0006,95,20,0
2025-01-15,S003,P0007,99,20,0
2025-01-15,S003,P0008,107,20,0
2025-01-15,S003,P0009,80,20,0
2025-01-15,S003,P0010,80,20,0
2025-01-15,S004,P0001,97,20,0
2025-01-15,S004,P0002,75,20,0
2025-01-15,S004,P0003,94,20,0
2025-01-15,S004,P0004,104,20,0
2025-01-15,S004,P0005,32,20,0
2025-01-15,S004,P0006,86,20,0
2025-01-15,S004,P0007,72,20,0
2025-01-15,S004,P0008,25,20,0
2025-01-15,S004,P0009,69,20,0
2025-01-15,S004,P0010,51,20,0
2025-01-15,S005,P0001,20,20,0
2025-01-15,S005,P0002,118,20,0
2025-01-15,S005,P0003,109,20,0
2025-01-15,S005,P0004,115,20,0
2025-01-15,S005,P0005,53,20,0
2025-01-15,S005,P0006,107,20,0
2025-01-15,S005,P0007,59,20,0
2025-01-15,S005,P0008,54,20,0
2025-01-15,S005,P0009,106,20,0
2025-01-15,S005,P0010,48,20,0
2025-01-16,S001,P0001,108,20,0
2025-01-16,S001,P0002,68,20,0
2025-01-16,S001,P0003,67,20,0
2025-01-16,S001,P0004,113,20,0
2025-01-16,S001,P0005,116,20,0
2025-01-16,S001,P0006,69,20,0
2025-01-16,S001,P0007,52,20,0
2025-01-16,S001,P0008,108,20,0
2025-01-16,S001,P0009,41,20,0
2025-01-16,S001,P0010,68,20,0
2025-01-16,S002,P0001,40,20,0
2025-01-16,S002,P0002,101,20,0
2025-01-16,S002,P0003,94,20,0
2025-01-16,S002,P0004,107,20,0
2025-01-16,S002,P0005,66,20,0
2025-01-16,S002,P0006,45,20,0
2025-01-16,S002,P0007,86,20,0
2025-01-16,S002,P0008,87,20,0
2025-01-16,S002,P0009,84,20,0
2025-01-16,S002,P0010,43,20,0
2025-01-16,S003,P0001,33,20,0
2025-01-16,S003,P0002,89,20,0
2025-01-16,S003,P0003,98,20,0
2025-01-16,S003,P0004,79,20,0
2025-01-16,S003,P0005,76,20,0
2025-01-16,S003,P0006,93,20,0
2025-01-16,S003,P0007,98,20,0
2025-01-16,S003,P0008,106,20,0
2025-01-16,S003,P0009,78,20,0
2025-01-16,S003,P0010,75,20,0
2025-01-16,S004,P0001,97,20,0
2025-01-16,S004,P0002,72,20,0
2025-01-16,S004,P0003,93,20,0
2025-01-16,S004,P0004,104,20,0
2025-01-16,S004,P0005,28,20,0
2025-01-16,S004,P0006,86,20,0
2025-01-16,S004,P0007,72,20,0
2025-01-16,S004,P0008,23,20,0
2025-01-16,S004,P0009,67,20,0
2025-01-16,S004,P0010,51,20,0
2025-01-16,S005,P0001,20,20,0
2025-01-16,S005,P0002,116,20,0
2025-01-16,S005,P0003,109,20,0
2025-01-16,S005,P0004,115,20,0
2025-01-16,S005,P0005,52,20,0
2025-01-16,S005,P0006,107,20,0
2025-01-16,S005,P0007,58,20,0
2025-01-16,S005,P0008,54,20,0
2025-01-16,S005,P0009,106,20,0
2025-01-16,S005,P0010,44,20,0
2025-01-17,S001,P0001,107,20,0
2025-01-17,S001,P0002,68,20,0
2025-01-17,S001,P0003,67,20,0
2025-01-17,S001,P0004,111,20,0
2025-01-17,S001,P0005,112,20,0
2025-01-17,S001,P0006,68,20,0
2025-01-17,S001,P0007,51,20,0
2025-01-17,S001,P0008,106,20,0
2025-01-17,S001,P0009,40,20,0
2025-01-17,S001,P0010,67,20,0
2025-01-17,S002,P0001,40,20,0
2025-01-17,S002,P0002,100,20,0
2025-01-17,S002,P0003,94,20,0
2025-01-17,S002,P0004,105,20,0
2025-01-17,S002,P0005,64,20,0
2025-01-17,S002,P0006,45,20,0
2025-01-17,S002,P0007,85,20,0
2025-01-17,S002,P0008,85,20,0
2025-01-17,S002,P0009,80,20,0
2025-01-17,S002,P0010,43,20,0
2025-01-17,S003,P0001,32,20,0
2025-01-17,S003,P0002,88,20,0
2025-01-17,S003,P0003,97,20,0
2025-01-17,S003,P0004,79,20,0
2025-01-17,S003,P0005,72,20,0
2025-01-17,S003,P0006,93,20,0
2025-01-17,S003,P0007,98,20,0
2025-01-17,S003,P0008,106,20,0
2025-01-17,S003,P0009,75,20,0
2025-01-17,S003,P0010,75,20,0
2025-01-17,S004,P0001,96,20,0
2025-01-17,S004,P0002,71,20,0
2025-01-17,S004,P0003,91,20,0
2025-01-17,S004,P0004,103,20,0
2025-01-17,S004,P0005,25,20,0
2025-01-17,S004,P0006,86,20,0
2025-01-17,S004,P0007,72,20,0
2025-01-17,S004,P0008,21,20,0
2025-01-17,S004,P0009,65,20,0
2025-01-17,S004,P0010,50,20,0
2025-01-17,S005,P0001,116,20,0
2025-01-17,S005,P0002,113,20,0
2025-01-17,S005,P0003,109,20,0
2025-01-17,S005,P0004,115,20,0
2025-01-17,S005,P0005,47,20,0
2025-01-17,S005,P0006,107,20,0
2025-01-17,S005,P0007,55,20,0
2025-01-17,S005,P0008,54,20,0
2025-01-17,S005,P0009,105,20,0
2025-01-17,S005,P0010,44,20,0
2025-01-18,S001,P0001,106,20,0
2025-01-18,S001,P0002,67,20,0
2025-01-18,S001,P0003,66,20,0
2025-01-18,S001,P0004,111,20,0
2025-01-18,S001,P0005,109,20,0
2025-01-18,S001,P0006,67,20,0
2025-01-18,S001,P0007,49,20,0
2025-01-18,S001,P0008,105,20,0
2025-01-18,S001,P0009,38,20,0
2025-01-18,S001,P0010,67,20,0
2025-01-18,S002,P0001,39,20,0
2025-01-18,S002,P0002,99,20,0
2025-01-18,S002,P0003,92,20,0
2025-01-18,S002,P0004,105,20,0
2025-01-18,S002,P0005,61,20,0
2025-01-18,S002,P0006,44,20,0
2025-01-18,S002,P0007,84,20,0
2025-01-18,S002,P0008,84,20,0
2025-01-18,S002,P0009,80,20,0
2025-01-18,S002,P0010,42,20,0
2025-01-18,S003,P0001,28,20,0
2025-01-18,S003,P0002,85,20,0
2025-01-18,S003,P0003,96,20,0
2025-01-18,S003,P0004,79,20,0
2025-01-18,S003,P0005,66,20,0
2025-01-18,S003,P0006,92,20,0
2025-01-18,S003,P0007,97,20,0
2025-01-18,S003,P0008,106,20,0
2025-01-18,S003,P0009,72,20,0
2025-01-18,S003,P0010,75,20,0
2025-01-18,S004,P0001,96,20,0
2025-01-18,S004,P0002,71,20,0
2025-01-18,S004,P0003,89,20,0
2025-01-18,S004,P0004,102,20,0
2025-01-18,S004,P0005,25,20,0
2025-01-18,S004,P0006,86,20,0
2025-01-18,S004,P0007,70,20,0
2025-01-18,S004,P0008,119,20,0
2025-01-18,S004,P0009,62,20,0
2025-01-18,S004,P0010,47,20,0
2025-01-18,S005,P0001,115,20,0
2025-01-18,S005,P0002,113,20,0
2025-01-18,S005,P0003,109,20,0
2025-01-18,S005,P0004,115,20,0
2025-01-18,S005,P0005,46,20,0
2025-01-18,S005,P0006,107,20,0
2025-01-18,S005,P0007,54,20,0
2025-01-18,S005,P0008,54,20,0
2025-01-18,S005,P0009,105,20,0
2025-01-18,S005,P0010,44,20,0
2025-01-19,S001,P0001,104,20,0
2025-01-19,S001,P0002,66,20,0
2025-01-19,S001,P0003,65,20,0
2025-01-19,S001,P0004,109,20,0
2025-01-19,S001,P0005,107,20,0
2025-01-19,S001,P0006,67,20,0
2025-01-19,S001,P0007,49,20,0
2025-01-19,S001,P0008,103,20,0
2025-01-19,S001,P0009,36,20,0
2025-01-19,S001,P0010,67,20,0
2025-01-19,S002,P0001,36,20,0
2025-01-19,S002,P0002,97,20,0
2025-01-19,S002,P0003,91,20,0
2025-01-19,S002,P0004,104,20,0
2025-01-19,S002,P0005,59,20,0
2025-01-19,S002,P0006,44,20,0
2025-01-19,S002,P0007,84,20,0
2025-01-19,S002,P0008,83,20,0
2025-01-19,S002,P0009,79,20,0
2025-01-19,S002,P0010,41,20,0
2025-01-19,S003,P0001,28,20,0
2025-01-19,S003,P0002,84,20,0
2025-01-19,S003,P0003,96,20,0
2025-01-19,S003,P0004,79,20,0
2025-01-19,S003,P0005,61,20,0
2025-01-19,S003,P0006,92,20,0
2025-01-19,S003,P0007,96,20,0
2025-01-19,S003,P0008,105,20,0
2025-01-19,S003,P0009,69,20,0
2025-01-19,S003,P0010,74,20,0
2025-01-19,S004,P0001,96,20,0
2025-01-19,S004,P0002,70,20,0
2025-01-19,S004,P0003,88,20,0
2025-01-19,S004,P0004,102,20,0
2025-01-19,S004,P0005,23,20,0
2025-01-19,S004,P0006,84,20,0
2025-01-19,S004,P0007,70,20,0
2025-01-19,S004,P0008,118,20,0
2025-01-19,S004,P0009,60,20,0
2025-01-19,S004,P0010,47,20,0
2025-01-19,S005,P0001,112,20,0
2025-01-19,S005,P0002,110,20,0
2025-01-19,S005,P0003,109,20,0
2025-01-19,S005,P0004,114,20,0
2025-01-19,S005,P0005,43,20,0
2025-01-19,S005,P0006,107,20,0
2025-01-19,S005,P0007,52,20,0
2025-01-19,S005,P0008,52,20,0
2025-01-19,S005,P0009,102,20,0
2025-01-19,S005,P0010,43,20,0
2025-01-20,S001,P0001,100,20,0
2025-01-20,S001,P0002,66,20,0
2025-01-20,S001,P0003,64,20,0
2025-01-20,S001,P0004,109,20,0
2025-01-20,S001,P0005,106,20,0
2025-01-20,S001,P0006,66,20,0
2025-01-20,S001,P0007,49,20,0
2025-01-20,S001,P0008,102,20,0
2025-01-20,S001,P0009,33,20,0
2025-01-20,S001,P0010,66,20,0
2025-01-20,S002,P0001,34,20,0
2025-01-20,S002,P0002,96,20,0
2025-01-20,S002,P0003,91,20,0
2025-01-20,S002,P0004,104,20,0
2025-01-20,S002,P0005,57,20,0
2025-01-20,S002,P0006,44,20,0
2025-01-20,S002,P0007,84,20,0
2025-01-20,S002,P0008,83,20,0
2025-01-20,S002,P0009,75,20,0
2025-01-20,S002,P0010,40,20,0
2025-01-20,S003,P0001,26,20,0
2025-01-20,S003,P0002,81,20,0
2025-01-20,S003,P0003,95,20,0
2025-01-20,S003,P0004,78,20,0
2025-01-20,S003,P0005,58,20,0
2025-01-20,S003,P0006,92,20,0
2025-01-20,S003,P0007,96,20,0
2025-01-20,S003,P0008,103,20,0
2025-01-20,S003,P0009,68,20,0
2025-01-20,S003,P0010,72,20,0
2025-01-20,S004,P0001,93,20,0
2025-01-20,S004,P0002,69,20,0
2025-01-20,S004,P0003,87,20,0
2025-01-20,S004,P0004,101,20,0
2025-01-20,S004,P0005,21,20,0
2025-01-20,S004,P0006,84,20,0
2025-01-20,S004,P0007,68,20,0
2025-01-20,S004,P0008,117,20,0
2025-01-20,S004,P0009,59,20,0
2025-01-20,S004,P0010,45,20,0
2025-01-20,S005,P0001,112,20,0
2025-01-20,S005,P0002,109,20,0
2025-01-20,S005,P0003,106,20,0
2025-01-20,S005,P0004,114,20,0
2025-01-20,S005,P0005,39,20,0
2025-01-20,S005,P0006,105,20,0
2025-01-20,S005,P0007,52,20,0
2025-01-20,S005,P0008,51,20,0
2025-01-20,S005,P0009,99,20,0
2025-01-20,S005,P0010,41,20,0
2025-01-21,S001,P0001,97,20,0
2025-01-21,S001,P0002,64,20,0
2025-01-21,S001,P0003,64,20,0
2025-01-21,S001,P0004,109,20,0
2025-01-21,S001,P0005,103,20,0
2025-01-21,S001,P0006,66,20,0
2025-01-21,S001,P0007,48,20,0
2025-01-21,S001,P0008,99,20,0
2025-01-21,S001,P0009,30,20,0
2025-01-21,S001,P0010,66,20,0
2025-01-21,S002,P0001,31,20,0
2025-01-21,S002,P0002,92,20,0
2025-01-21,S002,P0003,88,20,0
2025-01-21,S002,P0004,103,20,0
2025-01-21,S002,P0005,55,20,0
2025-01-21,S002,P0006,43,20,0
2025-01-21,S002,P0007,83,20,0
2025-01-21,S002,P0008,82,20,0
2025-01-21,S002,P0009,72,20,0
2025-01-21,S002,P0010,39,20,0
2025-01-21,S003,P0001,26,20,0
2025-01-21,S003,P0002,80,20,0
2025-01-21,S003,P0003,95,20,0
2025-01-21,S003,P0004,78,20,0
2025-01-21,S003,P0005,53,20,0
2025-01-21,S003,P0006,91,20,0
2025-01-21,S003,P0007,96,20,0
2025-01-21,S003,P0008,101,20,0
2025-01-21,S003,P0009,66,20,0
2025-01-21,S003,P0010,72,20,0
2025-01-21,S004,P0001,93,20,0
2025-01-21,S004,P0002,66,20,0
2025-01-21,S004,P0003,85,20,0
2025-01-21,S004,P0004,98,20,0
2025-01-21,S004,P0005,21,20,0
2025-01-21,S004,P0006,84,20,0
2025-01-21,S004,P0007,67,20,0
2025-01-21,S004,P0008,114,20,0
2025-01-21,S004,P0009,57,20,0
2025-01-21,S004,P0010,45,20,0
2025-01-21,S005,P0001,109,20,0
2025-01-21,S005,P0002,108,20,0
2025-01-21,S005,P0003,105,20,0
2025-01-21,S005,P0004,113,20,0
2025-01-21,S005,P0005,38,20,0
2025-01-21,S005,P0006,105,20,0
2025-01-21,S005,P0007,51,20,0
2025-01-21,S005,P0008,49,20,0
2025-01-21,S005,P0009,98,20,0
2025-01-21,S005,P0010,41,20,0
2025-01-22,S001,P0001,96,20,0
2025-01-22,S001,P0002,63,20,0
2025-01-22,S001,P0003,62,20,0
2025-01-22,S001,P0004,108,20,0
2025-01-22,S001,P0005,100,20,0
2025-01-22,S001,P0006,66,20,0
2025-01-22,S001,P0007,46,20,0
2025-01-22,S001,P0008,97,20,0
2025-01-22,S001,P0009,28,20,0
2025-01-22,S001,P0010,65,20,0
2025-01-22,S002,P0001,30,20,0
2025-01-22,S002,P0002,91,20,0
2025-01-22,S002,P0003,87,20,0
2025-01-22,S002,P0004,103,20,0
2025-01-22,S002,P0005,53,20,0
2025-01-22,S002,P0006,43,20,0
2025-01-22,S002,P0007,82,20,0
2025-01-22,S002,P0008,81,20,0
2025-01-22,S002,P0009,72,20,0
2025-01-22,S002,P0010,35,20,0
2025-01-22,S003,P0001,25,20,0
2025-01-22,S003,P0002,78,20,0
2025-01-22,S003,P0003,93,20,0
2025-01-22,S003,P0004,78,20,0
2025-01-22,S003,P0005,48,20,0
2025-01-22,S003,P0006,91,20,0
2025-01-22,S003,P0007,95,20,0
2025-01-22,S003,P0008,100,20,0
2025-01-22,S003,P0009,64,20,0
2025-01-22,S003,P0010,72,20,0
2025-01-22,S004,P0001,90,20,0
2025-01-22,S004,P0002,65,20,0
2025-01-22,S004,P0003,84,20,0
2025-01-22,S004,P0004,97,20,0
2025-01-22,S004,P0005,20,20,0
2025-01-22,S004,P0006,84,20,0
2025-01-22,S004,P0007,63,20,0
2025-01-22,S004,P0008,112,20,0
2025-01-22,S004,P0009,55,20,0
2025-01-22,S004,P0010,45,20,0
2025-01-22,S005,P0001,108,20,0
2025-01-22,S005,P0002,108,20,0
2025-01-22,S005,P0003,104,20,0
2025-01-22,S005,P0004,112,20,0
2025-01-22,S005,P0005,35,20,0
2025-01-22,S005,P0006,105,20,0
2025-01-22,S005,P0007,50,20,0
2025-01-22,S005,P0008,48,20,0
2025-01-22,S005,P0009,97,20,0
2025-01-22,S005,P0010,41,20,0
2025-01-23,S001,P0001,93,20,0
2025-01-23,S001,P0002,62,20,0
2025-01-23,S001,P0003,60,20,0
2025-01-23,S001,P0004,108,20,0
2025-01-23,S001,P0005,98,20,0
2025-01-23,S001,P0006,65,20,0
2025-01-23,S001,P0007,45,20,0
2025-01-23,S001,P0008,97,20,0
2025-01-23,S001,P0009,26,20,0
2025-01-23,S001,P0010,63,20,0
2025-01-23,S002,P0001,29,20,0
2025-01-23,S002,P0002,90,20,0
2025-01-23,S002,P0003,85,20,0
2025-01-23,S002,P0004,103,20,0
2025-01-23,S002,P0005,51,20,0
2025-01-23,S002,P0006,43,20,0
2025-01-23,S002,P0007,81,20,0
2025-01-23,S002,P0008,79,20,0
2025-01-23,S002,P0009,72,20,0
2025-01-23,S002,P0010,32,20,0
2025-01-23,S003,P0001,22,20,0
2025-01-23,S003,P0002,74,20,0
2025-01-23,S003,P0003,91,20,0
2025-01-23,S003,P0004,78,20,0
2025-01-23,S003,P0005,46,20,0
2025-01-23,S003,P0006,91,20,0
2025-01-23,S003,P0007,95,20,0
2025-01-23,S003,P0008,98,20,0
2025-01-23,S003,P0009,63,20,0
2025-01-23,S003,P0010,70,20,0
2025-01-23,S004,P0001,89,20,0
2025-01-23,S004,P0002,64,20,0
2025-01-23,S004,P0003,81,20,0
2025-01-23,S004,P0004,97,20,0
2025-01-23,S004,P0005,118,20,0
2025-01-23,S004,P0006,83,20,0
2025-01-23,S004,P0007,61,20,0
2025-01-23,S004,P0008,110,20,0
2025-01-23,S004,P0009,54,20,0
2025-01-23,S004,P0010,43,20,0
2025-01-23,S005,P0001,107,20,0
2025-01-23,S005,P0002,108,20,0
2025-01-23,S005,P0003,104,20,0
2025-01-23,S005,P0004,112,20,0
2025-01-23,S005,P0005,30,20,0
2025-01-23,S005,P0006,105,20,0
2025-01-23,S005,P0007,49,20,0
2025-01-23,S005,P0008,46,20,0
2025-01-23,S005,P0009,95,20,0
2025-01-23,S005,P0010,40,20,0
2025-01-24,S001,P0001,92,20,0
2025-01-24,S001,P0002,61,20,0
2025-01-24,S001,P0003,59,20,0
2025-01-24,S001,P0004,107,20,0
2025-01-24,S001,P0005,96,20,0
2025-01-24,S001,P0006,65,20,0
2025-01-24,S001,P0007,43,20,0
2025-01-24,S001,P0008,95,20,0
2025-01-24,S001,P0009,23,20,0
2025-01-24,S001,P0010,63,20,0
2025-01-24,S002,P0001,28,20,0
2025-01-24,S002,P0002,86,20,0
2025-01-24,S002,P0003,82,20,0
2025-01-24,S002,P0004,103,20,0
2025-01-24,S002,P0005,50,20,0
2025-01-24,S002,P0006,43,20,0
2025-01-24,S002,P0007,81,20,0
2025-01-24,S002,P0008,78,20,0
2025-01-24,S002,P0009,71,20,0
2025-01-24,S002,P0010,30,20,0
2025-01-24,S003,P0001,20,20,0
2025-01-24,S003,P0002,71,20,0
2025-01-24,S003,P0003,90,20,0
2025-01-24,S003,P0004,76,20,0
2025-01-24,S003,P0005,44,20,0
2025-01-24,S003,P0006,91,20,0
2025-01-24,S003,P0007,94,20,0
2025-01-24,S003,P0008,98,20,0
2025-01-24,S003,P0009,61,20,0
2025-01-24,S003,P0010,70,20,0
2025-01-24,S004,P0001,89,20,0
2025-01-24,S004,P0002,62,20,0
2025-01-24,S004,P0003,80,20,0
2025-01-24,S004,P0004,97,20,0
2025-01-24,S004,P0005,115,20,0
2025-01-24,S004,P0006,82,20,0
2025-01-24,S004,P0007,60,20,0
2025-01-24,S004,P0008,109,20,0
2025-01-24,S004,P0009,54,20,0
2025-01-24,S004,P0010,42,20,0
2025-01-24,S005,P0001,106,20,0
2025-01-24,S005,P0002,106,20,0
2025-01-24,S005,P0003,103,20,0
2025-01-24,S005,P0004,111,20,0
2025-01-24,S005,P0005,28,20,0
2025-01-24,S005,P0006,105,20,0
2025-01-24,S005,P0007,49,20,0
2025-01-24,S005,P0008,46,20,0
2025-01-24,S005,P0009,93,20,0
2025-01-24,S005,P0010,38,20,0
2025-01-25,S001,P0001,88,20,0
2025-01-25,S001,P0002,60,20,0
2025-01-25,S001,P0003,57,20,0
2025-01-25,S001,P0004,107,20,0
2025-01-25,S001,P0005,94,20,0
2025-01-25,S001,P0006,65,20,0
2025-01-25,S001,P0007,43,20,0
2025-01-25,S001,P0008,94,20,0
2025-01-25,S001,P0009,119,20,0
2025-01-25,S001,P0010,62,20,0
2025-01-25,S002,P0001,27,20,0
2025-01-25,S002,P0002,83,20,0
2025-01-25,S002,P0003,82,20,0
2025-01-25,S002,P0004,103,20,0
2025-01-25,S002,P0005,47,20,0
2025-01-25,S002,P0006,41,20,0
2025-01-25,S002,P0007,81,20,0
2025-01-25,S002,P0008,76,20,0
2025-01-25,S002,P0009,70,20,0
2025-01-25,S002,P0010,30,20,0
2025-01-25,S003,P0001,119,20,0
2025-01-25,S003,P0002,71,20,0
2025-01-25,S003,P0003,89,20,0
2025-01-25,S003,P0004,76,20,0
2025-01-25,S003,P0005,43,20,0
2025-01-25,S003,P0006,91,20,0
2025-01-25,S003,P0007,92,20,0
2025-01-25,S003,P0008,98,20,0
2025-01-25,S003,P0009,60,20,0
2025-01-25,S003,P0010,69,20,0
2025-01-25,S004,P0001,89,20,0
2025-01-25,S004,P0002,61,20,0
2025-01-25,S004,P0003,79,20,0
2025-01-25,S004,P0004,97,20,0
2025-01-25,S004,P0005,111,20,0
2025-01-25,S004,P0006,81,20,0
2025-01-25,S004,P0007,59,20,0
2025-01-25,S004,P0008,107,20,0
2025-01-25,S004,P0009,52,20,0
2025-01-25,S004,P0010,41,20,0
2025-01-25,S005,P0001,105,20,0
2025-01-25,S005,P0002,102,20,0
2025-01-25,S005,P0003,102,20,0
2025-01-25,S005,P0004,111,20,0
2025-01-25,S005,P0005,25,20,0
2025-01-25,S005,P0006,105,20,0
2025-01-25,S005,P0007,46,20,0
2025-01-25,S005,P0008,46,20,0
2025-01-25,S005,P0009,90,20,0
2025-01-25,S005,P0010,36,20,0
2025-01-26,S001,P0001,86,20,0
2025-01-26,S001,P0002,58,20,0
2025-01-26,S001,P0003,54,20,0
2025-01-26,S001,P0004,106,20,0
2025-01-26,S001,P0005,90,20,0
2025-01-26,S001,P0006,65,20,0
2025-01-26,S001,P0007,43,20,0
2025-01-26,S001,P0008,92,20,0
2025-01-26,S001,P0009,118,20,0
2025-01-26,S001,P0010,58,20,0
2025-01-26,S002,P0001,27,20,0
2025-01-26,S002,P0002,83,20,0
2025-01-26,S002,P0003,81,20,0
2025-01-26,S002,P0004,103,20,0
2025-01-26,S002,P0005,44,20,0
2025-01-26,S002,P0006,41,20,0
2025-01-26,S002,P0007,80,20,0
2025-01-26,S002,P0008,74,20,0
2025-01-26,S002,P0009,69,20,0
2025-01-26,S002,P0010,29,20,0
2025-01-26,S003,P0001,119,20,0
2025-01-26,S003,P0002,69,20,0
2025-01-26,S003,P0003,86,20,0
2025-01-26,S003,P0004,76,20,0
2025-01-26,S003,P0005,40,20,0
2025-01-26,S003,P0006,89,20,0
2025-01-26,S003,P0007,91,20,0
2025-01-26,S003,P0008,98,20,0
2025-01-26,S003,P0009,57,20,0
2025-01-26,S003,P0010,69,20,0
2025-01-26,S004,P0001,89,20,0
2025-01-26,S004,P0002,60,20,0
2025-01-26,S004,P0003,78,20,0
2025-01-26,S004,P0004,96,20,0
2025-01-26,S004,P0005,111,20,0
2025-01-26,S004,P0006,81,20,0
2025-01-26,S004,P0007,58,20,0
2025-01-26,S004,P0008,106,20,0
2025-01-26,S004,P0009,51,20,0
2025-01-26,S004,P0010,41,20,0
2025-01-26,S005,P0001,102,20,0
2025-01-26,S005,P0002,102,20,0
2025-01-26,S005,P0003,102,20,0
2025-01-26,S005,P0004,110,20,0
2025-01-26,S005,P0005,21,20,0
2025-01-26,S005,P0006,105,20,0
2025-01-26,S005,P0007,45,20,0
2025-01-26,S005,P0008,43,20,0
2025-01-26,S005,P0009,88,20,0
2025-01-26,S005,P0010,35,20,0
2025-01-27,S001,P0001,84,20,0
2025-01-27,S001,P0002,55,20,0
2025-01-27,S001,P0003,54,20,0
2025-01-27,S001,P0004,104,20,0
2025-01-27,S001,P0005,90,20,0
2025-01-27,S001,P0006,64,20,0
2025-01-27,S001,P0007,42,20,0
2025-01-27,S001,P0008,92,20,0
2025-01-27,S001,P0009,114,20,0
2025-01-27,S001,P0010,58,20,0
2025-01-27,S002,P0001,25,20,0
2025-01-27,S002,P0002,80,20,0
2025-01-27,S002,P0003,81,20,0
2025-01-27,S002,P0004,101,20,0
2025-01-27,S002,P0005,43,20,0
2025-01-27,S002,P0006,40,20,0
2025-01-27,S002,P0007,80,20,0
2025-01-27,S002,P0008,74,20,0
2025-01-27,S002,P0009,69,20,0
2025-01-27,S002,P0010,25,20,0
2025-01-27,S003,P0001,116,20,0
2025-01-27,S003,P0002,67,20,0
2025-01-27,S003,P0003,85,20,0
2025-01-27,S003,P0004,76,20,0
2025-01-27,S003,P0005,36,20,0
2025-01-27,S003,P0006,88,20,0
2025-01-27,S003,P0007,91,20,0
2025-01-27,S003,P0008,96,20,0
2025-01-27,S003,P0009,55,20,0
2025-01-27,S003,P0010,65,20,0
2025-01-27,S004,P0001,88,20,0
2025-01-27,S004,P0002,58,20,0
2025-01-27,S004,P0003,78,20,0
2025-01-27,S004,P0004,94,20,0
2025-01-27,S004,P0005,111,20,0
2025-01-27,S004,P0006,80,20,0
2025-01-27,S004,P0007,57,20,0
2025-01-27,S004,P0008,106,20,0
2025-01-27,S004,P0009,49,20,0
2025-01-27,S004,P0010,40,20,0
2025-01-27,S005,P0001,102,20,0
2025-01-27,S005,P0002,101,20,0
2025-01-27,S005,P0003,100,20,0
2025-01-27,S005,P0004,107,20,0
2025-01-27,S005,P0005,119,20,0
2025-01-27,S005,P0006,104,20,0
2025-01-27,S005,P0007,43,20,0
2025-01-27,S005,P0008,41,20,0
2025-01-27,S005,P0009,87,20,0
2025-01-27,S005,P0010,34,20,0
2025-01-28,S001,P0001,82,20,0
2025-01-28,S001,P0002,54,20,0
2025-01-28,S001,P0003,54,20,0
2025-01-28,S001,P0004,104,20,0
2025-01-28,S001,P0005,87,20,0
2025-01-28,S001,P0006,63,20,0
2025-01-28,S001,P0007,40,20,0
2025-01-28,S001,P0008,92,20,0
2025-01-28,S001,P0009,114,20,0
2025-01-28,S001,P0010,58,20,0
2025-01-28,S002,P0001,24,20,0
2025-01-28,S002,P0002,76,20,0
2025-01-28,S002,P0003,78,20,0
2025-01-28,S002,P0004,100,20,0
2025-01-28,S002,P0005,35,20,0
2025-01-28,S002,P0006,40,20,0
2025-01-28,S002,P0007,80,20,0
2025-01-28,S002,P0008,70,20,0
2025-01-28,S002,P0009,67,20,0
2025-01-28,S002,P0010,25,20,0
2025-01-28,S003,P0001,116,20,0
2025-01-28,S003,P0002,67,20,0
2025-01-28,S003,P0003,85,20,0
2025-01-28,S003,P0004,72,20,0
2025-01-28,S003,P0005,34,20,0
2025-01-28,S003,P0006,88,20,0
2025-01-28,S003,P0007,91,20,0
2025-01-28,S003,P0008,90,20,0
2025-01-28,S003,P0009,55,20,0
2025-01-28,S003,P0010,64,20,0
2025-01-28,S004,P0001,85,20,0
2025-01-28,S004,P0002,57,20,0
2025-01-28,S004,P0003,76,20,0
2025-01-28,S004,P0004,88,20,0
2025-01-28,S004,P0005,108,20,0
2025-01-28,S004,P0006,80,20,0
2025-01-28,S004,P0007,57,20,0
2025-01-28,S004,P0008,105,20,0
2025-01-28,S004,P0009,46,20,0
2025-01-28,S004,P0010,39,20,0
2025-01-28,S005,P0001,98,20,0
2025-01-28,S005,P0002,99,20,0
2025-01-28,S005,P0003,99,20,0
2025-01-28,S005,P0004,107,20,0
2025-01-28,S005,P0005,117,20,0
2025-01-28,S005,P0006,103,20,0
2025-01-28,S005,P0007,41,20,0
2025-01-28,S005,P0008,40,20,0
2025-01-28,S005,P0009,85,20,0
2025-01-28,S005,P0010,33,20,0
2025-01-29,S001,P0001,79,20,0
2025-01-29,S001,P0002,52,20,0
2025-01-29,S001,P0003,52,20,0
2025-01-29,S001,P0004,104,20,0
2025-01-29,S001,P0005,85,20,0
2025-01-29,S001,P0006,63,20,0
2025-01-29,S001,P0007,39,20,0
2025-01-29,S001,P0008,91,20,0
2025-01-29,S001,P0009,112,20,0
2025-01-29,S001,P0010,57,20,0
2025-01-29,S002,P0001,23,20,0
2025-01-29,S002,P0002,75,20,0
2025-01-29,S002,P0003,77,20,0
2025-01-29,S002,P0004,97,20,0
2025-01-29,S002,P0005,31,20,0
2025-01-29,S002,P0006,40,20,0
2025-01-29,S002,P0007,79,20,0
2025-01-29,S002,P0008,68,20,0
2025-01-29,S002,P0009,67,20,0
2025-01-29,S002,P0010,23,20,0
2025-01-29,S003,P0001,113,20,0
2025-01-29,S003,P0002,65,20,0
2025-01-29,S003,P0003,85,20,0
2025-01-29,S003,P0004,72,20,0
2025-01-29,S003,P0005,33,20,0
2025-01-29,S003,P0006,85,20,0
2025-01-29,S003,P0007,90,20,0
2025-01-29,S003,P0008,88,20,0
2025-01-29,S003,P0009,53,20,0
2025-01-29,S003,P0010,64,20,0
2025-01-29,S004,P0001,85,20,0
2025-01-29,S004,P0002,56,20,0
2025-01-29,S004,P0003,75,20,0
2025-01-29,S004,P0004,86,20,0
2025-01-29,S004,P0005,106,20,0
2025-01-29,S004,P0006,80,20,0
2025-01-29,S004,P0007,57,20,0
2025-01-29,S004,P0008,104,20,0
2025-01-29,S004,P0009,46,20,0
2025-01-29,S004,P0010,39,20,0
2025-01-29,S005,P0001,96,20,0
2025-01-29,S005,P0002,98,20,0
2025-01-29,S005,P0003,98,20,0
2025-01-29,S005,P0004,107,20,0
2025-01-29,S005,P0005,112,20,0
2025-01-29,S005,P0006,102,20,0
2025-01-29,S005,P0007,41,20,0
2025-01-29,S005,P0008,39,20,0
2025-01-29,S005,P0009,83,20,0
2025-01-29,S005,P0010,32,20,0
2025-01-30,S001,P0001,77,20,0
2025-01-30,S001,P0002,50,20,0
2025-01-30,S001,P0003,50,20,0
2025-01-30,S001,P0004,103,20,0
2025-01-30,S001,P0005,84,20,0
2025-01-30,S001,P0006,63,20,0
2025-01-30,S001,P0007,39,20,0
2025-01-30,S001,P0008,89,20,0
2025-01-30,S001,P0009,111,20,0
2025-01-30,S001,P0010,56,20,0
2025-01-30,S002,P0001,21,20,0
2025-01-30,S002,P0002,71,20,0
2025-01-30,S002,P0003,77,20,0
2025-01-30,S002,P0004,97,20,0
2025-01-30,S002,P0005,29,20,0
2025-01-30,S002,P0006,40,20,0
2025-01-30,S002,P0007,77,20,0
2025-01-30,S002,P0008,68,20,0
2025-01-30,S002,P0009,67,20,0
2025-01-30,S002,P0010,23,20,0
2025-01-30,S003,P0001,109,20,0
2025-01-30,S003,P0002,62,20,0
2025-01-30,S003,P0003,84,20,0
2025-01-30,S003,P0004,71,20,0
2025-01-30,S003,P0005,32,20,0
2025-01-30,S003,P0006,83,20,0
2025-01-30,S003,P0007,90,20,0
2025-01-30,S003,P0008,87,20,0
2025-01-30,S003,P0009,53,20,0
2025-01-30,S003,P0010,64,20,0
2025-01-30,S004,P0001,82,20,0
2025-01-30,S004,P0002,54,20,0
2025-01-30,S004,P0003,74,20,0
2025-01-30,S004,P0004,83,20,0
2025-01-30,S004,P0005,106,20,0
2025-01-30,S004,P0006,79,20,0
2025-01-30,S004,P0007,57,20,0
2025-01-30,S004,P0008,102,20,0
2025-01-30,S004,P0009,45,20,0
2025-01-30,S004,P0010,37,20,0
2025-01-30,S005,P0001,94,20,0
2025-01-30,S005,P0002,95,20,0
2025-01-30,S005,P0003,98,20,0
2025-01-30,S005,P0004,107,20,0
2025-01-30,S005,P0005,110,20,0
2025-01-30,S005,P0006,101,20,0
2025-01-30,S005,P0007,40,20,0
2025-01-30,S005,P0008,37,20,0
2025-01-30,S005,P0009,81,20,0
2025-01-30,S005,P0010,30,20,0
2025-01-31,S001,P0001,73,20,0
2025-01-31,S001,P0002,48,20,0
2025-01-31,S001,P0003,49,20,0
2025-01-31,S001,P0004,101,20,0
2025-01-31,S001,P0005,83,20,0
2025-01-31,S001,P0006,63,20,0
2025-01-31,S001,P0007,38,20,0
2025-01-31,S001,P0008,86,20,0
2025-01-31,S001,P0009,111,20,0
2025-01-31,S001,P0010,56,20,0
2025-01-31,S002,P0001,20,20,0
2025-01-31,S002,P0002,69,20,0
2025-01-31,S002,P0003,76,20,0
2025-01-31,S002,P0004,97,20,0
2025-01-31,S002,P0005,29,20,0
2025-01-31,S002,P0006,40,20,0
2025-01-31,S002,P0007,75,20,0
2025-01-31,S002,P0008,66,20,0
2025-01-31,S002,P0009,66,20,0
2025-01-31,S002,P0010,119,20,0
2025-01-31,S003,P0001,107,20,0
2025-01-31,S003,P0002,61,20,0
2025-01-31,S003,P0003,84,20,0
2025-01-31,S003,P0004,71,20,0
2025-01-31,S003,P0005,26,20,0
2025-01-31,S003,P0006,83,20,0
2025-01-31,S003,P0007,90,20,0
2025-01-31,S003,P0008,86,20,0
2025-01-31,S003,P0009,53,20,0
2025-01-31,S003,P0010,64,20,0
2025-01-31,S004,P0001,80,20,0
2025-01-31,S004,P0002,52,20,0
2025-01-31,S004,P0003,74,20,0
2025-01-31,S004,P0004,83,20,0
2025-01-31,S004,P0005,104,20,0
2025-01-31,S004,P0006,78,20,0
2025-01-31,S004,P0007,56,20,0
2025-01-31,S004,P0008,101,20,0
2025-01-31,S004,P0009,43,20,0
2025-01-31,S004,P0010,36,20,0
2025-01-31,S005,P0001,94,20,0
2025-01-31,S005,P0002,93,20,0
2025-01-31,S005,P0003,96,20,0
2025-01-31,S005,P0004,106,20,0
2025-01-31,S005,P0005,110,20,0
2025-01-31,S005,P0006,100,20,0
2025-01-31,S005,P0007,39,20,0
2025-01-31,S005,P0008,35,20,0
2025-01-31,S005,P0009,78,20,0
2025-01-31,S005,P0010,29,20,0
2025-02-01,S001,P0001,72,20,0
2025-02-01,S001,P0002,44,20,0
2025-02-01,S001,P0003,47,20,0
2025-02-01,S001,P0004,100,20,0
2025-02-01,S001,P0005,80,20,0
2025-02-01,S001,P0006,63,20,0
2025-02-01,S001,P0007,38,20,0
2025-02-01,S001,P0008,86,20,0
2025-02-01,S001,P0009,109,20,0
2025-02-01,S001,P0010,53,20,0
2025-02-01,S002,P0001,119,20,0
2025-02-01,S002,P0002,68,20,0
2025-02-01,S002,P0003,75,20,0
2025-02-01,S002,P0004,96,20,0
2025-02-01,S002,P0005,26,20,0
2025-02-01,S002,P0006,39,20,0
2025-02-01,S002,P0007,75,20,0
2025-02-01,S002,P0008,64,20,0
2025-02-01,S002,P0009,65,20,0
2025-02-01,S002,P0010,119,20,0
2025-02-01,S003,P0001,105,20,0
2025-02-01,S003,P0002,61,20,0
2025-02-01,S003,P0003,84,20,0
2025-02-01,S003,P0004,68,20,0
2025-02-01,S003,P0005,25,20,0
2025-02-01,S003,P0006,83,20,0
2025-02-01,S003,P0007,89,20,0
2025-02-01,S003,P0008,84,20,0
2025-02-01,S003,P0009,50,20,0
2025-02-01,S003,P0010,62,20,0
2025-02-01,S004,P0001,80,20,0
2025-02-01,S004,P0002,51,20,0
2025-02-01,S004,P0003,74,20,0
2025-02-01,S004,P0004,81,20,0
2025-02-01,S004,P0005,104,20,0
2025-02-01,S004,P0006,78,20,0
2025-02-01,S004,P0007,55,20,0
2025-02-01,S004,P0008,100,20,0
2025-02-01,S004,P0009,42,20,0
2025-02-01,S004,P0010,34,20,0
2025-02-01,S005,P0001,94,20,0
2025-02-01,S005,P0002,93,20,0
2025-02-01,S005,P0003,95,20,0
2025-02-01,S005,P0004,102,20,0
2025-02-01,S005,P0005,108,20,0
2025-02-01,S005,P0006,97,20,0
2025-02-01,S005,P0007,38,20,0
2025-02-01,S005,P0008,34,20,0
2025-02-01,S005,P0009,77,20,0
2025-02-01,S005,P0010,29,20,0
2025-02-02,S001,P0001,72,20,0
2025-02-02,S001,P0002,43,20,0
2025-02-02,S001,P0003,46,20,0
2025-02-02,S001,P0004,97,20,0
2025-02-02,S001,P0005,77,20,0
2025-02-02,S001,P0006,62,20,0
2025-02-02,S001,P0007,38,20,0
2025-02-02,S001,P0008,84,20,0
2025-02-02,S001,P0009,108,20,0
2025-02-02,S001,P0010,49,20,0
2025-02-02,S002,P0001,118,20,0
2025-02-02,S002,P0002,66,20,0
2025-02-02,S002,P0003,73,20,0
2025-02-02,S002,P0004,96,20,0
2025-02-02,S002,P0005,21,20,0
2025-02-02,S002,P0006,39,20,0
2025-02-02,S002,P0007,75,20,0
2025-02-02,S002,P0008,62,20,0
2025-02-02,S002,P0009,63,20,0
2025-02-02,S002,P0010,118,20,0
2025-02-02,S003,P0001,105,20,0
2025-02-02,S003,P0002,58,20,0
2025-02-02,S003,P0003,83,20,0
2025-02-02,S003,P0004,67,20,0
2025-02-02,S003,P0005,23,20,0
2025-02-02,S003,P0006,81,20,0
2025-02-02,S003,P0007,88,20,0
2025-02-02,S003,P0008,83,20,0
2025-02-02,S003,P0009,50,20,0
2025-02-02,S003,P0010,62,20,0
2025-02-02,S004,P0001,78,20,0
2025-02-02,S004,P0002,50,20,0
2025-02-02,S004,P0003,72,20,0
2025-02-02,S004,P0004,80,20,0
2025-02-02,S004,P0005,99,20,0
2025-02-02,S004,P0006,78,20,0
2025-02-02,S004,P0007,55,20,0
2025-02-02,S004,P0008,98,20,0
2025-02-02,S004,P0009,41,20,0
2025-02-02,S004,P0010,32,20,0
2025-02-02,S005,P0001,91,20,0
2025-02-02,S005,P0002,92,20,0
2025-02-02,S005,P0003,94,20,0
2025-02-02,S005,P0004,102,20,0
2025-02-02,S005,P0005,103,20,0
2025-02-02,S005,P0006,97,20,0
2025-02-02,S005,P0007,36,20,0
2025-02-02,S005,P0008,32,20,0
2025-02-02,S005,P0009,75,20,0
2025-02-02,S005,P0010,27,20,0
2025-02-03,S001,P0001,70,20,0
2025-02-03,S001,P0002,43,20,0
2025-02-03,S001,P0003,45,20,0
2025-02-03,S001,P0004,97,20,0
2025-02-03,S001,P0005,75,20,0
2025-02-03,S001,P0006,62,20,0
2025-02-03,S001,P0007,37,20,0
2025-02-03,S001,P0008,84,20,0
2025-02-03,S001,P0009,108,20,0
2025-02-03,S001,P0010,49,20,0
2025-02-03,S002,P0001,117,20,0
2025-02-03,S002,P0002,62,20,0
2025-02-03,S002,P0003,72,20,0
2025-02-03,S002,P0004,92,20,0
2025-02-03,S002,P0005,20,20,0
2025-02-03,S002,P0006,39,20,0
2025-02-03,S002,P0007,75,20,0
2025-02-03,S002,P0008,61,20,0
2025-02-03,S002,P0009,63,20,0
2025-02-03,S002,P0010,117,20,0
2025-02-03,S003,P0001,104,20,0
2025-02-03,S003,P0002,58,20,0
2025-02-03,S003,P0003,80,20,0
2025-02-03,S003,P0004,67,20,0
2025-02-03,S003,P0005,23,20,0
2025-02-03,S003,P0006,80,20,0
2025-02-03,S003,P0007,86,20,0
2025-02-03,S003,P0008,82,20,0
2025-02-03,S003,P0009,48,20,0
2025-02-03,S003,P0010,60,20,0
2025-02-03,S004,P0001,76,20,0
2025-02-03,S004,P0002,50,20,0
2025-02-03,S004,P0003,71,20,0
2025-02-03,S004,P0004,78,20,0
2025-02-03,S004,P0005,97,20,0
2025-02-03,S004,P0006,76,20,0
2025-02-03,S004,P0007,54,20,0
2025-02-03,S004,P0008,98,20,0
2025-02-03,S004,P0009,39,20,0
2025-02-03,S004,P0010,30,20,0
2025-02-03,S005,P0001,90,20,0
2025-02-03,S005,P0002,91,20,0
2025-02-03,S005,P0003,94,20,0
2025-02-03,S005,P0004,101,20,0
2025-02-03,S005,P0005,98,20,0
2025-02-03,S005,P0006,95,20,0
2025-02-03,S005,P0007,36,20,0
2025-02-03,S005,P0008,31,20,0
2025-02-03,S005,P0009,70,20,0
2025-02-03,S005,P0010,25,20,0
2025-02-04,S001,P0001,69,20,0
2025-02-04,S001,P0002,40,20,0
2025-02-04,S001,P0003,43,20,0
2025-02-04,S001,P0004,97,20,0
2025-02-04,S001,P0005,73,20,0
2025-02-04,S001,P0006,60,20,0
2025-02-04,S001,P0007,36,20,0
2025-02-04,S001,P0008,83,20,0
2025-02-04,S001,P0009,107,20,0
2025-02-04,S001,P0010,46,20,0
2025-02-04,S002,P0001,115,20,0
2025-02-04,S002,P0002,61,20,0
2025-02-04,S002,P0003,71,20,0
2025-02-04,S002,P0004,90,20,0
2025-02-04,S002,P0005,117,20,0
2025-02-04,S002,P0006,38,20,0
2025-02-04,S002,P0007,74,20,0
2025-02-04,S002,P0008,58,20,0
2025-02-04,S002,P0009,61,20,0
2025-02-04,S002,P0010,114,20,0
2025-02-04,S003,P0001,100,20,0
2025-02-04,S003,P0002,57,20,0
2025-02-04,S003,P0003,79,20,0
2025-02-04,S003,P0004,66,20,0
2025-02-04,S003,P0005,21,20,0
2025-02-04,S003,P0006,80,20,0
2025-02-04,S003,P0007,83,20,0
2025-02-04,S003,P0008,82,20,0
2025-02-04,S003,P0009,45,20,0
2025-02-04,S003,P0010,59,20,0
2025-02-04,S004,P0001,75,20,0
2025-02-04,S004,P0002,46,20,0
2025-02-04,S004,P0003,70,20,0
2025-02-04,S004,P0004,76,20,0
2025-02-04,S004,P0005,97,20,0
2025-02-04,S004,P0006,76,20,0
2025-02-04,S004,P0007,51,20,0
2025-02-04,S004,P0008,97,20,0
2025-02-04,S004,P0009,38,20,0
2025-02-04,S004,P0010,28,20,0
2025-02-04,S005,P0001,90,20,0
2025-02-04,S005,P0002,88,20,0
2025-02-04,S005,P0003,93,20,0
2025-02-04,S005,P0004,100,20,0
2025-02-04,S005,P0005,92,20,0
2025-02-04,S005,P0006,93,20,0
2025-02-04,S005,P0007,36,20,0
2025-02-04,S005,P0008,30,20,0
2025-02-04,S005,P0009,70,20,0
2025-02-04,S005,P0010,25,20,0
2025-02-05,S001,P0001,68,20,0
2025-02-05,S001,P0002,39,20,0
2025-02-05,S001,P0003,42,20,0
2025-02-05,S001,P0004,97,20,0
2025-02-05,S001,P0005,72,20,0
2025-02-05,S001,P0006,59,20,0
2025-02-05,S001,P0007,34,20,0
2025-02-05,S001,P0008,82,20,0
2025-02-05,S001,P0009,107,20,0
2025-02-05,S001,P0010,44,20,0
2025-02-05,S002,P0001,114,20,0
2025-02-05,S002,P0002,60,20,0
2025-02-05,S002,P0003,71,20,0
2025-02-05,S002,P0004,89,20,0
2025-02-05,S002,P0005,112,20,0
2025-02-05,S002,P0006,38,20,0
2025-02-05,S002,P0007,71,20,0
2025-02-05,S002,P0008,57,20,0
2025-02-05,S002,P0009,56,20,0
2025-02-05,S002,P0010,113,20,0
2025-02-05,S003,P0001,99,20,0
2025-02-05,S003,P0002,56,20,0
2025-02-05,S003,P0003,78,20,0
2025-02-05,S003,P0004,66,20,0
2025-02-05,S003,P0005,21,20,0
2025-02-05,S003,P0006,80,20,0
2025-02-05,S003,P0007,82,20,0
2025-02-05,S003,P0008,79,20,0
2025-02-05,S003,P0009,45,20,0
2025-02-05,S003,P0010,58,20,0
2025-02-05,S004,P0001,72,20,0
2025-02-05,S004,P0002,46,20,0
2025-02-05,S004,P0003,69,20,0
2025-02-05,S004,P0004,76,20,0
2025-02-05,S004,P0005,95,20,0
2025-02-05,S004,P0006,76,20,0
2025-02-05,S004,P0007,49,20,0
2025-02-05,S004,P0008,96,20,0
2025-02-05,S004,P0009,35,20,0
2025-02-05,S004,P0010,25,20,0
2025-02-05,S005,P0001,89,20,0
2025-02-05,S005,P0002,87,20,0
2025-02-05,S005,P0003,93,20,0
2025-02-05,S005,P0004,98,20,0
2025-02-05,S005,P0005,91,20,0
2025-02-05,S005,P0006,93,20,0
2025-02-05,S005,P0007,36,20,0
2025-02-05,S005,P0008,28,20,0
2025-02-05,S005,P0009,68,20,0
2025-02-05,S005,P0010,25,20,0
2025-02-06,S001,P0001,68,20,0
2025-02-06,S001,P0002,35,20,0
2025-02-06,S001,P0003,41,20,0
2025-02-06,S001,P0004,97,20,0
2025-02-06,S001,P0005,72,20,0
2025-02-06,S001,P0006,59,20,0
2025-02-06,S001,P0007,30,20,0
2025-02-06,S001,P0008,81,20,0
2025-02-06,S001,P0009,106,20,0
2025-02-06,S001,P0010,44,20,0
2025-02-06,S002,P0001,113,20,0
2025-02-06,S002,P0002,57,20,0
2025-02-06,S002,P0003,70,20,0
2025-02-06,S002,P0004,89,20,0
2025-02-06,S002,P0005,110,20,0
2025-02-06,S002,P0006,37,20,0
2025-02-06,S002,P0007,71,20,0
2025-02-06,S002,P0008,55,20,0
2025-02-06,S002,P0009,54,20,0
2025-02-06,S002,P0010,112,20,0
2025-02-06,S003,P0001,98,20,0
2025-02-06,S003,P0002,53,20,0
2025-02-06,S003,P0003,78,20,0
2025-02-06,S003,P0004,65,20,0
2025-02-06,S003,P0005,20,20,0
2025-02-06,S003,P0006,79,20,0
2025-02-06,S003,P0007,80,20,0
2025-02-06,S003,P0008,77,20,0
2025-02-06,S003,P0009,45,20,0
2025-02-06,S003,P0010,56,20,0
2025-02-06,S004,P0001,71,20,0
2025-02-06,S004,P0002,45,20,0
2025-02-06,S004,P0003,69,20,0
2025-02-06,S004,P0004,74,20,0
2025-02-06,S004,P0005,91,20,0
2025-02-06,S004,P0006,75,20,0
2025-02-06,S004,P0007,49,20,0
2025-02-06,S004,P0008,95,20,0
2025-02-06,S004,P0009,33,20,0
2025-02-06,S004,P0010,22,20,0
2025-02-06,S005,P0001,87,20,0
2025-02-06,S005,P0002,85,20,0
2025-02-06,S005,P0003,92,20,0
2025-02-06,S005,P0004,97,20,0
2025-02-06,S005,P0005,89,20,0
2025-02-06,S005,P0006,93,20,0
2025-02-06,S005,P0007,36,20,0
2025-02-06,S005,P0008,27,20,0
2025-02-06,S005,P0009,65,20,0
2025-02-06,S005,P0010,23,20,0
2025-02-07,S001,P0001,68,20,0
2025-02-07,S001,P0002,35,20,0
2025-02-07,S001,P0003,41,20,0
2025-02-07,S001,P0004,97,20,0
2025-02-07,S001,P0005,70,20,0
2025-02-07,S001,P0006,58,20,0
2025-02-07,S001,P0007,28,20,0
2025-02-07,S001,P0008,79,20,0
2025-02-07,S001,P0009,101,20,0
2025-02-07,S001,P0010,41,20,0
2025-02-07,S002,P0001,110,20,0
2025-02-07,S002,P0002,55,20,0
2025-02-07,S002,P0003,70,20,0
2025-02-07,S002,P0004,89,20,0
2025-02-07,S002,P0005,108,20,0
2025-02-07,S002,P0006,37,20,0
2025-02-07,S002,P0007,69,20,0
2025-02-07,S002,P0008,54,20,0
2025-02-07,S002,P0009,51,20,0
2025-02-07,S002,P0010,109,20,0
2025-02-07,S003,P0001,96,20,0
2025-02-07,S003,P0002,53,20,0
2025-02-07,S003,P0003,75,20,0
2025-02-07,S003,P0004,64,20,0
2025-02-07,S003,P0005,117,20,0
2025-02-07,S003,P0006,79,20,0
2025-02-07,S003,P0007,80,20,0
2025-02-07,S003,P0008,76,20,0
2025-02-07,S003,P0009,43,20,0
2025-02-07,S003,P0010,56,20,0
2025-02-07,S004,P0001,69,20,0
2025-02-07,S004,P0002,42,20,0
2025-02-07,S004,P0003,67,20,0
2025-02-07,S004,P0004,74,20,0
2025-02-07,S004,P0005,91,20,0
2025-02-07,S004,P0006,75,20,0
2025-02-07,S004,P0007,49,20,0
2025-02-07,S004,P0008,93,20,0
2025-02-07,S004,P0009,32,20,0
2025-02-07,S004,P0010,21,20,0
2025-02-07,S005,P0001,85,20,0
2025-02-07,S005,P0002,81,20,0
2025-02-07,S005,P0003,91,20,0
2025-02-07,S005,P0004,97,20,0
2025-02-07,S005,P0005,84,20,0
2025-02-07,S005,P0006,93,20,0
2025-02-07,S005,P0007,35,20,0
2025-02-07,S005,P0008,26,20,0
2025-02-07,S005,P0009,62,20,0
2025-02-07,S005,P0010,22,20,0
2025-02-08,S001,P0001,66,20,0
2025-02-08,S001,P0002,34,20,0
2025-02-08,S001,P0003,40,20,0
2025-02-08,S001,P0004,95,20,0
2025-02-08,S001,P0005,66,20,0
2025-02-08,S001,P0006,58,20,0
2025-02-08,S001,P0007,28,20,0
2025-02-08,S001,P0008,78,20,0
2025-02-08,S001,P0009,97,20,0
2025-02-08,S001,P0010,39,20,0
2025-02-08,S002,P0001,110,20,0
2025-02-08,S002,P0002,52,20,0
2025-02-08,S002,P0003,68,20,0
2025-02-08,S002,P0004,89,20,0
2025-02-08,S002,P0005,105,20,0
2025-02-08,S002,P0006,36,20,0
2025-02-08,S002,P0007,69,20,0
2025-02-08,S002,P0008,54,20,0
2025-02-08,S002,P0009,50,20,0
2025-02-08,S002,P0010,108,20,0
2025-02-08,S003,P0001,92,20,0
2025-02-08,S003,P0002,53,20,0
2025-02-08,S003,P0003,75,20,0
2025-02-08,S003,P0004,64,20,0
2025-02-08,S003,P0005,115,20,0
2025-02-08,S003,P0006,79,20,0
2025-02-08,S003,P0007,79,20,0
2025-02-08,S003,P0008,76,20,0
2025-02-08,S003,P0009,42,20,0
2025-02-08,S003,P0010,56,20,0
2025-02-08,S004,P0001,68,20,0
2025-02-08,S004,P0002,39,20,0
2025-02-08,S004,P0003,67,20,0
2025-02-08,S004,P0004,74,20,0
2025-02-08,S004,P0005,86,20,0
2025-02-08,S004,P0006,74,20,0
2025-02-08,S004,P0007,48,20,0
2025-02-08,S004,P0008,93,20,0
2025-02-08,S004,P0009,30,20,0
2025-02-08,S004,P0010,119,20,0
2025-02-08,S005,P0001,83,20,0
2025-02-08,S005,P0002,77,20,0
2025-02-08,S005,P0003,88,20,0
2025-02-08,S005,P0004,96,20,0
2025-02-08,S005,P0005,83,20,0
2025-02-08,S005,P0006,92,20,0
2025-02-08,S005,P0007,35,20,0
2025-02-08,S005,P0008,25,20,0
2025-02-08,S005,P0009,62,20,0
2025-02-08,S005,P0010,20,20,0
2025-02-09,S001,P0001,64,20,0
2025-02-09,S001,P0002,34,20,0
2025-02-09,S001,P0003,38,20,0
2025-02-09,S001,P0004,92,20,0
2025-02-09,S001,P0005,60,20,0
2025-02-09,S001,P0006,58,20,0
2025-02-09,S001,P0007,25,20,0
2025-02-09,S001,P0008,77,20,0
2025-02-09,S001,P0009,96,20,0
2025-02-09,S001,P0010,37,20,0
2025-02-09,S002,P0001,109,20,0
2025-02-09,S002,P0002,51,20,0
2025-02-09,S002,P0003,65,20,0
2025-02-09,S002,P0004,89,20,0
2025-02-09,S002,P0005,103,20,0
2025-02-09,S002,P0006,34,20,0
2025-02-09,S002,P0007,69,20,0
2025-02-09,S002,P0008,51,20,0
2025-02-09,S002,P0009,48,20,0
2025-02-09,S002,P0010,105,20,0
2025-02-09,S003,P0001,89,20,0
2025-02-09,S003,P0002,52,20,0
2025-02-09,S003,P0003,73,20,0
2025-02-09,S003,P0004,63,20,0
2025-02-09,S003,P0005,113,20,0
2025-02-09,S003,P0006,78,20,0
2025-02-09,S003,P0007,77,20,0
2025-02-09,S003,P0008,74,20,0
2025-02-09,S003,P0009,39,20,0
2025-02-09,S003,P0010,56,20,0
2025-02-09,S004,P0001,67,20,0
2025-02-09,S004,P0002,36,20,0
2025-02-09,S004,P0003,66,20,0
2025-02-09,S004,P0004,71,20,0
2025-02-09,S004,P0005,82,20,0
2025-02-09,S004,P0006,73,20,0
2025-02-09,S004,P0007,47,20,0
2025-02-09,S004,P0008,90,20,0
2025-02-09,S004,P0009,30,20,0
2025-02-09,S004,P0010,119,20,0
2025-02-09,S005,P0001,80,20,0
2025-02-09,S005,P0002,73,20,0
2025-02-09,S005,P0003,86,20,0
2025-02-09,S005,P0004,95,20,0
2025-02-09,S005,P0005,78,20,0
2025-02-09,S005,P0006,92,20,0
2025-02-09,S005,P0007,34,20,0
2025-02-09,S005,P0008,24,20,0
2025-02-09,S005,P0009,60,20,0
2025-02-09,S005,P0010,118,20,0
2025-02-10,S001,P0001,63,20,0
2025-02-10,S001,P0002,31,20,0
2025-02-10,S001,P0003,37,20,0
2025-02-10,S001,P0004,91,20,0
2025-02-10,S001,P0005,58,20,0
2025-02-10,S001,P0006,58,20,0
2025-02-10,S001,P0007,23,20,0
2025-02-10,S001,P0008,74,20,0
2025-02-10,S001,P0009,92,20,0
2025-02-10,S001,P0010,36,20,0
2025-02-10,S002,P0001,106,20,0
2025-02-10,S002,P0002,51,20,0
2025-02-10,S002,P0003,65,20,0
2025-02-10,S002,P0004,89,20,0
2025-02-10,S002,P0005,100,20,0
2025-02-10,S002,P0006,34,20,0
2025-02-10,S002,P0007,68,20,0
2025-02-10,S002,P0008,49,20,0
2025-02-10,S002,P0009,45,20,0
2025-02-10,S002,P0010,104,20,0
2025-02-10,S003,P0001,88,20,0
2025-02-10,S003,P0002,51,20,0
2025-02-10,S003,P0003,72,20,0
2025-02-10,S003,P0004,61,20,0
2025-02-10,S003,P0005,112,20,0
2025-02-10,S003,P0006,78,20,0
2025-02-10,S003,P0007,77,20,0
2025-02-10,S003,P0008,72,20,0
2025-02-10,S003,P0009,37,20,0
2025-02-10,S003,P0010,54,20,0
2025-02-10,S004,P0001,65,20,0
2025-02-10,S004,P0002,35,20,0
2025-02-10,S004,P0003,64,20,0
2025-02-10,S004,P0004,71,20,0
2025-02-10,S004,P0005,81,20,0
2025-02-10,S004,P0006,73,20,0
2025-02-10,S004,P0007,47,20,0
2025-02-10,S004,P0008,87,20,0
2025-02-10,S004,P0009,28,20,0
2025-02-10,S004,P0010,119,20,0
2025-02-10,S005,P0001,79,20,0
2025-02-10,S005,P0002,70,20,0
2025-02-10,S005,P0003,86,20,0
2025-02-10,S005,P0004,95,20,0
2025-02-10,S005,P0005,75,20,0
2025-02-10,S005,P0006,90,20,0
2025-02-10,S005,P0007,34,20,0
2025-02-10,S005,P0008,23,20,0
2025-02-10,S005,P0009,58,20,0
2025-02-10,S005,P0010,117,20,0
2025-02-11,S001,P0001,63,20,0
2025-02-11,S001,P0002,29,20,0
2025-02-11,S001,P0003,35,20,0
2025-02-11,S001,P0004,91,20,0
2025-02-11,S001,P0005,56,20,0
2025-02-11,S001,P0006,58,20,0
2025-02-11,S001,P0007,23,20,0
2025-02-11,S001,P0008,73,20,0
2025-02-11,S001,P0009,89,20,0
2025-02-11,S001,P0010,36,20,0
2025-02-11,S002,P0001,104,20,0
2025-02-11,S002,P0002,49,20,0
2025-02-11,S002,P0003,64,20,0
2025-02-11,S002,P0004,86,20,0
2025-02-11,S002,P0005,97,20,0
2025-02-11,S002,P0006,31,20,0
2025-02-11,S002,P0007,67,20,0
2025-02-11,S002,P0008,48,20,0
2025-02-11,S002,P0009,44,20,0
2025-02-11,S002,P0010,103,20,0
2025-02-11,S003,P0001,88,20,0
2025-02-11,S003,P0002,49,20,0
2025-02-11,S003,P0003,72,20,0
2025-02-11,S003,P0004,59,20,0
2025-02-11,S003,P0005,110,20,0
2025-02-11,S003,P0006,78,20,0
2025-02-11,S003,P0007,73,20,0
2025-02-11,S003,P0008,71,20,0
2025-02-11,S003,P0009,36,20,0
2025-02-11,S003,P0010,53,20,0
2025-02-11,S004,P0001,64,20,0
2025-02-11,S004,P0002,35,20,0
2025-02-11,S004,P0003,61,20,0
2025-02-11,S004,P0004,70,20,0
2025-02-11,S004,P0005,77,20,0
2025-02-11,S004,P0006,71,20,0
2025-02-11,S004,P0007,47,20,0
2025-02-11,S004,P0008,86,20,0
2025-02-11,S004,P0009,27,20,0
2025-02-11,S004,P0010,119,20,0
2025-02-11,S005,P0001,79,20,0
2025-02-11,S005,P0002,68,20,0
2025-02-11,S005,P0003,84,20,0
2025-02-11,S005,P0004,95,20,0
2025-02-11,S005,P0005,74,20,0
2025-02-11,S005,P0006,90,20,0
2025-02-11,S005,P0007,34,20,0
2025-02-11,S005,P0008,21,20,0
2025-02-11,S005,P0009,56,20,0
2025-02-11,S005,P0010,115,20,0
2025-02-12,S001,P0001,62,20,0
2025-02-12,S001,P0002,27,20,0
2025-02-12,S001,P0003,33,20,0
2025-02-12,S001,P0004,90,20,0
2025-02-12,S001,P0005,54,20,0
2025-02-12,S001,P0006,57,20,0
2025-02-12,S001,P0007,22,20,0
2025-02-12,S001,P0008,72,20,0
2025-02-12,S001,P0009,88,20,0
2025-02-12,S001,P0010,34,20,0
2025-02-12,S002,P0001,103,20,0
2025-02-12,S002,P0002,46,20,0
2025-02-12,S002,P0003,62,20,0
2025-02-12,S002,P0004,86,20,0
2025-02-12,S002,P0005,92,20,0
2025-02-12,S002,P0006,31,20,0
2025-02-12,S002,P0007,67,20,0
2025-02-12,S002,P0008,47,20,0
2025-02-12,S002,P0009,43,20,0
2025-02-12,S002,P0010,103,20,0
2025-02-12,S003,P0001,86,20,0
2025-02-12,S003,P0002,49,20,0
2025-02-12,S003,P0003,71,20,0
2025-02-12,S003,P0004,58,20,0
2025-02-12,S003,P0005,109,20,0
2025-02-12,S003,P0006,77,20,0
2025-02-12,S003,P0007,70,20,0
2025-02-12,S003,P0008,70,20,0
2025-02-12,S003,P0009,34,20,0
2025-02-12,S003,P0010,53,20,0
2025-02-12,S004,P0001,62,20,0
2025-02-12,S004,P0002,32,20,0
2025-02-12,S004,P0003,61,20,0
2025-02-12,S004,P0004,69,20,0
2025-02-12,S004,P0005,75,20,0
2025-02-12,S004,P0006,69,20,0
2025-02-12,S004,P0007,44,20,0
2025-02-12,S004,P0008,86,20,0
2025-02-12,S004,P0009,26,20,0
2025-02-12,S004,P0010,118,20,0
2025-02-12,S005,P0001,77,20,0
2025-02-12,S005,P0002,66,20,0
2025-02-12,S005,P0003,82,20,0
2025-02-12,S005,P0004,94,20,0
2025-02-12,S005,P0005,71,20,0
2025-02-12,S005,P0006,89,20,0
2025-02-12,S005,P0007,33,20,0
2025-02-12,S005,P0008,119,20,0
2025-02-12,S005,P0009,54,20,0
2025-02-12,S005,P0010,111,20,0
2025-02-13,S001,P0001,61,20,0
2025-02-13,S001,P0002,25,20,0
2025-02-13,S001,P0003,33,20,0
2025-02-13,S001,P0004,90,20,0
2025-02-13,S001,P0005,54,20,0
2025-02-13,S001,P0006,57,20,0
2025-02-13,S001,P0007,21,20,0
2025-02-13,S001,P0008,72,20,0
2025-02-13,S001,P0009,85,20,0
2025-02-13,S001,P0010,33,20,0
2025-02-13,S002,P0001,97,20,0
2025-02-13,S002,P0002,45,20,0
2025-02-13,S002,P0003,57,20,0
2025-02-13,S002,P0004,86,20,0
2025-02-13,S002,P0005,91,20,0
2025-02-13,S002,P0006,30,20,0
2025-02-13,S002,P0007,66,20,0
2025-02-13,S002,P0008,45,20,0
2025-02-13,S002,P0009,42,20,0
2025-02-13,S002,P0010,103,20,0
2025-02-13,S003,P0001,85,20,0
2025-02-13,S003,P0002,47,20,0
2025-02-13,S003,P0003,69,20,0
2025-02-13,S003,P0004,58,20,0
2025-02-13,S003,P0005,109,20,0
2025-02-13,S003,P0006,76,20,0
2025-02-13,S003,P0007,70,20,0
2025-02-13,S003,P0008,67,20,0
2025-02-13,S003,P0009,32,20,0
2025-02-13,S003,P0010,51,20,0
2025-02-13,S004,P0001,61,20,0
2025-02-13,S004,P0002,30,20,0
2025-02-13,S004,P0003,57,20,0
2025-02-13,S004,P0004,68,20,0
2025-02-13,S004,P0005,74,20,0
2025-02-13,S004,P0006,69,20,0
2025-02-13,S004,P0007,43,20,0
2025-02-13,S004,P0008,85,20,0
2025-02-13,S004,P0009,25,20,0
2025-02-13,S004,P0010,117,20,0
2025-02-13,S005,P0001,76,20,0
2025-02-13,S005,P0002,65,20,0
2025-02-13,S005,P0003,80,20,0
2025-02-13,S005,P0004,92,20,0
2025-02-13,S005,P0005,69,20,0
2025-02-13,S005,P0006,88,20,0
2025-02-13,S005,P0007,33,20,0
2025-02-13,S005,P0008,118,20,0
2025-02-13,S005,P0009,51,20,0
2025-02-13,S005,P0010,109,20,0
2025-02-14,S001,P0001,59,20,0
2025-02-14,S001,P0002,23,20,0
2025-02-14,S001,P0003,32,20,0
2025-02-14,S001,P0004,90,20,0
2025-02-14,S001,P0005,48,20,0
2025-02-14,S001,P0006,57,20,0
2025-02-14,S001,P0007,20,20,0
2025-02-14,S001,P0008,71,20,0
2025-02-14,S001,P0009,85,20,0
2025-02-14,S001,P0010,30,20,0
2025-02-14,S002,P0001,95,20,0
2025-02-14,S002,P0002,40,20,0
2025-02-14,S002,P0003,57,20,0
2025-02-14,S002,P0004,85,20,0
2025-02-14,S002,P0005,87,20,0
2025-02-14,S002,P0006,30,20,0
2025-02-14,S002,P0007,66,20,0
2025-02-14,S002,P0008,44,20,0
2025-02-14,S002,P0009,41,20,0
2025-02-14,S002,P0010,102,20,0
2025-02-14,S003,P0001,84,20,0
2025-02-14,S003,P0002,45,20,0
2025-02-14,S003,P0003,69,20,0
2025-02-14,S003,P0004,56,20,0
2025-02-14,S003,P0005,105,20,0
2025-02-14,S003,P0006,75,20,0
2025-02-14,S003,P0007,67,20,0
2025-02-14,S003,P0008,65,20,0
2025-02-14,S003,P0009,30,20,0
2025-02-14,S003,P0010,50,20,0
2025-02-14,S004,P0001,60,20,0
2025-02-14,S004,P0002,28,20,0
2025-02-14,S004,P0003,56,20,0
2025-02-14,S004,P0004,65,20,0
2025-02-14,S004,P0005,71,20,0
2025-02-14,S004,P0006,67,20,0
2025-02-14,S004,P0007,42,20,0
2025-02-14,S004,P0008,82,20,0
2025-02-14,S004,P0009,23,20,0
2025-02-14,S004,P0010,115,20,0
2025-02-14,S005,P0001,74,20,0
2025-02-14,S005,P0002,63,20,0
2025-02-14,S005,P0003,79,20,0
2025-02-14,S005,P0004,91,20,0
2025-02-14,S005,P0005,64,20,0
2025-02-14,S005,P0006,87,20,0
2025-02-14,S005,P0007,33,20,0
2025-02-14,S005,P0008,118,20,0
2025-02-14,S005,P0009,50,20,0
2025-02-14,S005,P0010,109,20,0
2025-02-15,S001,P0001,58,20,0
2025-02-15,S001,P0002,21,20,0
2025-02-15,S001,P0003,30,20,0
2025-02-15,S001,P0004,90,20,0
2025-02-15,S001,P0005,46,20,0
2025-02-15,S001,P0006,55,20,0
2025-02-15,S001,P0007,20,20,0
2025-02-15,S001,P0008,71,20,0
2025-02-15,S001,P0009,85,20,0
2025-02-15,S001,P0010,29,20,0
2025-02-15,S002,P0001,89,20,0
2025-02-15,S002,P0002,38,20,0
2025-02-15,S002,P0003,54,20,0
2025-02-15,S002,P0004,82,20,0
2025-02-15,S002,P0005,85,20,0
2025-02-15,S002,P0006,29,20,0
2025-02-15,S002,P0007,66,20,0
2025-02-15,S002,P0008,44,20,0
2025-02-15,S002,P0009,39,20,0
2025-02-15,S002,P0010,100,20,0
2025-02-15,S003,P0001,84,20,0
2025-02-15,S003,P0002,41,20,0
2025-02-15,S003,P0003,67,20,0
2025-02-15,S003,P0004,54,20,0
2025-02-15,S003,P0005,104,20,0
2025-02-15,S003,P0006,75,20,0
2025-02-15,S003,P0007,67,20,0
2025-02-15,S003,P0008,65,20,0
2025-02-15,S003,P0009,29,20,0
2025-02-15,S003,P0010,50,20,0
2025-02-15,S004,P0001,58,20,0
2025-02-15,S004,P0002,26,20,0
2025-02-15,S004,P0003,55,20,0
2025-02-15,S004,P0004,64,20,0
2025-02-15,S004,P0005,69,20,0
2025-02-15,S004,P0006,67,20,0
2025-02-15,S004,P0007,41,20,0
2025-02-15,S004,P0008,81,20,0
2025-02-15,S004,P0009,22,20,0
2025-02-15,S004,P0010,114,20,0
2025-02-15,S005,P0001,73,20,0
2025-02-15,S005,P0002,61,20,0
2025-02-15,S005,P0003,76,20,0
2025-02-15,S005,P0004,91,20,0
2025-02-15,S005,P0005,60,20,0
2025-02-15,S005,P0006,86,20,0
2025-02-15,S005,P0007,33,20,0
2025-02-15,S005,P0008,118,20,0
2025-02-15,S005,P0009,46,20,0
2025-02-15,S005,P0010,109,20,0
2025-02-16,S001,P0001,55,20,0
2025-02-16,S001,P0002,20,20,0
2025-02-16,S001,P0003,29,20,0
2025-02-16,S001,P0004,88,20,0
2025-02-16,S001,P0005,44,20,0
2025-02-16,S001,P0006,55,20,0
2025-02-16,S001,P0007,119,20,0
2025-02-16,S001,P0008,71,20,0
2025-02-16,S001,P0009,79,20,0
2025-02-16,S001,P0010,29,20,0
2025-02-16,S002,P0001,88,20,0
2025-02-16,S002,P0002,36,20,0
2025-02-16,S002,P0003,53,20,0
2025-02-16,S002,P0004,82,20,0
2025-02-16,S002,P0005,85,20,0
2025-02-16,S002,P0006,28,20,0
2025-02-16,S002,P0007,65,20,0
2025-02-16,S002,P0008,43,20,0
2025-02-16,S002,P0009,36,20,0
2025-02-16,S002,P0010,99,20,0
2025-02-16,S003,P0001,83,20,0
2025-02-16,S003,P0002,41,20,0
2025-02-16,S003,P0003,65,20,0
2025-02-16,S003,P0004,53,20,0
2025-02-16,S003,P0005,103,20,0
2025-02-16,S003,P0006,75,20,0
2025-02-16,S003,P0007,65,20,0
2025-02-16,S003,P0008,61,20,0
2025-02-16,S003,P0009,28,20,0
2025-02-16,S003,P0010,50,20,0
2025-02-16,S004,P0001,56,20,0
2025-02-16,S004,P0002,23,20,0
2025-02-16,S004,P0003,54,20,0
2025-02-16,S004,P0004,63,20,0
2025-02-16,S004,P0005,68,20,0
2025-02-16,S004,P0006,66,20,0
2025-02-16,S004,P0007,40,20,0
2025-02-16,S004,P0008,79,20,0
2025-02-16,S004,P0009,119,20,0
2025-02-16,S004,P0010,112,20,0
2025-02-16,S005,P0001,73,20,0
2025-02-16,S005,P0002,59,20,0
2025-02-16,S005,P0003,75,20,0
2025-02-16,S005,P0004,90,20,0
2025-02-16,S005,P0005,55,20,0
2025-02-16,S005,P0006,84,20,0
2025-02-16,S005,P0007,32,20,0
2025-02-16,S005,P0008,117,20,0
2025-02-16,S005,P0009,46,20,0
2025-02-16,S005,P0010,109,20,0
2025-02-17,S001,P0001,52,20,0
2025-02-17,S001,P0002,20,20,0
2025-02-17,S001,P0003,28,20,0
2025-02-17,S001,P0004,86,20,0
2025-02-17,S001,P0005,41,20,0
2025-02-17,S001,P0006,54,20,0
2025-02-17,S001,P0007,119,20,0
2025-02-17,S001,P0008,71,20,0
2025-02-17,S001,P0009,78,20,0
2025-02-17,S001,P0010,27,20,0
2025-02-17,S002,P0001,88,20,0
2025-02-17,S002,P0002,35,20,0
2025-02-17,S002,P0003,53,20,0
2025-02-17,S002,P0004,81,20,0
2025-02-17,S002,P0005,84,20,0
2025-02-17,S002,P0006,27,20,0
2025-02-17,S002,P0007,63,20,0
2025-02-17,S002,P0008,42,20,0
2025-02-17,S002,P0009,35,20,0
2025-02-17,S002,P0010,98,20,0
2025-02-17,S003,P0001,82,20,0
2025-02-17,S003,P0002,40,20,0
2025-02-17,S003,P0003,64,20,0
2025-02-17,S003,P0004,52,20,0
2025-02-17,S003,P0005,99,20,0
2025-02-17,S003,P0006,75,20,0
2025-02-17,S003,P0007,62,20,0
2025-02-17,S003,P0008,59,20,0
2025-02-17,S003,P0009,27,20,0
2025-02-17,S003,P0010,48,20,0
2025-02-17,S004,P0001,56,20,0
2025-02-17,S004,P0002,21,20,0
2025-02-17,S004,P0003,52,20,0
2025-02-17,S004,P0004,63,20,0
2025-02-17,S004,P0005,66,20,0
2025-02-17,S004,P0006,65,20,0
2025-02-17,S004,P0007,39,20,0
2025-02-17,S004,P0008,78,20,0
2025-02-17,S004,P0009,116,20,0
2025-02-17,S004,P0010,108,20,0
2025-02-17,S005,P0001,72,20,0
2025-02-17,S005,P0002,55,20,0
2025-02-17,S005,P0003,75,20,0
2025-02-17,S005,P0004,90,20,0
2025-02-17,S005,P0005,51,20,0
2025-02-17,S005,P0006,84,20,0
2025-02-17,S005,P0007,29,20,0
2025-02-17,S005,P0008,115,20,0
2025-02-17,S005,P0009,42,20,0
2025-02-17,S005,P0010,106,20,0
2025-02-18,S001,P0001,52,20,0
2025-02-18,S001,P0002,20,20,0
2025-02-18,S001,P0003,25,20,0
2025-02-18,S001,P0004,86,20,0
2025-02-18,S001,P0005,39,20,0
2025-02-18,S001,P0006,54,20,0
2025-02-18,S001,P0007,119,20,0
2025-02-18,S001,P0008,70,20,0
2025-02-18,S001,P0009,77,20,0
2025-02-18,S001,P0010,24,20,0
2025-02-18,S002,P0001,88,20,0
2025-02-18,S002,P0002,34,20,0
2025-02-18,S002,P0003,52,20,0
2025-02-18,S002,P0004,80,20,0
2025-02-18,S002,P0005,82,20,0
2025-02-18,S002,P0006,27,20,0
2025-02-18,S002,P0007,62,20,0
2025-02-18,S002,P0008,41,20,0
2025-02-18,S002,P0009,32,20,0
2025-02-18,S002,P0010,95,20,0
2025-02-18,S003,P0001,81,20,0
2025-02-18,S003,P0002,39,20,0
2025-02-18,S003,P0003,62,20,0
2025-02-18,S003,P0004,51,20,0
2025-02-18,S003,P0005,98,20,0
2025-02-18,S003,P0006,73,20,0
2025-02-18,S003,P0007,61,20,0
2025-02-18,S003,P0008,59,20,0
2025-02-18,S003,P0009,25,20,0
2025-02-18,S003,P0010,47,20,0
2025-02-18,S004,P0001,50,20,0
2025-02-18,S004,P0002,118,20,0
2025-02-18,S004,P0003,51,20,0
2025-02-18,S004,P0004,63,20,0
2025-02-18,S004,P0005,64,20,0
2025-02-18,S004,P0006,64,20,0
2025-02-18,S004,P0007,39,20,0
2025-02-18,S004,P0008,74,20,0
2025-02-18,S004,P0009,115,20,0
2025-02-18,S004,P0010,107,20,0
2025-02-18,S005,P0001,72,20,0
2025-02-18,S005,P0002,50,20,0
2025-02-18,S005,P0003,72,20,0
2025-02-18,S005,P0004,89,20,0
2025-02-18,S005,P0005,50,20,0
2025-02-18,S005,P0006,82,20,0
2025-02-18,S005,P0007,29,20,0
2025-02-18,S005,P0008,115,20,0
2025-02-18,S005,P0009,41,20,0
2025-02-18,S005,P0010,104,20,0
2025-02-19,S001,P0001,52,20,0
2025-02-19,S001,P0002,20,20,0
2025-02-19,S001,P0003,24,20,0
2025-02-19,S001,P0004,85,20,0
2025-02-19,S001,P0005,37,20,0
2025-02-19,S001,P0006,53,20,0
2025-02-19,S001,P0007,117,20,0
2025-02-19,S001,P0008,69,20,0
2025-02-19,S001,P0009,75,20,0
2025-02-19,S001,P0010,24,20,0
2025-02-19,S002,P0001,87,20,0
2025-02-19,S002,P0002,33,20,0
2025-02-19,S002,P0003,52,20,0
2025-02-19,S002,P0004,79,20,0
2025-02-19,S002,P0005,80,20,0
2025-02-19,S002,P0006,26,20,0
2025-02-19,S002,P0007,62,20,0
2025-02-19,S002,P0008,41,20,0
2025-02-19,S002,P0009,28,20,0
2025-02-19,S002,P0010,95,20,0
2025-02-19,S003,P0001,79,20,0
2025-02-19,S003,P0002,36,20,0
2025-02-19,S003,P0003,60,20,0
2025-02-19,S003,P0004,51,20,0
2025-02-19,S003,P0005,92,20,0
2025-02-19,S003,P0006,73,20,0
2025-02-19,S003,P0007,61,20,0
2025-02-19,S003,P0008,57,20,0
2025-02-19,S003,P0009,25,20,0
2025-02-19,S003,P0010,47,20,0
2025-02-19,S004,P0001,50,20,0
2025-02-19,S004,P0002,117,20,0
2025-02-19,S004,P0003,50,20,0
2025-02-19,S004,P0004,59,20,0
2025-02-19,S004,P0005,59,20,0
2025-02-19,S004,P0006,62,20,0
2025-02-19,S004,P0007,36,20,0
2025-02-19,S004,P0008,73,20,0
2025-02-19,S004,P0009,113,20,0
2025-02-19,S004,P0010,105,20,0
2025-02-19,S005,P0001,70,20,0
2025-02-19,S005,P0002,47,20,0
2025-02-19,S005,P0003,70,20,0
2025-02-19,S005,P0004,87,20,0
2025-02-19,S005,P0005,48,20,0
2025-02-19,S005,P0006,82,20,0
2025-02-19,S005,P0007,27,20,0
2025-02-19,S005,P0008,112,20,0
2025-02-19,S005,P0009,39,20,0
2025-02-19,S005,P0010,101,20,0
2025-02-20,S001,P0001,52,20,0
2025-02-20,S001,P0002,20,20,0
2025-02-20,S001,P0003,22,20,0
2025-02-20,S001,P0004,83,20,0
2025-02-20,S001,P0005,37,20,0
2025-02-20,S001,P0006,53,20,0
2025-02-20,S001,P0007,116,20,0
2025-02-20,S001,P0008,67,20,0
2025-02-20,S001,P0009,74,20,0
2025-02-20,S001,P0010,24,20,0
2025-02-20,S002,P0001,86,20,0
2025-02-20,S002,P0002,32,20,0
2025-02-20,S002,P0003,51,20,0
2025-02-20,S002,P0004,77,20,0
2025-02-20,S002,P0005,75,20,0
2025-02-20,S002,P0006,25,20,0
2025-02-20,S002,P0007,60,20,0
2025-02-20,S002,P0008,41,20,0
2025-02-20,S002,P0009,28,20,0
2025-02-20,S002,P0010,95,20,0
2025-02-20,S003,P0001,78,20,0
2025-02-20,S003,P0002,35,20,0
2025-02-20,S003,P0003,58,20,0
2025-02-20,S003,P0004,48,20,0
2025-02-20,S003,P0005,89,20,0
2025-02-20,S003,P0006,73,20,0
2025-02-20,S003,P0007,61,20,0
2025-02-20,S003,P0008,54,20,0
2025-02-20,S003,P0009,23,20,0
2025-02-20,S003,P0010,47,20,0
2025-02-20,S004,P0001,48,20,0
2025-02-20,S004,P0002,113,20,0
2025-02-20,S004,P0003,49,20,0
2025-02-20,S004,P0004,59,20,0
2025-02-20,S004,P0005,56,20,0
2025-02-20,S004,P0006,62,20,0
2025-02-20,S004,P0007,34,20,0
2025-02-20,S004,P0008,72,20,0
2025-02-20,S004,P0009,113,20,0
2025-02-20,S004,P0010,104,20,0
2025-02-20,S005,P0001,67,20,0
2025-02-20,S005,P0002,46,20,0
2025-02-20,S005,P0003,70,20,0
2025-02-20,S005,P0004,87,20,0
2025-02-20,S005,P0005,45,20,0
2025-02-20,S005,P0006,82,20,0
2025-02-20,S005,P0007,26,20,0
2025-02-20,S005,P0008,112,20,0
2025-02-20,S005,P0009,38,20,0
2025-02-20,S005,P0010,98,20,0
2025-02-21,S001,P0001,52,20,0
2025-02-21,S001,P0002,20,20,0
2025-02-21,S001,P0003,21,20,0
2025-02-21,S001,P0004,83,20,0
2025-02-21,S001,P0005,36,20,0
2025-02-21,S001,P0006,52,20,0
2025-02-21,S001,P0007,115,20,0
2025-02-21,S001,P0008,66,20,0
2025-02-21,S001,P0009,71,20,0
2025-02-21,S001,P0010,23,20,0
2025-02-21,S002,P0001,83,20,0
2025-02-21,S002,P0002,32,20,0
2025-02-21,S002,P0003,50,20,0
2025-02-21,S002,P0004,75,20,0
2025-02-21,S002,P0005,72,20,0
2025-02-21,S002,P0006,25,20,0
2025-02-21,S002,P0007,60,20,0
2025-02-21,S002,P0008,40,20,0
2025-02-21,S002,P0009,26,20,0
2025-02-21,S002,P0010,95,20,0
2025-02-21,S003,P0001,78,20,0
2025-02-21,S003,P0002,33,20,0
2025-02-21,S003,P0003,57,20,0
2025-02-21,S003,P0004,48,20,0
2025-02-21,S003,P0005,85,20,0
2025-02-21,S003,P0006,71,20,0
2025-02-21,S003,P0007,58,20,0
2025-02-21,S003,P0008,53,20,0
2025-02-21,S003,P0009,22,20,0
2025-02-21,S003,P0010,44,20,0
2025-02-21,S004,P0001,46,20,0
2025-02-21,S004,P0002,112,20,0
2025-02-21,S004,P0003,48,20,0
2025-02-21,S004,P0004,59,20,0
2025-02-21,S004,P0005,53,20,0
2025-02-21,S004,P0006,61,20,0
2025-02-21,S004,P0007,31,20,0
2025-02-21,S004,P0008,70,20,0
2025-02-21,S004,P0009,109,20,0
2025-02-21,S004,P0010,103,20,0
2025-02-21,S005,P0001,64,20,0
2025-02-21,S005,P0002,46,20,0
2025-02-21,S005,P0003,69,20,0
2025-02-21,S005,P0004,84,20,0
2025-02-21,S005,P0005,44,20,0
2025-02-21,S005,P0006,81,20,0
2025-02-21,S005,P0007,26,20,0
2025-02-21,S005,P0008,112,20,0
2025-02-21,S005,P0009,35,20,0
2025-02-21,S005,P0010,96,20,0
2025-02-22,S001,P0001,51,20,0
2025-02-22,S001,P0002,117,20,0
2025-02-22,S001,P0003,119,20,0
2025-02-22,S001,P0004,81,20,0
2025-02-22,S001,P0005,33,20,0
2025-02-22,S001,P0006,52,20,0
2025-02-22,S001,P0007,111,20,0
2025-02-22,S001,P0008,63,20,0
2025-02-22,S001,P0009,71,20,0
2025-02-22,S001,P0010,23,20,0
2025-02-22,S002,P0001,80,20,0
2025-02-22,S002,P0002,29,20,0
2025-02-22,S002,P0003,49,20,0
2025-02-22,S002,P0004,73,20,0
2025-02-22,S002,P0005,68,20,0
2025-02-22,S002,P0006,24,20,0
2025-02-22,S002,P0007,60,20,0
2025-02-22,S002,P0008,40,20,0
2025-02-22,S002,P0009,24,20,0
2025-02-22,S002,P0010,94,20,0
2025-02-22,S003,P0001,76,20,0
2025-02-22,S003,P0002,33,20,0
2025-02-22,S003,P0003,55,20,0
2025-02-22,S003,P0004,46,20,0
2025-02-22,S003,P0005,84,20,0
2025-02-22,S003,P0006,69,20,0
2025-02-22,S003,P0007,57,20,0
2025-02-22,S003,P0008,53,20,0
2025-02-22,S003,P0009,115,20,0
2025-02-22,S003,P0010,40,20,0
2025-02-22,S004,P0001,46,20,0
2025-02-22,S004,P0002,109,20,0
2025-02-22,S004,P0003,48,20,0
2025-02-22,S004,P0004,58,20,0
2025-02-22,S004,P0005,52,20,0
2025-02-22,S004,P0006,60,20,0
2025-02-22,S004,P0007,31,20,0
2025-02-22,S004,P0008,70,20,0
2025-02-22,S004,P0009,107,20,0
2025-02-22,S004,P0010,101,20,0
2025-02-22,S005,P0001,64,20,0
2025-02-22,S005,P0002,44,20,0
2025-02-22,S005,P0003,69,20,0
2025-02-22,S005,P0004,83,20,0
2025-02-22,S005,P0005,38,20,0
2025-02-22,S005,P0006,80,20,0
2025-02-22,S005,P0007,24,20,0
2025-02-22,S005,P0008,111,20,0
2025-02-22,S005,P0009,35,20,0
2025-02-22,S005,P0010,95,20,0
2025-02-23,S001,P0001,51,20,0
2025-02-23,S001,P0002,113,20,0
2025-02-23,S001,P0003,117,20,0
2025-02-23,S001,P0004,80,20,0
2025-02-23,S001,P0005,29,20,0
2025-02-23,S001,P0006,52,20,0
2025-02-23,S001,P0007,111,20,0
2025-02-23,S001,P0008,62,20,0
2025-02-23,S001,P0009,71,20,0
2025-02-23,S001,P0010,119,20,0
2025-02-23,S002,P0001,77,20,0
2025-02-23,S002,P0002,28,20,0
2025-02-23,S002,P0003,47,20,0
2025-02-23,S002,P0004,73,20,0
2025-02-23,S002,P0005,67,20,0
2025-02-23,S002,P0006,24,20,0
2025-02-23,S002,P0007,58,20,0
2025-02-23,S002,P0008,40,20,0
2025-02-23,S002,P0009,21,20,0
2025-02-23,S002,P0010,94,20,0
2025-02-23,S003,P0001,75,20,0
2025-02-23,S003,P0002,31,20,0
2025-02-23,S003,P0003,54,20,0
2025-02-23,S003,P0004,44,20,0
2025-02-23,S003,P0005,81,20,0
2025-02-23,S003,P0006,67,20,0
2025-02-23,S003,P0007,56,20,0
2025-02-23,S003,P0008,51,20,0
2025-02-23,S003,P0009,113,20,0
2025-02-23,S003,P0010,38,20,0
2025-02-23,S004,P0001,45,20,0
2025-02-23,S004,P0002,107,20,0
2025-02-23,S004,P0003,46,20,0
2025-02-23,S004,P0004,54,20,0
2025-02-23,S004,P0005,49,20,0
2025-02-23,S004,P0006,59,20,0
2025-02-23,S004,P0007,30,20,0
2025-02-23,S004,P0008,69,20,0
2025-02-23,S004,P0009,106,20,0
2025-02-23,S004,P0010,100,20,0
2025-02-23,S005,P0001,63,20,0
2025-02-23,S005,P0002,43,20,0
2025-02-23,S005,P0003,67,20,0
2025-02-23,S005,P0004,83,20,0
2025-02-23,S005,P0005,34,20,0
2025-02-23,S005,P0006,80,20,0
2025-02-23,S005,P0007,24,20,0
2025-02-23,S005,P0008,109,20,0
2025-02-23,S005,P0009,35,20,0
2025-02-23,S005,P0010,94,20,0
2025-02-24,S001,P0001,50,20,0
2025-02-24,S001,P0002,113,20,0
2025-02-24,S001,P0003,117,20,0
2025-02-24,S001,P0004,79,20,0
2025-02-24,S001,P0005,23,20,0
2025-02-24,S001,P0006,51,20,0
2025-02-24,S001,P0007,109,20,0
2025-02-24,S001,P0008,60,20,0
2025-02-24,S001,P0009,70,20,0
2025-02-24,S001,P0010,118,20,0
2025-02-24,S002,P0001,77,20,0
2025-02-24,S002,P0002,28,20,0
2025-02-24,S002,P0003,47,20,0
2025-02-24,S002,P0004,73,20,0
2025-02-24,S002,P0005,66,20,0
2025-02-24,S002,P0006,24,20,0
2025-02-24,S002,P0007,53,20,0
2025-02-24,S002,P0008,38,20,0
2025-02-24,S002,P0009,118,20,0
2025-02-24,S002,P0010,92,20,0
2025-02-24,S003,P0001,74,20,0
2025-02-24,S003,P0002,31,20,0
2025-02-24,S003,P0003,54,20,0
2025-02-24,S003,P0004,43,20,0
2025-02-24,S003,P0005,80,20,0
2025-02-24,S003,P0006,67,20,0
2025-02-24,S003,P0007,56,20,0
2025-02-24,S003,P0008,49,20,0
2025-02-24,S003,P0009,108,20,0
2025-02-24,S003,P0010,37,20,0
2025-02-24,S004,P0001,43,20,0
2025-02-24,S004,P0002,104,20,0
2025-02-24,S004,P0003,46,20,0
2025-02-24,S004,P0004,53,20,0
2025-02-24,S004,P0005,45,20,0
2025-02-24,S004,P0006,58,20,0
2025-02-24,S004,P0007,29,20,0
2025-02-24,S004,P0008,68,20,0
2025-02-24,S004,P0009,106,20,0
2025-02-24,S004,P0010,100,20,0
2025-02-24,S005,P0001,62,20,0
2025-02-24,S005,P0002,41,20,0
2025-02-24,S005,P0003,64,20,0
2025-02-24,S005,P0004,83,20,0
2025-02-24,S005,P0005,30,20,0
2025-02-24,S005,P0006,80,20,0
2025-02-24,S005,P0007,23,20,0
2025-02-24,S005,P0008,109,20,0
2025-02-24,S005,P0009,32,20,0
2025-02-24,S005,P0010,94,20,0
2025-02-25,S001,P0001,46,20,0
2025-02-25,S001,P0002,111,20,0
2025-02-25,S001,P0003,117,20,0
2025-02-25,S001,P0004,76,20,0
2025-02-25,S001,P0005,21,20,0
2025-02-25,S001,P0006,49,20,0
2025-02-25,S001,P0007,107,20,0
2025-02-25,S001,P0008,60,20,0
2025-02-25,S001,P0009,69,20,0
2025-02-25,S001,P0010,118,20,0
2025-02-25,S002,P0001,75,20,0
2025-02-25,S002,P0002,28,20,0
2025-02-25,S002,P0003,45,20,0
2025-02-25,S002,P0004,70,20,0
2025-02-25,S002,P0005,61,20,0
2025-02-25,S002,P0006,23,20,0
2025-02-25,S002,P0007,52,20,0
2025-02-25,S002,P0008,36,20,0
2025-02-25,S002,P0009,116,20,0
2025-02-25,S002,P0010,92,20,0
2025-02-25,S003,P0001,74,20,0
2025-02-25,S003,P0002,31,20,0
2025-02-25,S003,P0003,53,20,0
2025-02-25,S003,P0004,42,20,0
2025-02-25,S003,P0005,77,20,0
2025-02-25,S003,P0006,65,20,0
2025-02-25,S003,P0007,55,20,0
2025-02-25,S003,P0008,47,20,0
2025-02-25,S003,P0009,107,20,0
2025-02-25,S003,P0010,35,20,0
2025-02-25,S004,P0001,41,20,0
2025-02-25,S004,P0002,100,20,0
2025-02-25,S004,P0003,44,20,0
2025-02-25,S004,P0004,53,20,0
2025-02-25,S004,P0005,43,20,0
2025-02-25,S004,P0006,58,20,0
2025-02-25,S004,P0007,29,20,0
2025-02-25,S004,P0008,66,20,0
2025-02-25,S004,P0009,105,20,0
2025-02-25,S004,P0010,99,20,0
2025-02-25,S005,P0001,60,20,0
2025-02-25,S005,P0002,39,20,0
2025-02-25,S005,P0003,60,20,0
2025-02-25,S005,P0004,83,20,0
2025-02-25,S005,P0005,29,20,0
2025-02-25,S005,P0006,80,20,0
2025-02-25,S005,P0007,23,20,0
2025-02-25,S005,P0008,106,20,0
2025-02-25,S005,P0009,28,20,0
2025-02-25,S005,P0010,94,20,0
2025-02-26,S001,P0001,41,20,0
2025-02-26,S001,P0002,109,20,0
2025-02-26,S001,P0003,115,20,0
2025-02-26,S001,P0004,76,20,0
2025-02-26,S001,P0005,20,20,0
2025-02-26,S001,P0006,49,20,0
2025-02-26,S001,P0007,106,20,0
2025-02-26,S001,P0008,55,20,0
2025-02-26,S001,P0009,68,20,0
2025-02-26,S001,P0010,118,20,0
2025-02-26,S002,P0001,74,20,0
2025-02-26,S002,P0002,27,20,0
2025-02-26,S002,P0003,42,20,0
2025-02-26,S002,P0004,70,20,0
2025-02-26,S002,P0005,59,20,0
2025-02-26,S002,P0006,23,20,0
2025-02-26,S002,P0007,49,20,0
2025-02-26,S002,P0008,36,20,0
2025-02-26,S002,P0009,114,20,0
2025-02-26,S002,P0010,91,20,0
2025-02-26,S003,P0001,72,20,0
2025-02-26,S003,P0002,30,20,0
2025-02-26,S003,P0003,52,20,0
2025-02-26,S003,P0004,40,20,0
2025-02-26,S003,P0005,76,20,0
2025-02-26,S003,P0006,64,20,0
2025-02-26,S003,P0007,54,20,0
2025-02-26,S003,P0008,45,20,0
2025-02-26,S003,P0009,104,20,0
2025-02-26,S003,P0010,34,20,0
2025-02-26,S004,P0001,40,20,0
2025-02-26,S004,P0002,97,20,0
2025-02-26,S004,P0003,42,20,0
2025-02-26,S004,P0004,52,20,0
2025-02-26,S004,P0005,42,20,0
2025-02-26,S004,P0006,57,20,0
2025-02-26,S004,P0007,27,20,0
2025-02-26,S004,P0008,66,20,0
2025-02-26,S004,P0009,101,20,0
2025-02-26,S004,P0010,97,20,0
2025-02-26,S005,P0001,56,20,0
2025-02-26,S005,P0002,39,20,0
2025-02-26,S005,P0003,57,20,0
2025-02-26,S005,P0004,82,20,0
2025-02-26,S005,P0005,28,20,0
2025-02-26,S005,P0006,80,20,0
2025-02-26,S005,P0007,23,20,0
2025-02-26,S005,P0008,106,20,0
2025-02-26,S005,P0009,26,20,0
2025-02-26,S005,P0010,93,20,0
2025-02-27,S001,P0001,39,20,0
2025-02-27,S001,P0002,108,20,0
2025-02-27,S001,P0003,113,20,0
2025-02-27,S001,P0004,75,20,0
2025-02-27,S001,P0005,20,20,0
2025-02-27,S001,P0006,47,20,0
2025-02-27,S001,P0007,106,20,0
2025-02-27,S001,P0008,55,20,0
2025-02-27,S001,P0009,68,20,0
2025-02-27,S001,P0010,118,20,0
2025-02-27,S002,P0001,73,20,0
2025-02-27,S002,P0002,26,20,0
2025-02-27,S002,P0003,42,20,0
2025-02-27,S002,P0004,65,20,0
2025-02-27,S002,P0005,59,20,0
2025-02-27,S002,P0006,20,20,0
2025-02-27,S002,P0007,48,20,0
2025-02-27,S002,P0008,34,20,0
2025-02-27,S002,P0009,112,20,0
2025-02-27,S002,P0010,91,20,0
2025-02-27,S003,P0001,68,20,0
2025-02-27,S003,P0002,28,20,0
2025-02-27,S003,P0003,52,20,0
2025-02-27,S003,P0004,38,20,0
2025-02-27,S003,P0005,72,20,0
2025-02-27,S003,P0006,64,20,0
2025-02-27,S003,P0007,53,20,0
2025-02-27,S003,P0008,41,20,0
2025-02-27,S003,P0009,103,20,0
2025-02-27,S003,P0010,33,20,0
2025-02-27,S004,P0001,40,20,0
2025-02-27,S004,P0002,96,20,0
2025-02-27,S004,P0003,41,20,0
2025-02-27,S004,P0004,51,20,0
2025-02-27,S004,P0005,40,20,0
2025-02-27,S004,P0006,55,20,0
2025-02-27,S004,P0007,26,20,0
2025-02-27,S004,P0008,66,20,0
2025-02-27,S004,P0009,101,20,0
2025-02-27,S004,P0010,96,20,0
2025-02-27,S005,P0001,55,20,0
2025-02-27,S005,P0002,36,20,0
2025-02-27,S005,P0003,56,20,0
2025-02-27,S005,P0004,81,20,0
2025-02-27,S005,P0005,21,20,0
2025-02-27,S005,P0006,77,20,0
2025-02-27,S005,P0007,21,20,0
2025-02-27,S005,P0008,105,20,0
2025-02-27,S005,P0009,25,20,0
2025-02-27,S005,P0010,92,20,0
2025-02-28,S001,P0001,39,20,0
2025-02-28,S001,P0002,106,20,0
2025-02-28,S001,P0003,112,20,0
2025-02-28,S001,P0004,73,20,0
2025-02-28,S001,P0005,117,20,0
2025-02-28,S001,P0006,46,20,0
2025-02-28,S001,P0007,106,20,0
2025-02-28,S001,P0008,52,20,0
2025-02-28,S001,P0009,68,20,0
2025-02-28,S001,P0010,116,20,0
2025-02-28,S002,P0001,71,20,0
2025-02-28,S002,P0002,24,20,0
2025-02-28,S002,P0003,40,20,0
2025-02-28,S002,P0004,61,20,0
2025-02-28,S002,P0005,57,20,0
2025-02-28,S002,P0006,20,20,0
2025-02-28,S002,P0007,48,20,0
2025-02-28,S002,P0008,34,20,0
2025-02-28,S002,P0009,111,20,0
2025-02-28,S002,P0010,90,20,0
2025-02-28,S003,P0001,67,20,0
2025-02-28,S003,P0002,26,20,0
2025-02-28,S003,P0003,52,20,0
2025-02-28,S003,P0004,36,20,0
2025-02-28,S003,P0005,66,20,0
2025-02-28,S003,P0006,63,20,0
2025-02-28,S003,P0007,53,20,0
2025-02-28,S003,P0008,40,20,0
2025-02-28,S003,P0009,102,20,0
2025-02-28,S003,P0010,32,20,0
2025-02-28,S004,P0001,39,20,0
2025-02-28,S004,P0002,95,20,0
2025-02-28,S004,P0003,41,20,0
2025-02-28,S004,P0004,51,20,0
2025-02-28,S004,P0005,38,20,0
2025-02-28,S004,P0006,54,20,0
2025-02-28,S004,P0007,24,20,0
2025-02-28,S004,P0008,66,20,0
2025-02-28,S004,P0009,95,20,0
2025-02-28,S004,P0010,94,20,0
2025-02-28,S005,P0001,55,20,0
2025-02-28,S005,P0002,35,20,0
2025-02-28,S005,P0003,55,20,0
2025-02-28,S005,P0004,78,20,0
2025-02-28,S005,P0005,118,20,0
2025-02-28,S005,P0006,77,20,0
2025-02-28,S005,P0007,21,20,0
2025-02-28,S005,P0008,104,20,0
2025-02-28,S005,P0009,24,20,0
2025-02-28,S005,P0010,89,20,0
2025-03-01,S001,P0001,37,20,0
2025-03-01,S001,P0002,105,20,0
2025-03-01,S001,P0003,111,20,0
2025-03-01,S001,P0004,72,20,0
2025-03-01,S001,P0005,113,20,0
2025-03-01,S001,P0006,45,20,0
2025-03-01,S001,P0007,104,20,0
2025-03-01,S001,P0008,50,20,0
2025-03-01,S001,P0009,66,20,0
2025-03-01,S001,P0010,112,20,0
2025-03-01,S002,P0001,67,20,0
2025-03-01,S002,P0002,23,20,0
2025-03-01,S002,P0003,37,20,0
2025-03-01,S002,P0004,59,20,0
2025-03-01,S002,P0005,57,20,0
2025-03-01,S002,P0006,118,20,0
2025-03-01,S002,P0007,46,20,0
2025-03-01,S002,P0008,30,20,0
2025-03-01,S002,P0009,111,20,0
2025-03-01,S002,P0010,87,20,0
2025-03-01,S003,P0001,67,20,0
2025-03-01,S003,P0002,26,20,0
2025-03-01,S003,P0003,50,20,0
2025-03-01,S003,P0004,36,20,0
2025-03-01,S003,P0005,65,20,0
2025-03-01,S003,P0006,63,20,0
2025-03-01,S003,P0007,51,20,0
2025-03-01,S003,P0008,39,20,0
2025-03-01,S003,P0009,101,20,0
2025-03-01,S003,P0010,31,20,0
2025-03-01,S004,P0001,37,20,0
2025-03-01,S004,P0002,93,20,0
2025-03-01,S004,P0003,40,20,0
2025-03-01,S004,P0004,51,20,0
2025-03-01,S004,P0005,35,20,0
2025-03-01,S004,P0006,53,20,0
2025-03-01,S004,P0007,22,20,0
2025-03-01,S004,P0008,66,20,0
2025-03-01,S004,P0009,95,20,0
2025-03-01,S004,P0010,92,20,0
2025-03-01,S005,P0001,55,20,0
2025-03-01,S005,P0002,32,20,0
2025-03-01,S005,P0003,55,20,0
2025-03-01,S005,P0004,78,20,0
2025-03-01,S005,P0005,117,20,0
2025-03-01,S005,P0006,77,20,0
2025-03-01,S005,P0007,21,20,0
2025-03-01,S005,P0008,102,20,0
2025-03-01,S005,P0009,24,20,0
2025-03-01,S005,P0010,86,20,0
2025-03-02,S001,P0001,34,20,0
2025-03-02,S001,P0002,100,20,0
2025-03-02,S001,P0003,109,20,0
2025-03-02,S001,P0004,72,20,0
2025-03-02,S001,P0005,108,20,0
2025-03-02,S001,P0006,44,20,0
2025-03-02,S001,P0007,104,20,0
2025-03-02,S001,P0008,50,20,0
2025-03-02,S001,P0009,65,20,0
2025-03-02,S001,P0010,112,20,0
2025-03-02,S002,P0001,66,20,0
2025-03-02,S002,P0002,20,20,0
2025-03-02,S002,P0003,36,20,0
2025-03-02,S002,P0004,59,20,0
2025-03-02,S002,P0005,51,20,0
2025-03-02,S002,P0006,118,20,0
2025-03-02,S002,P0007,45,20,0
2025-03-02,S002,P0008,30,20,0
2025-03-02,S002,P0009,109,20,0
2025-03-02,S002,P0010,86,20,0
2025-03-02,S003,P0001,67,20,0
2025-03-02,S003,P0002,25,20,0
2025-03-02,S003,P0003,49,20,0
2025-03-02,S003,P0004,33,20,0
2025-03-02,S003,P0005,64,20,0
2025-03-02,S003,P0006,62,20,0
2025-03-02,S003,P0007,49,20,0
2025-03-02,S003,P0008,39,20,0
2025-03-02,S003,P0009,99,20,0
2025-03-02,S003,P0010,29,20,0
2025-03-02,S004,P0001,37,20,0
2025-03-02,S004,P0002,92,20,0
2025-03-02,S004,P0003,40,20,0
2025-03-02,S004,P0004,51,20,0
2025-03-02,S004,P0005,33,20,0
2025-03-02,S004,P0006,52,20,0
2025-03-02,S004,P0007,21,20,0
2025-03-02,S004,P0008,66,20,0
2025-03-02,S004,P0009,95,20,0
2025-03-02,S004,P0010,91,20,0
2025-03-02,S005,P0001,51,20,0
2025-03-02,S005,P0002,30,20,0
2025-03-02,S005,P0003,54,20,0
2025-03-02,S005,P0004,78,20,0
2025-03-02,S005,P0005,115,20,0
2025-03-02,S005,P0006,76,20,0
2025-03-02,S005,P0007,119,20,0
2025-03-02,S005,P0008,101,20,0
2025-03-02,S005,P0009,21,20,0
2025-03-02,S005,P0010,84,20,0
2025-03-03,S001,P0001,34,20,0
2025-03-03,S001,P0002,99,20,0
2025-03-03,S001,P0003,108,20,0
2025-03-03,S001,P0004,71,20,0
2025-03-03,S001,P0005,105,20,0
2025-03-03,S001,P0006,42,20,0
2025-03-03,S001,P0007,102,20,0
2025-03-03,S001,P0008,47,20,0
2025-03-03,S001,P0009,61,20,0
2025-03-03,S001,P0010,111,20,0
2025-03-03,S002,P0001,65,20,0
2025-03-03,S002,P0002,118,20,0
2025-03-03,S002,P0003,36,20,0
2025-03-03,S002,P0004,58,20,0
2025-03-03,S002,P0005,47,20,0
2025-03-03,S002,P0006,118,20,0
2025-03-03,S002,P0007,45,20,0
2025-03-03,S002,P0008,27,20,0
2025-03-03,S002,P0009,109,20,0
2025-03-03,S002,P0010,85,20,0
2025-03-03,S003,P0001,66,20,0
2025-03-03,S003,P0002,24,20,0
2025-03-03,S003,P0003,47,20,0
2025-03-03,S003,P0004,31,20,0
2025-03-03,S003,P0005,56,20,0
2025-03-03,S003,P0006,60,20,0
2025-03-03,S003,P0007,47,20,0
2025-03-03,S003,P0008,38,20,0
2025-03-03,S003,P0009,99,20,0
2025-03-03,S003,P0010,27,20,0
2025-03-03,S004,P0001,34,20,0
2025-03-03,S004,P0002,91,20,0
2025-03-03,S004,P0003,39,20,0
2025-03-03,S004,P0004,50,20,0
2025-03-03,S004,P0005,29,20,0
2025-03-03,S004,P0006,52,20,0
2025-03-03,S004,P0007,20,20,0
2025-03-03,S004,P0008,66,20,0
2025-03-03,S004,P0009,94,20,0
2025-03-03,S004,P0010,91,20,0
2025-03-03,S005,P0001,49,20,0
2025-03-03,S005,P0002,29,20,0
2025-03-03,S005,P0003,53,20,0
2025-03-03,S005,P0004,74,20,0
2025-03-03,S005,P0005,110,20,0
2025-03-03,S005,P0006,75,20,0
2025-03-03,S005,P0007,115,20,0
2025-03-03,S005,P0008,99,20,0
2025-03-03,S005,P0009,20,20,0
2025-03-03,S005,P0010,84,20,0
2025-03-04,S001,P0001,34,20,0
2025-03-04,S001,P0002,98,20,0
2025-03-04,S001,P0003,107,20,0
2025-03-04,S001,P0004,70,20,0
2025-03-04,S001,P0005,100,20,0
2025-03-04,S001,P0006,42,20,0
2025-03-04,S001,P0007,101,20,0
2025-03-04,S001,P0008,46,20,0
2025-03-04,S001,P0009,60,20,0
2025-03-04,S001,P0010,110,20,0
2025-03-04,S002,P0001,63,20,0
2025-03-04,S002,P0002,117,20,0
2025-03-04,S002,P0003,34,20,0
2025-03-04,S002,P0004,56,20,0
2025-03-04,S002,P0005,45,20,0
2025-03-04,S002,P0006,118,20,0
2025-03-04,S002,P0007,44,20,0
2025-03-04,S002,P0008,26,20,0
2025-03-04,S002,P0009,105,20,0
2025-03-04,S002,P0010,85,20,0
2025-03-04,S003,P0001,66,20,0
2025-03-04,S003,P0002,24,20,0
2025-03-04,S003,P0003,47,20,0
2025-03-04,S003,P0004,29,20,0
2025-03-04,S003,P0005,53,20,0
2025-03-04,S003,P0006,60,20,0
2025-03-04,S003,P0007,45,20,0
2025-03-04,S003,P0008,37,20,0
2025-03-04,S003,P0009,97,20,0
2025-03-04,S003,P0010,25,20,0
2025-03-04,S004,P0001,34,20,0
2025-03-04,S004,P0002,90,20,0
2025-03-04,S004,P0003,38,20,0
2025-03-04,S004,P0004,50,20,0
2025-03-04,S004,P0005,26,20,0
2025-03-04,S004,P0006,52,20,0
2025-03-04,S004,P0007,116,20,0
2025-03-04,S004,P0008,63,20,0
2025-03-04,S004,P0009,90,20,0
2025-03-04,S004,P0010,87,20,0
2025-03-04,S005,P0001,45,20,0
2025-03-04,S005,P0002,29,20,0
2025-03-04,S005,P0003,51,20,0
2025-03-04,S005,P0004,73,20,0
2025-03-04,S005,P0005,108,20,0
2025-03-04,S005,P0006,74,20,0
2025-03-04,S005,P0007,114,20,0
2025-03-04,S005,P0008,98,20,0
2025-03-04,S005,P0009,119,20,0
2025-03-04,S005,P0010,83,20,0
2025-03-05,S001,P0001,32,20,0
2025-03-05,S001,P0002,97,20,0
2025-03-05,S001,P0003,103,20,0
2025-03-05,S001,P0004,70,20,0
2025-03-05,S001,P0005,98,20,0
2025-03-05,S001,P0006,42,20,0
2025-03-05,S001,P0007,98,20,0
2025-03-05,S001,P0008,46,20,0
2025-03-05,S001,P0009,55,20,0
2025-03-05,S001,P0010,106,20,0
2025-03-05,S002,P0001,60,20,0
2025-03-05,S002,P0002,114,20,0
2025-03-05,S002,P0003,32,20,0
2025-03-05,S002,P0004,54,20,0
2025-03-05,S002,P0005,41,20,0
2025-03-05,S002,P0006,118,20,0
2025-03-05,S002,P0007,43,20,0
2025-03-05,S002,P0008,25,20,0
2025-03-05,S002,P0009,105,20,0
2025-03-05,S002,P0010,84,20,0
2025-03-05,S003,P0001,66,20,0
2025-03-05,S003,P0002,23,20,0
2025-03-05,S003,P0003,45,20,0
2025-03-05,S003,P0004,29,20,0
2025-03-05,S003,P0005,49,20,0
2025-03-05,S003,P0006,60,20,0
2025-03-05,S003,P0007,45,20,0
2025-03-05,S003,P0008,32,20,0
2025-03-05,S003,P0009,93,20,0
2025-03-05,S003,P0010,25,20,0
2025-03-05,S004,P0001,31,20,0
2025-03-05,S004,P0002,87,20,0
2025-03-05,S004,P0003,36,20,0
2025-03-05,S004,P0004,46,20,0
2025-03-05,S004,P0005,21,20,0
2025-03-05,S004,P0006,52,20,0
2025-03-05,S004,P0007,116,20,0
2025-03-05,S004,P0008,61,20,0
2025-03-05,S004,P0009,88,20,0
2025-03-05,S004,P0010,84,20,0
2025-03-05,S005,P0001,45,20,0
2025-03-05,S005,P0002,27,20,0
2025-03-05,S005,P0003,51,20,0
2025-03-05,S005,P0004,73,20,0
2025-03-05,S005,P0005,105,20,0
2025-03-05,S005,P0006,73,20,0
2025-03-05,S005,P0007,114,20,0
2025-03-05,S005,P0008,96,20,0
2025-03-05,S005,P0009,116,20,0
2025-03-05,S005,P0010,82,20,0
2025-03-06,S001,P0001,31,20,0
2025-03-06,S001,P0002,95,20,0
2025-03-06,S001,P0003,103,20,0
2025-03-06,S001,P0004,69,20,0
2025-03-06,S001,P0005,95,20,0
2025-03-06,S001,P0006,40,20,0
2025-03-06,S001,P0007,98,20,0
2025-03-06,S001,P0008,44,20,0
2025-03-06,S001,P0009,54,20,0
2025-03-06,S001,P0010,106,20,0
2025-03-06,S002,P0001,59,20,0
2025-03-06,S002,P0002,111,20,0
2025-03-06,S002,P0003,30,20,0
2025-03-06,S002,P0004,54,20,0
2025-03-06,S002,P0005,36,20,0
2025-03-06,S002,P0006,118,20,0
2025-03-06,S002,P0007,41,20,0
2025-03-06,S002,P0008,24,20,0
2025-03-06,S002,P0009,105,20,0
2025-03-06,S002,P0010,83,20,0
2025-03-06,S003,P0001,64,20,0
2025-03-06,S003,P0002,23,20,0
2025-03-06,S003,P0003,44,20,0
2025-03-06,S003,P0004,29,20,0
2025-03-06,S003,P0005,43,20,0
2025-03-06,S003,P0006,60,20,0
2025-03-06,S003,P0007,44,20,0
2025-03-06,S003,P0008,32,20,0
2025-03-06,S003,P0009,92,20,0
2025-03-06,S003,P0010,24,20,0
2025-03-06,S004,P0001,31,20,0
2025-03-06,S004,P0002,86,20,0
2025-03-06,S004,P0003,35,20,0
2025-03-06,S004,P0004,45,20,0
2025-03-06,S004,P0005,20,20,0
2025-03-06,S004,P0006,51,20,0
2025-03-06,S004,P0007,116,20,0
2025-03-06,S004,P0008,59,20,0
2025-03-06,S004,P0009,88,20,0
2025-03-06,S004,P0010,82,20,0
2025-03-06,S005,P0001,45,20,0
2025-03-06,S005,P0002,22,20,0
2025-03-06,S005,P0003,48,20,0
2025-03-06,S005,P0004,73,20,0
2025-03-06,S005,P0005,104,20,0
2025-03-06,S005,P0006,73,20,0
2025-03-06,S005,P0007,113,20,0
2025-03-06,S005,P0008,95,20,0
2025-03-06,S005,P0009,116,20,0
2025-03-06,S005,P0010,81,20,0
2025-03-07,S001,P0001,30,20,0
2025-03-07,S001,P0002,94,20,0
2025-03-07,S001,P0003,102,20,0
2025-03-07,S001,P0004,68,20,0
2025-03-07,S001,P0005,92,20,0
2025-03-07,S001,P0006,39,20,0
2025-03-07,S001,P0007,97,20,0
2025-03-07,S001,P0008,43,20,0
2025-03-07,S001,P0009,51,20,0
2025-03-07,S001,P0010,105,20,0
2025-03-07,S002,P0001,56,20,0
2025-03-07,S002,P0002,108,20,0
2025-03-07,S002,P0003,30,20,0
2025-03-07,S002,P0004,54,20,0
2025-03-07,S002,P0005,32,20,0
2025-03-07,S002,P0006,117,20,0
2025-03-07,S002,P0007,40,20,0
2025-03-07,S002,P0008,23,20,0
2025-03-07,S002,P0009,104,20,0
2025-03-07,S002,P0010,80,20,0
2025-03-07,S003,P0001,64,20,0
2025-03-07,S003,P0002,119,20,0
2025-03-07,S003,P0003,43,20,0
2025-03-07,S003,P0004,29,20,0
2025-03-07,S003,P0005,42,20,0
2025-03-07,S003,P0006,60,20,0
2025-03-07,S003,P0007,43,20,0
2025-03-07,S003,P0008,30,20,0
2025-03-07,S003,P0009,88,20,0
2025-03-07,S003,P0010,22,20,0
2025-03-07,S004,P0001,30,20,0
2025-03-07,S004,P0002,85,20,0
2025-03-07,S004,P0003,34,20,0
2025-03-07,S004,P0004,45,20,0
2025-03-07,S004,P0005,119,20,0
2025-03-07,S004,P0006,50,20,0
2025-03-07,S004,P0007,115,20,0
2025-03-07,S004,P0008,57,20,0
2025-03-07,S004,P0009,88,20,0
2025-03-07,S004,P0010,82,20,0
2025-03-07,S005,P0001,44,20,0
2025-03-07,S005,P0002,21,20,0
2025-03-07,S005,P0003,48,20,0
2025-03-07,S005,P0004,72,20,0
2025-03-07,S005,P0005,102,20,0
2025-03-07,S005,P0006,73,20,0
2025-03-07,S005,P0007,111,20,0
2025-03-07,S005,P0008,93,20,0
2025-03-07,S005,P0009,112,20,0
2025-03-07,S005,P0010,80,20,0
2025-03-08,S001,P0001,25,20,0
2025-03-08,S001,P0002,93,20,0
2025-03-08,S001,P0003,101,20,0
2025-03-08,S001,P0004,65,20,0
2025-03-08,S001,P0005,89,20,0
2025-03-08,S001,P0006,39,20,0
2025-03-08,S001,P0007,97,20,0
2025-03-08,S001,P0008,43,20,0
2025-03-08,S001,P0009,51,20,0
2025-03-08,S001,P0010,101,20,0
2025-03-08,S002,P0001,55,20,0
2025-03-08,S002,P0002,106,20,0
2025-03-08,S002,P0003,27,20,0
2025-03-08,S002,P0004,52,20,0
2025-03-08,S002,P0005,31,20,0
2025-03-08,S002,P0006,116,20,0
2025-03-08,S002,P0007,39,20,0
2025-03-08,S002,P0008,22,20,0
2025-03-08,S002,P0009,104,20,0
2025-03-08,S002,P0010,79,20,0
2025-03-08,S003,P0001,64,20,0
2025-03-08,S003,P0002,118,20,0
2025-03-08,S003,P0003,41,20,0
2025-03-08,S003,P0004,27,20,0
2025-03-08,S003,P0005,39,20,0
2025-03-08,S003,P0006,60,20,0
2025-03-08,S003,P0007,42,20,0
2025-03-08,S003,P0008,30,20,0
2025-03-08,S003,P0009,86,20,0
2025-03-08,S003,P0010,22,20,0
2025-03-08,S004,P0001,28,20,0
2025-03-08,S004,P0002,82,20,0
2025-03-08,S004,P0003,30,20,0
2025-03-08,S004,P0004,44,20,0
2025-03-08,S004,P0005,116,20,0
2025-03-08,S004,P0006,47,20,0
2025-03-08,S004,P0007,114,20,0
2025-03-08,S004,P0008,57,20,0
2025-03-08,S004,P0009,88,20,0
2025-03-08,S004,P0010,81,20,0
2025-03-08,S005,P0001,41,20,0
2025-03-08,S005,P0002,20,20,0
2025-03-08,S005,P0003,47,20,0
2025-03-08,S005,P0004,71,20,0
2025-03-08,S005,P0005,98,20,0
2025-03-08,S005,P0006,73,20,0
2025-03-08,S005,P0007,109,20,0
2025-03-08,S005,P0008,91,20,0
2025-03-08,S005,P0009,109,20,0
2025-03-08,S005,P0010,79,20,0
2025-03-09,S001,P0001,23,20,0
2025-03-09,S001,P0002,92,20,0
2025-03-09,S001,P0003,96,20,0
2025-03-09,S001,P0004,64,20,0
2025-03-09,S001,P0005,87,20,0
2025-03-09,S001,P0006,39,20,0
2025-03-09,S001,P0007,97,20,0
2025-03-09,S001,P0008,42,20,0
2025-03-09,S001,P0009,51,20,0
2025-03-09,S001,P0010,100,20,0
2025-03-09,S002,P0001,53,20,0
2025-03-09,S002,P0002,104,20,0
2025-03-09,S002,P0003,26,20,0
2025-03-09,S002,P0004,51,20,0
2025-03-09,S002,P0005,28,20,0
2025-03-09,S002,P0006,115,20,0
2025-03-09,S002,P0007,38,20,0
2025-03-09,S002,P0008,21,20,0
2025-03-09,S002,P0009,104,20,0
2025-03-09,S002,P0010,76,20,0
2025-03-09,S003,P0001,61,20,0
2025-03-09,S003,P0002,117,20,0
2025-03-09,S003,P0003,41,20,0
2025-03-09,S003,P0004,26,20,0
2025-03-09,S003,P0005,37,20,0
2025-03-09,S003,P0006,59,20,0
2025-03-09,S003,P0007,40,20,0
2025-03-09,S003,P0008,29,20,0
2025-03-09,S003,P0009,85,20,0
2025-03-09,S003,P0010,21,20,0
2025-03-09,S004,P0001,25,20,0
2025-03-09,S004,P0002,80,20,0
2025-03-09,S004,P0003,29,20,0
2025-03-09,S004,P0004,42,20,0
2025-03-09,S004,P0005,111,20,0
2025-03-09,S004,P0006,45,20,0
2025-03-09,S004,P0007,113,20,0
2025-03-09,S004,P0008,57,20,0
2025-03-09,S004,P0009,88,20,0
2025-03-09,S004,P0010,81,20,0
2025-03-09,S005,P0001,41,20,0
2025-03-09,S005,P0002,119,20,0
2025-03-09,S005,P0003,46,20,0
2025-03-09,S005,P0004,71,20,0
2025-03-09,S005,P0005,94,20,0
2025-03-09,S005,P0006,73,20,0
2025-03-09,S005,P0007,109,20,0
2025-03-09,S005,P0008,89,20,0
2025-03-09,S005,P0009,104,20,0
2025-03-09,S005,P0010,78,20,0
2025-03-10,S001,P0001,21,20,0
2025-03-10,S001,P0002,89,20,0
2025-03-10,S001,P0003,95,20,0
2025-03-10,S001,P0004,63,20,0
2025-03-10,S001,P0005,84,20,0
2025-03-10,S001,P0006,39,20,0
2025-03-10,S001,P0007,96,20,0
2025-03-10,S001,P0008,42,20,0
2025-03-10,S001,P0009,50,20,0
2025-03-10,S001,P0010,100,20,0
2025-03-10,S002,P0001,53,20,0
2025-03-10,S002,P0002,102,20,0
2025-03-10,S002,P0003,25,20,0
2025-03-10,S002,P0004,51,20,0
2025-03-10,S002,P0005,27,20,0
2025-03-10,S002,P0006,115,20,0
2025-03-10,S002,P0007,38,20,0
2025-03-10,S002,P0008,119,20,0
2025-03-10,S002,P0009,102,20,0
2025-03-10,S002,P0010,76,20,0
2025-03-10,S003,P0001,60,20,0
2025-03-10,S003,P0002,116,20,0
2025-03-10,S003,P0003,41,20,0
2025-03-10,S003,P0004,23,20,0
2025-03-10,S003,P0005,36,20,0
2025-03-10,S003,P0006,59,20,0
2025-03-10,S003,P0007,38,20,0
2025-03-10,S003,P0008,29,20,0
2025-03-10,S003,P0009,82,20,0
2025-03-10,S003,P0010,119,20,0
2025-03-10,S004,P0001,23,20,0
2025-03-10,S004,P0002,78,20,0
2025-03-10,S004,P0003,29,20,0
2025-03-10,S004,P0004,41,20,0
2025-03-10,S004,P0005,108,20,0
2025-03-10,S004,P0006,45,20,0
2025-03-10,S004,P0007,113,20,0
2025-03-10,S004,P0008,55,20,0
2025-03-10,S004,P0009,86,20,0
2025-03-10,S004,P0010,80,20,0
2025-03-10,S005,P0001,39,20,0
2025-03-10,S005,P0002,116,20,0
2025-03-10,S005,P0003,45,20,0
2025-03-10,S005,P0004,71,20,0
2025-03-10,S005,P0005,93,20,0
2025-03-10,S005,P0006,73,20,0
2025-03-10,S005,P0007,109,20,0
2025-03-10,S005,P0008,85,20,0
2025-03-10,S005,P0009,103,20,0
2025-03-10,S005,P0010,78,20,0
2025-03-11,S001,P0001,20,20,0
2025-03-11,S001,P0002,88,20,0
2025-03-11,S001,P0003,93,20,0
2025-03-11,S001,P0004,63,20,0
2025-03-11,S001,P0005,83,20,0
2025-03-11,S001,P0006,38,20,0
2025-03-11,S001,P0007,95,20,0
2025-03-11,S001,P0008,41,20,0
2025-03-11,S001,P0009,47,20,0
2025-03-11,S001,P0010,99,20,0
2025-03-11,S002,P0001,53,20,0
2025-03-11,S002,P0002,100,20,0
2025-03-11,S002,P0003,25,20,0
2025-03-11,S002,P0004,49,20,0
2025-03-11,S002,P0005,27,20,0
2025-03-11,S002,P0006,112,20,0
2025-03-11,S002,P0007,37,20,0
2025-03-11,S002,P0008,117,20,0
2025-03-11,S002,P0009,100,20,0
2025-03-11,S002,P0010,75,20,0
2025-03-11,S003,P0001,60,20,0
2025-03-11,S003,P0002,113,20,0
2025-03-11,S003,P0003,41,20,0
2025-03-11,S003,P0004,23,20,0
2025-03-11,S003,P0005,34,20,0
2025-03-11,S003,P0006,55,20,0
2025-03-11,S003,P0007,37,20,0
2025-03-11,S003,P0008,28,20,0
2025-03-11,S003,P0009,81,20,0
2025-03-11,S003,P0010,119,20,0
2025-03-11,S004,P0001,21,20,0
2025-03-11,S004,P0002,78,20,0
2025-03-11,S004,P0003,28,20,0
2025-03-11,S004,P0004,41,20,0
2025-03-11,S004,P0005,104,20,0
2025-03-11,S004,P0006,41,20,0
2025-03-11,S004,P0007,113,20,0
2025-03-11,S004,P0008,55,20,0
2025-03-11,S004,P0009,85,20,0
2025-03-11,S004,P0010,79,20,0
2025-03-11,S005,P0001,38,20,0
2025-03-11,S005,P0002,115,20,0
2025-03-11,S005,P0003,44,20,0
2025-03-11,S005,P0004,69,20,0
2025-03-11,S005,P0005,91,20,0
2025-03-11,S005,P0006,71,20,0
2025-03-11,S005,P0007,108,20,0
2025-03-11,S005,P0008,82,20,0
2025-03-11,S005,P0009,102,20,0
2025-03-11,S005,P0010,76,20,0
2025-03-12,S001,P0001,119,20,0
2025-03-12,S001,P0002,88,20,0
2025-03-12,S001,P0003,91,20,0
2025-03-12,S001,P0004,63,20,0
2025-03-12,S001,P0005,81,20,0
2025-03-12,S001,P0006,37,20,0
2025-03-12,S001,P0007,95,20,0
2025-03-12,S001,P0008,40,20,0
2025-03-12,S001,P0009,46,20,0
2025-03-12,S001,P0010,98,20,0
2025-03-12,S002,P0001,45,20,0
2025-03-12,S002,P0002,97,20,0
2025-03-12,S002,P0003,23,20,0
2025-03-12,S002,P0004,49,20,0
2025-03-12,S002,P0005,20,20,0
2025-03-12,S002,P0006,112,20,0
2025-03-12,S002,P0007,37,20,0
2025-03-12,S002,P0008,117,20,0
2025-03-12,S002,P0009,100,20,0
2025-03-12,S002,P0010,74,20,0
2025-03-12,S003,P0001,59,20,0
2025-03-12,S003,P0002,113,20,0
2025-03-12,S003,P0003,41,20,0
2025-03-12,S003,P0004,21,20,0
2025-03-12,S003,P0005,32,20,0
2025-03-12,S003,P0006,52,20,0
2025-03-12,S003,P0007,35,20,0
2025-03-12,S003,P0008,26,20,0
2025-03-12,S003,P0009,79,20,0
2025-03-12,S003,P0010,116,20,0
2025-03-12,S004,P0001,20,20,0
2025-03-12,S004,P0002,76,20,0
2025-03-12,S004,P0003,28,20,0
2025-03-12,S004,P0004,39,20,0
2025-03-12,S004,P0005,102,20,0
2025-03-12,S004,P0006,40,20,0
2025-03-12,S004,P0007,112,20,0
2025-03-12,S004,P0008,52,20,0
2025-03-12,S004,P0009,83,20,0
2025-03-12,S004,P0010,78,20,0
2025-03-12,S005,P0001,34,20,0
2025-03-12,S005,P0002,112,20,0
2025-03-12,S005,P0003,44,20,0
2025-03-12,S005,P0004,69,20,0
2025-03-12,S005,P0005,90,20,0
2025-03-12,S005,P0006,70,20,0
2025-03-12,S005,P0007,106,20,0
2025-03-12,S005,P0008,80,20,0
2025-03-12,S005,P0009,101,20,0
2025-03-12,S005,P0010,74,20,0
2025-03-13,S001,P0001,119,20,0
2025-03-13,S001,P0002,88,20,0
2025-03-13,S001,P0003,91,20,0
2025-03-13,S001,P0004,63,20,0
2025-03-13,S001,P0005,79,20,0
2025-03-13,S001,P0006,36,20,0
2025-03-13,S001,P0007,94,20,0
2025-03-13,S001,P0008,37,20,0
2025-03-13,S001,P0009,44,20,0
2025-03-13,S001,P0010,97,20,0
2025-03-13,S002,P0001,45,20,0
2025-03-13,S002,P0002,97,20,0
2025-03-13,S002,P0003,23,20,0
2025-03-13,S002,P0004,48,20,0
2025-03-13,S002,P0005,118,20,0
2025-03-13,S002,P0006,112,20,0
2025-03-13,S002,P0007,33,20,0
2025-03-13,S002,P0008,116,20,0
2025-03-13,S002,P0009,98,20,0
2025-03-13,S002,P0010,71,20,0
2025-03-13,S003,P0001,56,20,0
2025-03-13,S003,P0002,110,20,0
2025-03-13,S003,P0003,39,20,0
2025-03-13,S003,P0004,21,20,0
2025-03-13,S003,P0005,31,20,0
2025-03-13,S003,P0006,52,20,0
2025-03-13,S003,P0007,33,20,0
2025-03-13,S003,P0008,25,20,0
2025-03-13,S003,P0009,76,20,0
2025-03-13,S003,P0010,115,20,0
2025-03-13,S004,P0001,20,20,0
2025-03-13,S004,P0002,74,20,0
2025-03-13,S004,P0003,27,20,0
2025-03-13,S004,P0004,38,20,0
2025-03-13,S004,P0005,100,20,0
2025-03-13,S004,P0006,40,20,0
2025-03-13,S004,P0007,112,20,0
2025-03-13,S004,P0008,52,20,0
2025-03-13,S004,P0009,82,20,0
2025-03-13,S004,P0010,74,20,0
2025-03-13,S005,P0001,33,20,0
2025-03-13,S005,P0002,110,20,0
2025-03-13,S005,P0003,43,20,0
2025-03-13,S005,P0004,67,20,0
2025-03-13,S005,P0005,88,20,0
2025-03-13,S005,P0006,70,20,0
2025-03-13,S005,P0007,104,20,0
2025-03-13,S005,P0008,78,20,0
2025-03-13,S005,P0009,100,20,0
2025-03-13,S005,P0010,70,20,0
2025-03-14,S001,P0001,117,20,0
2025-03-14,S001,P0002,85,20,0
2025-03-14,S001,P0003,89,20,0
2025-03-14,S001,P0004,63,20,0
2025-03-14,S001,P0005,77,20,0
2025-03-14,S001,P0006,36,20,0
2025-03-14,S001,P0007,92,20,0
2025-03-14,S001,P0008,37,20,0
2025-03-14,S001,P0009,43,20,0
2025-03-14,S001,P0010,96,20,0
2025-03-14,S002,P0001,41,20,0
2025-03-14,S002,P0002,97,20,0
2025-03-14,S002,P0003,21,20,0
2025-03-14,S002,P0004,47,20,0
2025-03-14,S002,P0005,108,20,0
2025-03-14,S002,P0006,111,20,0
2025-03-14,S002,P0007,31,20,0
2025-03-14,S002,P0008,114,20,0
2025-03-14,S002,P0009,95,20,0
2025-03-14,S002,P0010,70,20,0
2025-03-14,S003,P0001,56,20,0
2025-03-14,S003,P0002,108,20,0
2025-03-14,S003,P0003,39,20,0
2025-03-14,S003,P0004,20,20,0
2025-03-14,S003,P0005,28,20,0
2025-03-14,S003,P0006,51,20,0
2025-03-14,S003,P0007,32,20,0
2025-03-14,S003,P0008,24,20,0
2025-03-14,S003,P0009,74,20,0
2025-03-14,S003,P0010,114,20,0
2025-03-14,S004,P0001,119,20,0
2025-03-14,S004,P0002,71,20,0
2025-03-14,S004,P0003,24,20,0
2025-03-14,S004,P0004,37,20,0
2025-03-14,S004,P0005,96,20,0
2025-03-14,S004,P0006,39,20,0
2025-03-14,S004,P0007,111,20,0
2025-03-14,S004,P0008,49,20,0
2025-03-14,S004,P0009,81,20,0
2025-03-14,S004,P0010,74,20,0
2025-03-14,S005,P0001,33,20,0
2025-03-14,S005,P0002,107,20,0
2025-03-14,S005,P0003,42,20,0
2025-03-14,S005,P0004,65,20,0
2025-03-14,S005,P0005,87,20,0
2025-03-14,S005,P0006,70,20,0
2025-03-14,S005,P0007,104,20,0
2025-03-14,S005,P0008,78,20,0
2025-03-14,S005,P0009,98,20,0
2025-03-14,S005,P0010,69,20,0
2025-03-15,S001,P0001,113,20,0
2025-03-15,S001,P0002,82,20,0
2025-03-15,S001,P0003,87,20,0
2025-03-15,S001,P0004,63,20,0
2025-03-15,S001,P0005,76,20,0
2025-03-15,S001,P0006,36,20,0
2025-03-15,S001,P0007,92,20,0
2025-03-15,S001,P0008,37,20,0
2025-03-15,S001,P0009,41,20,0
2025-03-15,S001,P0010,96,20,0
2025-03-15,S002,P0001,40,20,0
2025-03-15,S002,P0002,94,20,0
2025-03-15,S002,P0003,20,20,0
2025-03-15,S002,P0004,45,20,0
2025-03-15,S002,P0005,108,20,0
2025-03-15,S002,P0006,111,20,0
2025-03-15,S002,P0007,31,20,0
2025-03-15,S002,P0008,113,20,0
2025-03-15,S002,P0009,93,20,0
2025-03-15,S002,P0010,68,20,0
2025-03-15,S003,P0001,53,20,0
2025-03-15,S003,P0002,107,20,0
2025-03-15,S003,P0003,39,20,0
2025-03-15,S003,P0004,119,20,0
2025-03-15,S003,P0005,23,20,0
2025-03-15,S003,P0006,50,20,0
2025-03-15,S003,P0007,27,20,0
2025-03-15,S003,P0008,23,20,0
2025-03-15,S003,P0009,73,20,0
2025-03-15,S003,P0010,111,20,0
2025-03-15,S004,P0001,117,20,0
2025-03-15,S004,P0002,70,20,0
2025-03-15,S004,P0003,24,20,0
2025-03-15,S004,P0004,35,20,0
2025-03-15,S004,P0005,93,20,0
2025-03-15,S004,P0006,39,20,0
2025-03-15,S004,P0007,108,20,0
2025-03-15,S004,P0008,48,20,0
2025-03-15,S004,P0009,77,20,0
2025-03-15,S004,P0010,73,20,0
2025-03-15,S005,P0001,32,20,0
2025-03-15,S005,P0002,103,20,0
2025-03-15,S005,P0003,41,20,0
2025-03-15,S005,P0004,64,20,0
2025-03-15,S005,P0005,86,20,0
2025-03-15,S005,P0006,70,20,0
2025-03-15,S005,P0007,103,20,0
2025-03-15,S005,P0008,77,20,0
2025-03-15,S005,P0009,98,20,0
2025-03-15,S005,P0010,68,20,0
2025-03-16,S001,P0001,110,20,0
2025-03-16,S001,P0002,79,20,0
2025-03-16,S001,P0003,85,20,0
2025-03-16,S001,P0004,61,20,0
2025-03-16,S001,P0005,75,20,0
2025-03-16,S001,P0006,36,20,0
2025-03-16,S001,P0007,89,20,0
2025-03-16,S001,P0008,36,20,0
2025-03-16,S001,P0009,39,20,0
2025-03-16,S001,P0010,94,20,0
2025-03-16,S002,P0001,38,20,0
2025-03-16,S002,P0002,93,20,0
2025-03-16,S002,P0003,117,20,0
2025-03-16,S002,P0004,45,20,0
2025-03-16,S002,P0005,105,20,0
2025-03-16,S002,P0006,111,20,0
2025-03-16,S002,P0007,31,20,0
2025-03-16,S002,P0008,108,20,0
2025-03-16,S002,P0009,92,20,0
2025-03-16,S002,P0010,68,20,0
2025-03-16,S003,P0001,51,20,0
2025-03-16,S003,P0002,105,20,0
2025-03-16,S003,P0003,38,20,0
2025-03-16,S003,P0004,118,20,0
2025-03-16,S003,P0005,119,20,0
2025-03-16,S003,P0006,50,20,0
2025-03-16,S003,P0007,26,20,0
2025-03-16,S003,P0008,23,20,0
2025-03-16,S003,P0009,72,20,0
2025-03-16,S003,P0010,108,20,0
2025-03-16,S004,P0001,116,20,0
2025-03-16,S004,P0002,69,20,0
2025-03-16,S004,P0003,21,20,0
2025-03-16,S004,P0004,35,20,0
2025-03-16,S004,P0005,89,20,0
2025-03-16,S004,P0006,38,20,0
2025-03-16,S004,P0007,108,20,0
2025-03-16,S004,P0008,47,20,0
2025-03-16,S004,P0009,75,20,0
2025-03-16,S004,P0010,72,20,0
2025-03-16,S005,P0001,30,20,0
2025-03-16,S005,P0002,100,20,0
2025-03-16,S005,P0003,39,20,0
2025-03-16,S005,P0004,61,20,0
2025-03-16,S005,P0005,81,20,0
2025-03-16,S005,P0006,70,20,0
2025-03-16,S005,P0007,102,20,0
2025-03-16,S005,P0008,76,20,0
2025-03-16,S005,P0009,98,20,0
2025-03-16,S005,P0010,67,20,0
2025-03-17,S001,P0001,110,20,0
2025-03-17,S001,P0002,79,20,0
2025-03-17,S001,P0003,84,20,0
2025-03-17,S001,P0004,60,20,0
2025-03-17,S001,P0005,73,20,0
2025-03-17,S001,P0006,34,20,0
2025-03-17,S001,P0007,87,20,0
2025-03-17,S001,P0008,33,20,0
2025-03-17,S001,P0009,37,20,0
2025-03-17,S001,P0010,93,20,0
2025-03-17,S002,P0001,36,20,0
2025-03-17,S002,P0002,93,20,0
2025-03-17,S002,P0003,115,20,0
2025-03-17,S002,P0004,42,20,0
2025-03-17,S002,P0005,102,20,0
2025-03-17,S002,P0006,111,20,0
2025-03-17,S002,P0007,28,20,0
2025-03-17,S002,P0008,107,20,0
2025-03-17,S002,P0009,90,20,0
2025-03-17,S002,P0010,67,20,0
2025-03-17,S003,P0001,51,20,0
2025-03-17,S003,P0002,102,20,0
2025-03-17,S003,P0003,38,20,0
2025-03-17,S003,P0004,118,20,0
2025-03-17,S003,P0005,116,20,0
2025-03-17,S003,P0006,49,20,0
2025-03-17,S003,P0007,26,20,0
2025-03-17,S003,P0008,22,20,0
2025-03-17,S003,P0009,72,20,0
2025-03-17,S003,P0010,108,20,0
2025-03-17,S004,P0001,116,20,0
2025-03-17,S004,P0002,63,20,0
2025-03-17,S004,P0003,118,20,0
2025-03-17,S004,P0004,34,20,0
2025-03-17,S004,P0005,87,20,0
2025-03-17,S004,P0006,36,20,0
2025-03-17,S004,P0007,108,20,0
2025-03-17,S004,P0008,47,20,0
2025-03-17,S004,P0009,74,20,0
2025-03-17,S004,P0010,71,20,0
2025-03-17,S005,P0001,30,20,0
2025-03-17,S005,P0002,99,20,0
2025-03-17,S005,P0003,38,20,0
2025-03-17,S005,P0004,59,20,0
2025-03-17,S005,P0005,75,20,0
2025-03-17,S005,P0006,70,20,0
2025-03-17,S005,P0007,102,20,0
2025-03-17,S005,P0008,74,20,0
2025-03-17,S005,P0009,96,20,0
2025-03-17,S005,P0010,66,20,0
2025-03-18,S001,P0001,110,20,0
2025-03-18,S001,P0002,77,20,0
2025-03-18,S001,P0003,84,20,0
2025-03-18,S001,P0004,59,20,0
2025-03-18,S001,P0005,70,20,0
2025-03-18,S001,P0006,34,20,0
2025-03-18,S001,P0007,87,20,0
2025-03-18,S001,P0008,31,20,0
2025-03-18,S001,P0009,36,20,0
2025-03-18,S001,P0010,92,20,0
2025-03-18,S002,P0001,35,20,0
2025-03-18,S002,P0002,93,20,0
2025-03-18,S002,P0003,114,20,0
2025-03-18,S002,P0004,40,20,0
2025-03-18,S002,P0005,102,20,0
2025-03-18,S002,P0006,110,20,0
2025-03-18,S002,P0007,27,20,0
2025-03-18,S002,P0008,106,20,0
2025-03-18,S002,P0009,86,20,0
2025-03-18,S002,P0010,65,20,0
2025-03-18,S003,P0001,50,20,0
2025-03-18,S003,P0002,98,20,0
2025-03-18,S003,P0003,38,20,0
2025-03-18,S003,P0004,117,20,0
2025-03-18,S003,P0005,115,20,0
2025-03-18,S003,P0006,48,20,0
2025-03-18,S003,P0007,26,20,0
2025-03-18,S003,P0008,21,20,0
2025-03-18,S003,P0009,68,20,0
2025-03-18,S003,P0010,106,20,0
2025-03-18,S004,P0001,115,20,0
2025-03-18,S004,P0002,61,20,0
2025-03-18,S004,P0003,116,20,0
2025-03-18,S004,P0004,34,20,0
2025-03-18,S004,P0005,85,20,0
2025-03-18,S004,P0006,34,20,0
2025-03-18,S004,P0007,108,20,0
2025-03-18,S004,P0008,45,20,0
2025-03-18,S004,P0009,74,20,0
2025-03-18,S004,P0010,71,20,0
2025-03-18,S005,P0001,29,20,0
2025-03-18,S005,P0002,98,20,0
2025-03-18,S005,P0003,38,20,0
2025-03-18,S005,P0004,58,20,0
2025-03-18,S005,P0005,74,20,0
2025-03-18,S005,P0006,70,20,0
2025-03-18,S005,P0007,101,20,0
2025-03-18,S005,P0008,73,20,0
2025-03-18,S005,P0009,93,20,0
2025-03-18,S005,P0010,66,20,0
2025-03-19,S001,P0001,108,20,0
2025-03-19,S001,P0002,73,20,0
2025-03-19,S001,P0003,83,20,0
2025-03-19,S001,P0004,57,20,0
2025-03-19,S001,P0005,66,20,0
2025-03-19,S001,P0006,34,20,0
2025-03-19,S001,P0007,84,20,0
2025-03-19,S001,P0008,29,20,0
2025-03-19,S001,P0009,31,20,0
2025-03-19,S001,P0010,90,20,0
2025-03-19,S002,P0001,33,20,0
2025-03-19,S002,P0002,93,20,0
2025-03-19,S002,P0003,110,20,0
2025-03-19,S002,P0004,38,20,0
2025-03-19,S002,P0005,99,20,0
2025-03-19,S002,P0006,109,20,0
2025-03-19,S002,P0007,26,20,0
2025-03-19,S002,P0008,106,20,0
2025-03-19,S002,P0009,84,20,0
2025-03-19,S002,P0010,63,20,0
2025-03-19,S003,P0001,50,20,0
2025-03-19,S003,P0002,98,20,0
2025-03-19,S003,P0003,38,20,0
2025-03-19,S003,P0004,113,20,0
2025-03-19,S003,P0005,113,20,0
2025-03-19,S003,P0006,47,20,0
2025-03-19,S003,P0007,26,20,0
2025-03-19,S003,P0008,21,20,0
2025-03-19,S003,P0009,63,20,0
2025-03-19,S003,P0010,100,20,0
2025-03-19,S004,P0001,115,20,0
2025-03-19,S004,P0002,61,20,0
2025-03-19,S004,P0003,114,20,0
2025-03-19,S004,P0004,34,20,0
2025-03-19,S004,P0005,83,20,0
2025-03-19,S004,P0006,34,20,0
2025-03-19,S004,P0007,107,20,0
2025-03-19,S004,P0008,44,20,0
2025-03-19,S004,P0009,69,20,0
2025-03-19,S004,P0010,69,20,0
2025-03-19,S005,P0001,27,20,0
2025-03-19,S005,P0002,98,20,0
2025-03-19,S005,P0003,38,20,0
2025-03-19,S005,P0004,56,20,0
2025-03-19,S005,P0005,70,20,0
2025-03-19,S005,P0006,68,20,0
2025-03-19,S005,P0007,101,20,0
2025-03-19,S005,P0008,73,20,0
2025-03-19,S005,P0009,93,20,0
2025-03-19,S005,P0010,66,20,0
2025-03-20,S001,P0001,106,20,0
2025-03-20,S001,P0002,71,20,0
2025-03-20,S001,P0003,83,20,0
2025-03-20,S001,P0004,56,20,0
2025-03-20,S001,P0005,66,20,0
2025-03-20,S001,P0006,33,20,0
2025-03-20,S001,P0007,84,20,0
2025-03-20,S001,P0008,28,20,0
2025-03-20,S001,P0009,30,20,0
2025-03-20,S001,P0010,90,20,0
2025-03-20,S002,P0001,32,20,0
2025-03-20,S002,P0002,91,20,0
2025-03-20,S002,P0003,109,20,0
2025-03-20,S002,P0004,36,20,0
2025-03-20,S002,P0005,96,20,0
2025-03-20,S002,P0006,109,20,0
2025-03-20,S002,P0007,24,20,0
2025-03-20,S002,P0008,104,20,0
2025-03-20,S002,P0009,82,20,0
2025-03-20,S002,P0010,62,20,0
2025-03-20,S003,P0001,49,20,0
2025-03-20,S003,P0002,96,20,0
2025-03-20,S003,P0003,37,20,0
2025-03-20,S003,P0004,113,20,0
2025-03-20,S003,P0005,111,20,0
2025-03-20,S003,P0006,46,20,0
2025-03-20,S003,P0007,25,20,0
2025-03-20,S003,P0008,21,20,0
2025-03-20,S003,P0009,62,20,0
2025-03-20,S003,P0010,100,20,0
2025-03-20,S004,P0001,114,20,0
2025-03-20,S004,P0002,61,20,0
2025-03-20,S004,P0003,112,20,0
2025-03-20,S004,P0004,34,20,0
2025-03-20,S004,P0005,80,20,0
2025-03-20,S004,P0006,34,20,0
2025-03-20,S004,P0007,107,20,0
2025-03-20,S004,P0008,44,20,0
2025-03-20,S004,P0009,66,20,0
2025-03-20,S004,P0010,66,20,0
2025-03-20,S005,P0001,26,20,0
2025-03-20,S005,P0002,97,20,0
2025-03-20,S005,P0003,36,20,0
2025-03-20,S005,P0004,56,20,0
2025-03-20,S005,P0005,70,20,0
2025-03-20,S005,P0006,68,20,0
2025-03-20,S005,P0007,100,20,0
2025-03-20,S005,P0008,72,20,0
2025-03-20,S005,P0009,91,20,0
2025-03-20,S005,P0010,63,20,0
2025-03-21,S001,P0001,105,20,0
2025-03-21,S001,P0002,69,20,0
2025-03-21,S001,P0003,81,20,0
2025-03-21,S001,P0004,55,20,0
2025-03-21,S001,P0005,64,20,0
2025-03-21,S001,P0006,32,20,0
2025-03-21,S001,P0007,83,20,0
2025-03-21,S001,P0008,25,20,0
2025-03-21,S001,P0009,28,20,0
2025-03-21,S001,P0010,87,20,0
2025-03-21,S002,P0001,32,20,0
2025-03-21,S002,P0002,91,20,0
2025-03-21,S002,P0003,108,20,0
2025-03-21,S002,P0004,33,20,0
2025-03-21,S002,P0005,95,20,0
2025-03-21,S002,P0006,108,20,0
2025-03-21,S002,P0007,23,20,0
2025-03-21,S002,P0008,101,20,0
2025-03-21,S002,P0009,82,20,0
2025-03-21,S002,P0010,59,20,0
2025-03-21,S003,P0001,48,20,0
2025-03-21,S003,P0002,95,20,0
2025-03-21,S003,P0003,34,20,0
2025-03-21,S003,P0004,112,20,0
2025-03-21,S003,P0005,105,20,0
2025-03-21,S003,P0006,45,20,0
2025-03-21,S003,P0007,24,20,0
2025-03-21,S003,P0008,21,20,0
2025-03-21,S003,P0009,62,20,0
2025-03-21,S003,P0010,97,20,0
2025-03-21,S004,P0001,113,20,0
2025-03-21,S004,P0002,60,20,0
2025-03-21,S004,P0003,111,20,0
2025-03-21,S004,P0004,32,20,0
2025-03-21,S004,P0005,75,20,0
2025-03-21,S004,P0006,34,20,0
2025-03-21,S004,P0007,106,20,0
2025-03-21,S004,P0008,42,20,0
2025-03-21,S004,P0009,66,20,0
2025-03-21,S004,P0010,65,20,0
2025-03-21,S005,P0001,22,20,0
2025-03-21,S005,P0002,97,20,0
2025-03-21,S005,P0003,32,20,0
2025-03-21,S005,P0004,55,20,0
2025-03-21,S005,P0005,68,20,0
2025-03-21,S005,P0006,67,20,0
2025-03-21,S005,P0007,98,20,0
2025-03-21,S005,P0008,70,20,0
2025-03-21,S005,P0009,89,20,0
2025-03-21,S005,P0010,63,20,0
2025-03-22,S001,P0001,104,20,0
2025-03-22,S001,P0002,69,20,0
2025-03-22,S001,P0003,76,20,0
2025-03-22,S001,P0004,53,20,0
2025-03-22,S001,P0005,61,20,0
2025-03-22,S001,P0006,32,20,0
2025-03-22,S001,P0007,82,20,0
2025-03-22,S001,P0008,24,20,0
2025-03-22,S001,P0009,25,20,0
2025-03-22,S001,P0010,83,20,0
2025-03-22,S002,P0001,30,20,0
2025-03-22,S002,P0002,85,20,0
2025-03-22,S002,P0003,106,20,0
2025-03-22,S002,P0004,32,20,0
2025-03-22,S002,P0005,95,20,0
2025-03-22,S002,P0006,108,20,0
2025-03-22,S002,P0007,22,20,0
2025-03-22,S002,P0008,101,20,0
2025-03-22,S002,P0009,81,20,0
2025-03-22,S002,P0010,59,20,0
2025-03-22,S003,P0001,48,20,0
2025-03-22,S003,P0002,92,20,0
2025-03-22,S003,P0003,32,20,0
2025-03-22,S003,P0004,111,20,0
2025-03-22,S003,P0005,102,20,0
2025-03-22,S003,P0006,44,20,0
2025-03-22,S003,P0007,23,20,0
2025-03-22,S003,P0008,117,20,0
2025-03-22,S003,P0009,60,20,0
2025-03-22,S003,P0010,97,20,0
2025-03-22,S004,P0001,113,20,0
2025-03-22,S004,P0002,60,20,0
2025-03-22,S004,P0003,108,20,0
2025-03-22,S004,P0004,32,20,0
2025-03-22,S004,P0005,74,20,0
2025-03-22,S004,P0006,34,20,0
2025-03-22,S004,P0007,104,20,0
2025-03-22,S004,P0008,41,20,0
2025-03-22,S004,P0009,64,20,0
2025-03-22,S004,P0010,65,20,0
2025-03-22,S005,P0001,22,20,0
2025-03-22,S005,P0002,96,20,0
2025-03-22,S005,P0003,29,20,0
2025-03-22,S005,P0004,55,20,0
2025-03-22,S005,P0005,62,20,0
2025-03-22,S005,P0006,66,20,0
2025-03-22,S005,P0007,97,20,0
2025-03-22,S005,P0008,70,20,0
2025-03-22,S005,P0009,86,20,0
2025-03-22,S005,P0010,63,20,0
2025-03-23,S001,P0001,103,20,0
2025-03-23,S001,P0002,66,20,0
2025-03-23,S001,P0003,72,20,0
2025-03-23,S001,P0004,53,20,0
2025-03-23,S001,P0005,60,20,0
2025-03-23,S001,P0006,31,20,0
2025-03-23,S001,P0007,80,20,0
2025-03-23,S001,P0008,23,20,0
2025-03-23,S001,P0009,25,20,0
2025-03-23,S001,P0010,81,20,0
2025-03-23,S002,P0001,29,20,0
2025-03-23,S002,P0002,84,20,0
2025-03-23,S002,P0003,105,20,0
2025-03-23,S002,P0004,30,20,0
2025-03-23,S002,P0005,95,20,0
2025-03-23,S002,P0006,108,20,0
2025-03-23,S002,P0007,119,20,0
2025-03-23,S002,P0008,101,20,0
2025-03-23,S002,P0009,77,20,0
2025-03-23,S002,P0010,58,20,0
2025-03-23,S003,P0001,46,20,0
2025-03-23,S003,P0002,92,20,0
2025-03-23,S003,P0003,31,20,0
2025-03-23,S003,P0004,109,20,0
2025-03-23,S003,P0005,101,20,0
2025-03-23,S003,P0006,43,20,0
2025-03-23,S003,P0007,21,20,0
2025-03-23,S003,P0008,115,20,0
2025-03-23,S003,P0009,58,20,0
2025-03-23,S003,P0010,97,20,0
2025-03-23,S004,P0001,113,20,0
2025-03-23,S004,P0002,58,20,0
2025-03-23,S004,P0003,104,20,0
2025-03-23,S004,P0004,31,20,0
2025-03-23,S004,P0005,73,20,0
2025-03-23,S004,P0006,33,20,0
2025-03-23,S004,P0007,104,20,0
2025-03-23,S004,P0008,39,20,0
2025-03-23,S004,P0009,59,20,0
2025-03-23,S004,P0010,64,20,0
2025-03-23,S005,P0001,22,20,0
2025-03-23,S005,P0002,95,20,0
2025-03-23,S005,P0003,27,20,0
2025-03-23,S005,P0004,54,20,0
2025-03-23,S005,P0005,60,20,0
2025-03-23,S005,P0006,65,20,0
2025-03-23,S005,P0007,97,20,0
2025-03-23,S005,P0008,70,20,0
2025-03-23,S005,P0009,86,20,0
2025-03-23,S005,P0010,60,20,0
2025-03-24,S001,P0001,101,20,0
2025-03-24,S001,P0002,64,20,0
2025-03-24,S001,P0003,69,20,0
2025-03-24,S001,P0004,52,20,0
2025-03-24,S001,P0005,60,20,0
2025-03-24,S001,P0006,30,20,0
2025-03-24,S001,P0007,77,20,0
2025-03-24,S001,P0008,22,20,0
2025-03-24,S001,P0009,25,20,0
2025-03-24,S001,P0010,77,20,0
2025-03-24,S002,P0001,28,20,0
2025-03-24,S002,P0002,83,20,0
2025-03-24,S002,P0003,103,20,0
2025-03-24,S002,P0004,30,20,0
2025-03-24,S002,P0005,94,20,0
2025-03-24,S002,P0006,108,20,0
2025-03-24,S002,P0007,118,20,0
2025-03-24,S002,P0008,98,20,0
2025-03-24,S002,P0009,76,20,0
2025-03-24,S002,P0010,57,20,0
2025-03-24,S003,P0001,44,20,0
2025-03-24,S003,P0002,89,20,0
2025-03-24,S003,P0003,30,20,0
2025-03-24,S003,P0004,109,20,0
2025-03-24,S003,P0005,98,20,0
2025-03-24,S003,P0006,43,20,0
2025-03-24,S003,P0007,21,20,0
2025-03-24,S003,P0008,115,20,0
2025-03-24,S003,P0009,58,20,0
2025-03-24,S003,P0010,96,20,0
2025-03-24,S004,P0001,112,20,0
2025-03-24,S004,P0002,57,20,0
2025-03-24,S004,P0003,102,20,0
2025-03-24,S004,P0004,29,20,0
2025-03-24,S004,P0005,72,20,0
2025-03-24,S004,P0006,29,20,0
2025-03-24,S004,P0007,103,20,0
2025-03-24,S004,P0008,38,20,0
2025-03-24,S004,P0009,58,20,0
2025-03-24,S004,P0010,59,20,0
2025-03-24,S005,P0001,20,20,0
2025-03-24,S005,P0002,95,20,0
2025-03-24,S005,P0003,24,20,0
2025-03-24,S005,P0004,54,20,0
2025-03-24,S005,P0005,57,20,0
2025-03-24,S005,P0006,65,20,0
2025-03-24,S005,P0007,95,20,0
2025-03-24,S005,P0008,68,20,0
2025-03-24,S005,P0009,85,20,0
2025-03-24,S005,P0010,59,20,0
2025-03-25,S001,P0001,101,20,0
2025-03-25,S001,P0002,64,20,0
2025-03-25,S001,P0003,68,20,0
2025-03-25,S001,P0004,52,20,0
2025-03-25,S001,P0005,58,20,0
2025-03-25,S001,P0006,30,20,0
2025-03-25,S001,P0007,76,20,0
2025-03-25,S001,P0008,21,20,0
2025-03-25,S001,P0009,23,20,0
2025-03-25,S001,P0010,75,20,0
2025-03-25,S002,P0001,27,20,0
2025-03-25,S002,P0002,81,20,0
2025-03-25,S002,P0003,102,20,0
2025-03-25,S002,P0004,28,20,0
2025-03-25,S002,P0005,88,20,0
2025-03-25,S002,P0006,107,20,0
2025-03-25,S002,P0007,115,20,0
2025-03-25,S002,P0008,97,20,0
2025-03-25,S002,P0009,75,20,0
2025-03-25,S002,P0010,57,20,0
2025-03-25,S003,P0001,44,20,0
2025-03-25,S003,P0002,88,20,0
2025-03-25,S003,P0003,29,20,0
2025-03-25,S003,P0004,107,20,0
2025-03-25,S003,P0005,96,20,0
2025-03-25,S003,P0006,41,20,0
2025-03-25,S003,P0007,21,20,0
2025-03-25,S003,P0008,113,20,0
2025-03-25,S003,P0009,58,20,0
2025-03-25,S003,P0010,96,20,0
2025-03-25,S004,P0001,109,20,0
2025-03-25,S004,P0002,57,20,0
2025-03-25,S004,P0003,100,20,0
2025-03-25,S004,P0004,25,20,0
2025-03-25,S004,P0005,70,20,0
2025-03-25,S004,P0006,29,20,0
2025-03-25,S004,P0007,103,20,0
2025-03-25,S004,P0008,38,20,0
2025-03-25,S004,P0009,56,20,0
2025-03-25,S004,P0010,59,20,0
2025-03-25,S005,P0001,118,20,0
2025-03-25,S005,P0002,93,20,0
2025-03-25,S005,P0003,23,20,0
2025-03-25,S005,P0004,53,20,0
2025-03-25,S005,P0005,53,20,0
2025-03-25,S005,P0006,63,20,0
2025-03-25,S005,P0007,95,20,0
2025-03-25,S005,P0008,67,20,0
2025-03-25,S005,P0009,84,20,0
2025-03-25,S005,P0010,58,20,0
2025-03-26,S001,P0001,101,20,0
2025-03-26,S001,P0002,62,20,0
2025-03-26,S001,P0003,67,20,0
2025-03-26,S001,P0004,50,20,0
2025-03-26,S001,P0005,56,20,0
2025-03-26,S001,P0006,29,20,0
2025-03-26,S001,P0007,75,20,0
2025-03-26,S001,P0008,119,20,0
2025-03-26,S001,P0009,20,20,0
2025-03-26,S001,P0010,73,20,0
2025-03-26,S002,P0001,26,20,0
2025-03-26,S002,P0002,81,20,0
2025-03-26,S002,P0003,99,20,0
2025-03-26,S002,P0004,26,20,0
2025-03-26,S002,P0005,85,20,0
2025-03-26,S002,P0006,107,20,0
2025-03-26,S002,P0007,113,20,0
2025-03-26,S002,P0008,96,20,0
2025-03-26,S002,P0009,71,20,0
2025-03-26,S002,P0010,56,20,0
2025-03-26,S003,P0001,43,20,0
2025-03-26,S003,P0002,87,20,0
2025-03-26,S003,P0003,28,20,0
2025-03-26,S003,P0004,104,20,0
2025-03-26,S003,P0005,95,20,0
2025-03-26,S003,P0006,40,20,0
2025-03-26,S003,P0007,21,20,0
2025-03-26,S003,P0008,112,20,0
2025-03-26,S003,P0009,56,20,0
2025-03-26,S003,P0010,96,20,0
2025-03-26,S004,P0001,108,20,0
2025-03-26,S004,P0002,55,20,0
2025-03-26,S004,P0003,99,20,0
2025-03-26,S004,P0004,25,20,0
2025-03-26,S004,P0005,70,20,0
2025-03-26,S004,P0006,28,20,0
2025-03-26,S004,P0007,102,20,0
2025-03-26,S004,P0008,37,20,0
2025-03-26,S004,P0009,54,20,0
2025-03-26,S004,P0010,57,20,0
2025-03-26,S005,P0001,117,20,0
2025-03-26,S005,P0002,90,20,0
2025-03-26,S005,P0003,22,20,0
2025-03-26,S005,P0004,51,20,0
2025-03-26,S005,P0005,48,20,0
2025-03-26,S005,P0006,61,20,0
2025-03-26,S005,P0007,93,20,0
2025-03-26,S005,P0008,66,20,0
2025-03-26,S005,P0009,83,20,0
2025-03-26,S005,P0010,56,20,0
2025-03-27,S001,P0001,99,20,0
2025-03-27,S001,P0002,61,20,0
2025-03-27,S001,P0003,66,20,0
2025-03-27,S001,P0004,49,20,0
2025-03-27,S001,P0005,53,20,0
2025-03-27,S001,P0006,28,20,0
2025-03-27,S001,P0007,74,20,0
2025-03-27,S001,P0008,118,20,0
2025-03-27,S001,P0009,118,20,0
2025-03-27,S001,P0010,73,20,0
2025-03-27,S002,P0001,25,20,0
2025-03-27,S002,P0002,81,20,0
2025-03-27,S002,P0003,99,20,0
2025-03-27,S002,P0004,26,20,0
2025-03-27,S002,P0005,83,20,0
2025-03-27,S002,P0006,107,20,0
2025-03-27,S002,P0007,113,20,0
2025-03-27,S002,P0008,95,20,0
2025-03-27,S002,P0009,69,20,0
2025-03-27,S002,P0010,54,20,0
2025-03-27,S003,P0001,40,20,0
2025-03-27,S003,P0002,82,20,0
2025-03-27,S003,P0003,27,20,0
2025-03-27,S003,P0004,103,20,0
2025-03-27,S003,P0005,93,20,0
2025-03-27,S003,P0006,39,20,0
2025-03-27,S003,P0007,119,20,0
2025-03-27,S003,P0008,111,20,0
2025-03-27,S003,P0009,51,20,0
2025-03-27,S003,P0010,94,20,0
2025-03-27,S004,P0001,107,20,0
2025-03-27,S004,P0002,54,20,0
2025-03-27,S004,P0003,98,20,0
2025-03-27,S004,P0004,24,20,0
2025-03-27,S004,P0005,68,20,0
2025-03-27,S004,P0006,26,20,0
2025-03-27,S004,P0007,100,20,0
2025-03-27,S004,P0008,36,20,0
2025-03-27,S004,P0009,50,20,0
2025-03-27,S004,P0010,54,20,0
2025-03-27,S005,P0001,113,20,0
2025-03-27,S005,P0002,87,20,0
2025-03-27,S005,P0003,22,20,0
2025-03-27,S005,P0004,49,20,0
2025-03-27,S005,P0005,46,20,0
2025-03-27,S005,P0006,61,20,0
2025-03-27,S005,P0007,91,20,0
2025-03-27,S005,P0008,63,20,0
2025-03-27,S005,P0009,80,20,0
2025-03-27,S005,P0010,55,20,0
2025-03-28,S001,P0001,98,20,0
2025-03-28,S001,P0002,58,20,0
2025-03-28,S001,P0003,65,20,0
2025-03-28,S001,P0004,48,20,0
2025-03-28,S001,P0005,52,20,0
2025-03-28,S001,P0006,27,20,0
2025-03-28,S001,P0007,71,20,0
2025-03-28,S001,P0008,117,20,0
2025-03-28,S001,P0009,117,20,0
2025-03-28,S001,P0010,72,20,0
2025-03-28,S002,P0001,23,20,0
2025-03-28,S002,P0002,79,20,0
2025-03-28,S002,P0003,98,20,0
2025-03-28,S002,P0004,26,20,0
2025-03-28,S002,P0005,81,20,0
2025-03-28,S002,P0006,106,20,0
2025-03-28,S002,P0007,113,20,0
2025-03-28,S002,P0008,94,20,0
2025-03-28,S002,P0009,67,20,0
2025-03-28,S002,P0010,52,20,0
2025-03-28,S003,P0001,38,20,0
2025-03-28,S003,P0002,80,20,0
2025-03-28,S003,P0003,25,20,0
2025-03-28,S003,P0004,101,20,0
2025-03-28,S003,P0005,90,20,0
2025-03-28,S003,P0006,37,20,0
2025-03-28,S003,P0007,118,20,0
2025-03-28,S003,P0008,110,20,0
2025-03-28,S003,P0009,51,20,0
2025-03-28,S003,P0010,92,20,0
2025-03-28,S004,P0001,107,20,0
2025-03-28,S004,P0002,54,20,0
2025-03-28,S004,P0003,97,20,0
2025-03-28,S004,P0004,24,20,0
2025-03-28,S004,P0005,65,20,0
2025-03-28,S004,P0006,25,20,0
2025-03-28,S004,P0007,99,20,0
2025-03-28,S004,P0008,34,20,0
2025-03-28,S004,P0009,45,20,0
2025-03-28,S004,P0010,54,20,0
2025-03-28,S005,P0001,110,20,0
2025-03-28,S005,P0002,84,20,0
2025-03-28,S005,P0003,22,20,0
2025-03-28,S005,P0004,47,20,0
2025-03-28,S005,P0005,44,20,0
2025-03-28,S005,P0006,61,20,0
2025-03-28,S005,P0007,89,20,0
2025-03-28,S005,P0008,63,20,0
2025-03-28,S005,P0009,79,20,0
2025-03-28,S005,P0010,54,20,0
2025-03-29,S001,P0001,97,20,0
2025-03-29,S001,P0002,55,20,0
2025-03-29,S001,P0003,63,20,0
2025-03-29,S001,P0004,47,20,0
2025-03-29,S001,P0005,51,20,0
2025-03-29,S001,P0006,27,20,0
2025-03-29,S001,P0007,71,20,0
2025-03-29,S001,P0008,116,20,0
2025-03-29,S001,P0009,117,20,0
2025-03-29,S001,P0010,70,20,0
2025-03-29,S002,P0001,22,20,0
2025-03-29,S002,P0002,76,20,0
2025-03-29,S002,P0003,95,20,0
2025-03-29,S002,P0004,25,20,0
2025-03-29,S002,P0005,79,20,0
2025-03-29,S002,P0006,105,20,0
2025-03-29,S002,P0007,111,20,0
2025-03-29,S002,P0008,94,20,0
2025-03-29,S002,P0009,66,20,0
2025-03-29,S002,P0010,50,20,0
2025-03-29,S003,P0001,37,20,0
2025-03-29,S003,P0002,80,20,0
2025-03-29,S003,P0003,25,20,0
2025-03-29,S003,P0004,100,20,0
2025-03-29,S003,P0005,87,20,0
2025-03-29,S003,P0006,37,20,0
2025-03-29,S003,P0007,117,20,0
2025-03-29,S003,P0008,109,20,0
2025-03-29,S003,P0009,49,20,0
2025-03-29,S003,P0010,89,20,0
2025-03-29,S004,P0001,105,20,0
2025-03-29,S004,P0002,54,20,0
2025-03-29,S004,P0003,93,20,0
2025-03-29,S004,P0004,23,20,0
2025-03-29,S004,P0005,64,20,0
2025-03-29,S004,P0006,25,20,0
2025-03-29,S004,P0007,96,20,0
2025-03-29,S004,P0008,32,20,0
2025-03-29,S004,P0009,42,20,0
2025-03-29,S004,P0010,53,20,0
2025-03-29,S005,P0001,109,20,0
2025-03-29,S005,P0002,81,20,0
2025-03-29,S005,P0003,20,20,0
2025-03-29,S005,P0004,45,20,0
2025-03-29,S005,P0005,43,20,0
2025-03-29,S005,P0006,61,20,0
2025-03-29,S005,P0007,89,20,0
2025-03-29,S005,P0008,61,20,0
2025-03-29,S005,P0009,79,20,0
2025-03-29,S005,P0010,53,20,0
2025-03-30,S001,P0001,97,20,0
2025-03-30,S001,P0002,53,20,0
2025-03-30,S001,P0003,61,20,0
2025-03-30,S001,P0004,46,20,0
2025-03-30,S001,P0005,47,20,0
2025-03-30,S001,P0006,26,20,0
2025-03-30,S001,P0007,69,20,0
2025-03-30,S001,P0008,116,20,0
2025-03-30,S001,P0009,116,20,0
2025-03-30,S001,P0010,70,20,0
2025-03-30,S002,P0001,22,20,0
2025-03-30,S002,P0002,75,20,0
2025-03-30,S002,P0003,93,20,0
2025-03-30,S002,P0004,24,20,0
2025-03-30,S002,P0005,76,20,0
2025-03-30,S002,P0006,105,20,0
2025-03-30,S002,P0007,111,20,0
2025-03-30,S002,P0008,94,20,0
2025-03-30,S002,P0009,64,20,0
2025-03-30,S002,P0010,47,20,0
2025-03-30,S003,P0001,34,20,0
2025-03-30,S003,P0002,79,20,0
2025-03-30,S003,P0003,23,20,0
2025-03-30,S003,P0004,98,20,0
2025-03-30,S003,P0005,84,20,0
2025-03-30,S003,P0006,36,20,0
2025-03-30,S003,P0007,115,20,0
2025-03-30,S003,P0008,107,20,0
2025-03-30,S003,P0009,45,20,0
2025-03-30,S003,P0010,87,20,0
2025-03-30,S004,P0001,102,20,0
2025-03-30,S004,P0002,52,20,0
2025-03-30,S004,P0003,90,20,0
2025-03-30,S004,P0004,22,20,0
2025-03-30,S004,P0005,63,20,0
2025-03-30,S004,P0006,24,20,0
2025-03-30,S004,P0007,96,20,0
2025-03-30,S004,P0008,32,20,0
2025-03-30,S004,P0009,41,20,0
2025-03-30,S004,P0010,53,20,0
2025-03-30,S005,P0001,106,20,0
2025-03-30,S005,P0002,79,20,0
2025-03-30,S005,P0003,117,20,0
2025-03-30,S005,P0004,45,20,0
2025-03-30,S005,P0005,39,20,0
2025-03-30,S005,P0006,61,20,0
2025-03-30,S005,P0007,89,20,0
2025-03-30,S005,P0008,56,20,0
2025-03-30,S005,P0009,78,20,0
2025-03-30,S005,P0010,50,20,0
2025-03-31,S001,P0001,96,20,0
2025-03-31,S001,P0002,51,20,0
2025-03-31,S001,P0003,60,20,0
2025-03-31,S001,P0004,46,20,0
2025-03-31,S001,P0005,44,20,0
2025-03-31,S001,P0006,26,20,0
2025-03-31,S001,P0007,69,20,0
2025-03-31,S001,P0008,113,20,0
2025-03-31,S001,P0009,115,20,0
2025-03-31,S001,P0010,68,20,0
2025-03-31,S002,P0001,20,20,0
2025-03-31,S002,P0002,74,20,0
2025-03-31,S002,P0003,93,20,0
2025-03-31,S002,P0004,24,20,0
2025-03-31,S002,P0005,74,20,0
2025-03-31,S002,P0006,104,20,0
2025-03-31,S002,P0007,109,20,0
2025-03-31,S002,P0008,93,20,0
2025-03-31,S002,P0009,64,20,0
2025-03-31,S002,P0010,47,20,0
2025-03-31,S003,P0001,34,20,0
2025-03-31,S003,P0002,79,20,0
2025-03-31,S003,P0003,20,20,0
2025-03-31,S003,P0004,98,20,0
2025-03-31,S003,P0005,84,20,0
2025-03-31,S003,P0006,35,20,0
2025-03-31,S003,P0007,112,20,0
2025-03-31,S003,P0008,107,20,0
2025-03-31,S003,P0009,44,20,0
2025-03-31,S003,P0010,87,20,0
2025-03-31,S004,P0001,100,20,0
2025-03-31,S004,P0002,52,20,0
2025-03-31,S004,P0003,86,20,0
2025-03-31,S004,P0004,20,20,0
2025-03-31,S004,P0005,61,20,0
2025-03-31,S004,P0006,22,20,0
2025-03-31,S004,P0007,95,20,0
2025-03-31,S004,P0008,31,20,0
2025-03-31,S004,P0009,38,20,0
2025-03-31,S004,P0010,51,20,0
2025-03-31,S005,P0001,106,20,0
2025-03-31,S005,P0002,79,20,0
2025-03-31,S005,P0003,115,20,0
2025-03-31,S005,P0004,45,20,0
2025-03-31,S005,P0005,36,20,0
2025-03-31,S005,P0006,61,20,0
2025-03-31,S005,P0007,88,20,0
2025-03-31,S005,P0008,54,20,0
2025-03-31,S005,P0009,77,20,0
2025-03-31,S005,P0010,49,20,0
2025-04-01,S001,P0001,93,20,0
2025-04-01,S001,P0002,51,20,0
2025-04-01,S001,P0003,57,20,0
2025-04-01,S001,P0004,46,20,0
2025-04-01,S001,P0005,42,20,0
2025-04-01,S001,P0006,23,20,0
2025-04-01,S001,P0007,66,20,0
2025-04-01,S001,P0008,113,20,0
2025-04-01,S001,P0009,112,20,0
2025-04-01,S001,P0010,67,20,0
2025-04-01,S002,P0001,118,20,0
2025-04-01,S002,P0002,70,20,0
2025-04-01,S002,P0003,90,20,0
2025-04-01,S002,P0004,23,20,0
2025-04-01,S002,P0005,74,20,0
2025-04-01,S002,P0006,103,20,0
2025-04-01,S002,P0007,109,20,0
2025-04-01,S002,P0008,93,20,0
2025-04-01,S002,P0009,63,20,0
2025-04-01,S002,P0010,45,20,0
2025-04-01,S003,P0001,31,20,0
2025-04-01,S003,P0002,74,20,0
2025-04-01,S003,P0003,119,20,0
2025-04-01,S003,P0004,97,20,0
2025-04-01,S003,P0005,83,20,0
2025-04-01,S003,P0006,35,20,0
2025-04-01,S003,P0007,112,20,0
2025-04-01,S003,P0008,106,20,0
2025-04-01,S003,P0009,42,20,0
2025-04-01,S003,P0010,85,20,0
2025-04-01,S004,P0001,99,20,0
2025-04-01,S004,P0002,51,20,0
2025-04-01,S004,P0003,86,20,0
2025-04-01,S004,P0004,20,20,0
2025-04-01,S004,P0005,57,20,0
2025-04-01,S004,P0006,21,20,0
2025-04-01,S004,P0007,94,20,0
2025-04-01,S004,P0008,31,20,0
2025-04-01,S004,P0009,36,20,0
2025-04-01,S004,P0010,51,20,0
2025-04-01,S005,P0001,105,20,0
2025-04-01,S005,P0002,78,20,0
2025-04-01,S005,P0003,114,20,0
2025-04-01,S005,P0004,45,20,0
2025-04-01,S005,P0005,36,20,0
2025-04-01,S005,P0006,59,20,0
2025-04-01,S005,P0007,86,20,0
2025-04-01,S005,P0008,54,20,0
2025-04-01,S005,P0009,76,20,0
2025-04-01,S005,P0010,46,20,0
2025-04-02,S001,P0001,90,20,0
2025-04-02,S001,P0002,50,20,0
2025-04-02,S001,P0003,55,20,0
2025-04-02,S001,P0004,46,20,0
2025-04-02,S001,P0005,37,20,0
2025-04-02,S001,P0006,22,20,0
2025-04-02,S001,P0007,64,20,0
2025-04-02,S001,P0008,112,20,0
2025-04-02,S001,P0009,111,20,0
2025-04-02,S001,P0010,66,20,0
2025-04-02,S002,P0001,118,20,0
2025-04-02,S002,P0002,68,20,0
2025-04-02,S002,P0003,89,20,0
2025-04-02,S002,P0004,22,20,0
2025-04-02,S002,P0005,73,20,0
2025-04-02,S002,P0006,102,20,0
2025-04-02,S002,P0007,109,20,0
2025-04-02,S002,P0008,92,20,0
2025-04-02,S002,P0009,63,20,0
2025-04-02,S002,P0010,45,20,0
2025-04-02,S003,P0001,28,20,0
2025-04-02,S003,P0002,71,20,0
2025-04-02,S003,P0003,119,20,0
2025-04-02,S003,P0004,96,20,0
2025-04-02,S003,P0005,79,20,0
2025-04-02,S003,P0006,35,20,0
2025-04-02,S003,P0007,111,20,0
2025-04-02,S003,P0008,106,20,0
2025-04-02,S003,P0009,39,20,0
2025-04-02,S003,P0010,84,20,0
2025-04-02,S004,P0001,99,20,0
2025-04-02,S004,P0002,51,20,0
2025-04-02,S004,P0003,85,20,0
2025-04-02,S004,P0004,118,20,0
2025-04-02,S004,P0005,55,20,0
2025-04-02,S004,P0006,20,20,0
2025-04-02,S004,P0007,94,20,0
2025-04-02,S004,P0008,31,20,0
2025-04-02,S004,P0009,36,20,0
2025-04-02,S004,P0010,49,20,0
2025-04-02,S005,P0001,105,20,0
2025-04-02,S005,P0002,76,20,0
2025-04-02,S005,P0003,112,20,0
2025-04-02,S005,P0004,45,20,0
2025-04-02,S005,P0005,35,20,0
2025-04-02,S005,P0006,58,20,0
2025-04-02,S005,P0007,84,20,0
2025-04-02,S005,P0008,51,20,0
2025-04-02,S005,P0009,75,20,0
2025-04-02,S005,P0010,45,20,0
2025-04-03,S001,P0001,88,20,0
2025-04-03,S001,P0002,48,20,0
2025-04-03,S001,P0003,54,20,0
2025-04-03,S001,P0004,46,20,0
2025-04-03,S001,P0005,36,20,0
2025-04-03,S001,P0006,21,20,0
2025-04-03,S001,P0007,62,20,0
2025-04-03,S001,P0008,111,20,0
2025-04-03,S001,P0009,108,20,0
2025-04-03,S001,P0010,63,20,0
2025-04-03,S002,P0001,117,20,0
2025-04-03,S002,P0002,68,20,0
2025-04-03,S002,P0003,86,20,0
2025-04-03,S002,P0004,21,20,0
2025-04-03,S002,P0005,71,20,0
2025-04-03,S002,P0006,100,20,0
2025-04-03,S002,P0007,109,20,0
2025-04-03,S002,P0008,92,20,0
2025-04-03,S002,P0009,62,20,0
2025-04-03,S002,P0010,45,20,0
2025-04-03,S003,P0001,25,20,0
2025-04-03,S003,P0002,69,20,0
2025-04-03,S003,P0003,119,20,0
2025-04-03,S003,P0004,96,20,0
2025-04-03,S003,P0005,74,20,0
2025-04-03,S003,P0006,35,20,0
2025-04-03,S003,P0007,109,20,0
2025-04-03,S003,P0008,105,20,0
2025-04-03,S003,P0009,38,20,0
2025-04-03,S003,P0010,84,20,0
2025-04-03,S004,P0001,99,20,0
2025-04-03,S004,P0002,49,20,0
2025-04-03,S004,P0003,84,20,0
2025-04-03,S004,P0004,115,20,0
2025-04-03,S004,P0005,53,20,0
2025-04-03,S004,P0006,119,20,0
2025-04-03,S004,P0007,92,20,0
2025-04-03,S004,P0008,29,20,0
2025-04-03,S004,P0009,35,20,0
2025-04-03,S004,P0010,47,20,0
2025-04-03,S005,P0001,103,20,0
2025-04-03,S005,P0002,75,20,0
2025-04-03,S005,P0003,112,20,0
2025-04-03,S005,P0004,43,20,0
2025-04-03,S005,P0005,32,20,0
2025-04-03,S005,P0006,58,20,0
2025-04-03,S005,P0007,84,20,0
2025-04-03,S005,P0008,51,20,0
2025-04-03,S005,P0009,75,20,0
2025-04-03,S005,P0010,43,20,0
2025-04-04,S001,P0001,86,20,0
2025-04-04,S001,P0002,47,20,0
2025-04-04,S001,P0003,53,20,0
2025-04-04,S001,P0004,46,20,0
2025-04-04,S001,P0005,33,20,0
2025-04-04,S001,P0006,20,20,0
2025-04-04,S001,P0007,61,20,0
2025-04-04,S001,P0008,111,20,0
2025-04-04,S001,P0009,107,20,0
2025-04-04,S001,P0010,61,20,0
2025-04-04,S002,P0001,115,20,0
2025-04-04,S002,P0002,67,20,0
2025-04-04,S002,P0003,86,20,0
2025-04-04,S002,P0004,21,20,0
2025-04-04,S002,P0005,69,20,0
2025-04-04,S002,P0006,98,20,0
2025-04-04,S002,P0007,109,20,0
2025-04-04,S002,P0008,91,20,0
2025-04-04,S002,P0009,60,20,0
2025-04-04,S002,P0010,45,20,0
2025-04-04,S003,P0001,24,20,0
2025-04-04,S003,P0002,66,20,0
2025-04-04,S003,P0003,117,20,0
2025-04-04,S003,P0004,96,20,0
2025-04-04,S003,P0005,72,20,0
2025-04-04,S003,P0006,33,20,0
2025-04-04,S003,P0007,109,20,0
2025-04-04,S003,P0008,104,20,0
2025-04-04,S003,P0009,36,20,0
2025-04-04,S003,P0010,84,20,0
2025-04-04,S004,P0001,97,20,0
2025-04-04,S004,P0002,49,20,0
2025-04-04,S004,P0003,83,20,0
2025-04-04,S004,P0004,115,20,0
2025-04-04,S004,P0005,51,20,0
2025-04-04,S004,P0006,119,20,0
2025-04-04,S004,P0007,90,20,0
2025-04-04,S004,P0008,28,20,0
2025-04-04,S004,P0009,34,20,0
2025-04-04,S004,P0010,45,20,0
2025-04-04,S005,P0001,102,20,0
2025-04-04,S005,P0002,75,20,0
2025-04-04,S005,P0003,112,20,0
2025-04-04,S005,P0004,43,20,0
2025-04-04,S005,P0005,31,20,0
2025-04-04,S005,P0006,57,20,0
2025-04-04,S005,P0007,84,20,0
2025-04-04,S005,P0008,51,20,0
2025-04-04,S005,P0009,74,20,0
2025-04-04,S005,P0010,42,20,0
2025-04-05,S001,P0001,86,20,0
2025-04-05,S001,P0002,46,20,0
2025-04-05,S001,P0003,52,20,0
2025-04-05,S001,P0004,45,20,0
2025-04-05,S001,P0005,31,20,0
2025-04-05,S001,P0006,119,20,0
2025-04-05,S001,P0007,61,20,0
2025-04-05,S001,P0008,111,20,0
2025-04-05,S001,P0009,106,20,0
2025-04-05,S001,P0010,59,20,0
2025-04-05,S002,P0001,113,20,0
2025-04-05,S002,P0002,66,20,0
2025-04-05,S002,P0003,84,20,0
2025-04-05,S002,P0004,20,20,0
2025-04-05,S002,P0005,69,20,0
2025-04-05,S002,P0006,98,20,0
2025-04-05,S002,P0007,109,20,0
2025-04-05,S002,P0008,90,20,0
2025-04-05,S002,P0009,59,20,0
2025-04-05,S002,P0010,44,20,0
2025-04-05,S003,P0001,22,20,0
2025-04-05,S003,P0002,65,20,0
2025-04-05,S003,P0003,115,20,0
2025-04-05,S003,P0004,94,20,0
2025-04-05,S003,P0005,68,20,0
2025-04-05,S003,P0006,33,20,0
2025-04-05,S003,P0007,109,20,0
2025-04-05,S003,P0008,104,20,0
2025-04-05,S003,P0009,34,20,0
2025-04-05,S003,P0010,84,20,0
2025-04-05,S004,P0001,96,20,0
2025-04-05,S004,P0002,46,20,0
2025-04-05,S004,P0003,81,20,0
2025-04-05,S004,P0004,112,20,0
2025-04-05,S004,P0005,50,20,0
2025-04-05,S004,P0006,119,20,0
2025-04-05,S004,P0007,89,20,0
2025-04-05,S004,P0008,27,20,0
2025-04-05,S004,P0009,30,20,0
2025-04-05,S004,P0010,44,20,0
2025-04-05,S005,P0001,101,20,0
2025-04-05,S005,P0002,75,20,0
2025-04-05,S005,P0003,111,20,0
2025-04-05,S005,P0004,43,20,0
2025-04-05,S005,P0005,28,20,0
2025-04-05,S005,P0006,56,20,0
2025-04-05,S005,P0007,84,20,0
2025-04-05,S005,P0008,48,20,0
2025-04-05,S005,P0009,73,20,0
2025-04-05,S005,P0010,41,20,0
2025-04-06,S001,P0001,85,20,0
2025-04-06,S001,P0002,46,20,0
2025-04-06,S001,P0003,51,20,0
2025-04-06,S001,P0004,45,20,0
2025-04-06,S001,P0005,29,20,0
2025-04-06,S001,P0006,119,20,0
2025-04-06,S001,P0007,60,20,0
2025-04-06,S001,P0008,110,20,0
2025-04-06,S001,P0009,104,20,0
2025-04-06,S001,P0010,59,20,0
2025-04-06,S002,P0001,111,20,0
2025-04-06,S002,P0002,64,20,0
2025-04-06,S002,P0003,83,20,0
2025-04-06,S002,P0004,119,20,0
2025-04-06,S002,P0005,66,20,0
2025-04-06,S002,P0006,96,20,0
2025-04-06,S002,P0007,108,20,0
2025-04-06,S002,P0008,88,20,0
2025-04-06,S002,P0009,56,20,0
2025-04-06,S002,P0010,44,20,0
2025-04-06,S003,P0001,20,20,0
2025-04-06,S003,P0002,62,20,0
2025-04-06,S003,P0003,112,20,0
2025-04-06,S003,P0004,94,20,0
2025-04-06,S003,P0005,63,20,0
2025-04-06,S003,P0006,33,20,0
2025-04-06,S003,P0007,107,20,0
2025-04-06,S003,P0008,103,20,0
2025-04-06,S003,P0009,34,20,0
2025-04-06,S003,P0010,82,20,0
2025-04-06,S004,P0001,92,20,0
2025-04-06,S004,P0002,46,20,0
2025-04-06,S004,P0003,80,20,0
2025-04-06,S004,P0004,112,20,0
2025-04-06,S004,P0005,48,20,0
2025-04-06,S004,P0006,119,20,0
2025-04-06,S004,P0007,87,20,0
2025-04-06,S004,P0008,25,20,0
2025-04-06,S004,P0009,30,20,0
2025-04-06,S004,P0010,44,20,0
2025-04-06,S005,P0001,99,20,0
2025-04-06,S005,P0002,72,20,0
2025-04-06,S005,P0003,108,20,0
2025-04-06,S005,P0004,41,20,0
2025-04-06,S005,P0005,25,20,0
2025-04-06,S005,P0006,55,20,0
2025-04-06,S005,P0007,83,20,0
2025-04-06,S005,P0008,47,20,0
2025-04-06,S005,P0009,70,20,0
2025-04-06,S005,P0010,40,20,0
2025-04-07,S001,P0001,82,20,0
2025-04-07,S001,P0002,44,20,0
2025-04-07,S001,P0003,49,20,0
2025-04-07,S001,P0004,45,20,0
2025-04-07,S001,P0005,25,20,0
2025-04-07,S001,P0006,119,20,0
2025-04-07,S001,P0007,58,20,0
2025-04-07,S001,P0008,110,20,0
2025-04-07,S001,P0009,103,20,0
2025-04-07,S001,P0010,58,20,0
2025-04-07,S002,P0001,110,20,0
2025-04-07,S002,P0002,64,20,0
2025-04-07,S002,P0003,82,20,0
2025-04-07,S002,P0004,118,20,0
2025-04-07,S002,P0005,63,20,0
2025-04-07,S002,P0006,94,20,0
2025-04-07,S002,P0007,107,20,0
2025-04-07,S002,P0008,86,20,0
2025-04-07,S002,P0009,54,20,0
2025-04-07,S002,P0010,42,20,0
2025-04-07,S003,P0001,117,20,0
2025-04-07,S003,P0002,62,20,0
2025-04-07,S003,P0003,110,20,0
2025-04-07,S003,P0004,93,20,0
2025-04-07,S003,P0005,62,20,0
2025-04-07,S003,P0006,32,20,0
2025-04-07,S003,P0007,107,20,0
2025-04-07,S003,P0008,101,20,0
2025-04-07,S003,P0009,34,20,0
2025-04-07,S003,P0010,80,20,0
2025-04-07,S004,P0001,90,20,0
2025-04-07,S004,P0002,45,20,0
2025-04-07,S004,P0003,79,20,0
2025-04-07,S004,P0004,111,20,0
2025-04-07,S004,P0005,47,20,0
2025-04-07,S004,P0006,118,20,0
2025-04-07,S004,P0007,84,20,0
2025-04-07,S004,P0008,24,20,0
2025-04-07,S004,P0009,28,20,0
2025-04-07,S004,P0010,44,20,0
2025-04-07,S005,P0001,97,20,0
2025-04-07,S005,P0002,71,20,0
2025-04-07,S005,P0003,108,20,0
2025-04-07,S005,P0004,40,20,0
2025-04-07,S005,P0005,22,20,0
2025-04-07,S005,P0006,55,20,0
2025-04-07,S005,P0007,83,20,0
2025-04-07,S005,P0008,46,20,0
2025-04-07,S005,P0009,70,20,0
2025-04-07,S005,P0010,39,20,0
2025-04-08,S001,P0001,78,20,0
2025-04-08,S001,P0002,44,20,0
2025-04-08,S001,P0003,48,20,0
2025-04-08,S001,P0004,43,20,0
2025-04-08,S001,P0005,23,20,0
2025-04-08,S001,P0006,118,20,0
2025-04-08,S001,P0007,56,20,0
2025-04-08,S001,P0008,110,20,0
2025-04-08,S001,P0009,102,20,0
2025-04-08,S001,P0010,56,20,0
2025-04-08,S002,P0001,109,20,0
2025-04-08,S002,P0002,62,20,0
2025-04-08,S002,P0003,82,20,0
2025-04-08,S002,P0004,115,20,0
2025-04-08,S002,P0005,61,20,0
2025-04-08,S002,P0006,94,20,0
2025-04-08,S002,P0007,106,20,0
2025-04-08,S002,P0008,85,20,0
2025-04-08,S002,P0009,52,20,0
2025-04-08,S002,P0010,42,20,0
2025-04-08,S003,P0001,115,20,0
2025-04-08,S003,P0002,58,20,0
2025-04-08,S003,P0003,106,20,0
2025-04-08,S003,P0004,93,20,0
2025-04-08,S003,P0005,62,20,0
2025-04-08,S003,P0006,32,20,0
2025-04-08,S003,P0007,107,20,0
2025-04-08,S003,P0008,101,20,0
2025-04-08,S003,P0009,30,20,0
2025-04-08,S003,P0010,79,20,0
2025-04-08,S004,P0001,90,20,0
2025-04-08,S004,P0002,44,20,0
2025-04-08,S004,P0003,79,20,0
2025-04-08,S004,P0004,109,20,0
2025-04-08,S004,P0005,47,20,0
2025-04-08,S004,P0006,118,20,0
2025-04-08,S004,P0007,84,20,0
2025-04-08,S004,P0008,22,20,0
2025-04-08,S004,P0009,28,20,0
2025-04-08,S004,P0010,43,20,0
2025-04-08,S005,P0001,97,20,0
2025-04-08,S005,P0002,70,20,0
2025-04-08,S005,P0003,105,20,0
2025-04-08,S005,P0004,39,20,0
2025-04-08,S005,P0005,119,20,0
2025-04-08,S005,P0006,55,20,0
2025-04-08,S005,P0007,83,20,0
2025-04-08,S005,P0008,46,20,0
2025-04-08,S005,P0009,69,20,0
2025-04-08,S005,P0010,37,20,0
2025-04-09,S001,P0001,77,20,0
2025-04-09,S001,P0002,42,20,0
2025-04-09,S001,P0003,48,20,0
2025-04-09,S001,P0004,43,20,0
2025-04-09,S001,P0005,21,20,0
2025-04-09,S001,P0006,118,20,0
2025-04-09,S001,P0007,54,20,0
2025-04-09,S001,P0008,108,20,0
2025-04-09,S001,P0009,99,20,0
2025-04-09,S001,P0010,56,20,0
2025-04-09,S002,P0001,108,20,0
2025-04-09,S002,P0002,62,20,0
2025-04-09,S002,P0003,79,20,0
2025-04-09,S002,P0004,114,20,0
2025-04-09,S002,P0005,57,20,0
2025-04-09,S002,P0006,93,20,0
2025-04-09,S002,P0007,106,20,0
2025-04-09,S002,P0008,84,20,0
2025-04-09,S002,P0009,51,20,0
2025-04-09,S002,P0010,40,20,0
2025-04-09,S003,P0001,115,20,0
2025-04-09,S003,P0002,57,20,0
2025-04-09,S003,P0003,105,20,0
2025-04-09,S003,P0004,93,20,0
2025-04-09,S003,P0005,59,20,0
2025-04-09,S003,P0006,31,20,0
2025-04-09,S003,P0007,105,20,0
2025-04-09,S003,P0008,101,20,0
2025-04-09,S003,P0009,30,20,0
2025-04-09,S003,P0010,79,20,0
2025-04-09,S004,P0001,88,20,0
2025-04-09,S004,P0002,43,20,0
2025-04-09,S004,P0003,79,20,0
2025-04-09,S004,P0004,109,20,0
2025-04-09,S004,P0005,47,20,0
2025-04-09,S004,P0006,118,20,0
2025-04-09,S004,P0007,84,20,0
2025-04-09,S004,P0008,21,20,0
2025-04-09,S004,P0009,25,20,0
2025-04-09,S004,P0010,41,20,0
2025-04-09,S005,P0001,95,20,0
2025-04-09,S005,P0002,70,20,0
2025-04-09,S005,P0003,104,20,0
2025-04-09,S005,P0004,39,20,0
2025-04-09,S005,P0005,119,20,0
2025-04-09,S005,P0006,55,20,0
2025-04-09,S005,P0007,81,20,0
2025-04-09,S005,P0008,45,20,0
2025-04-09,S005,P0009,68,20,0
2025-04-09,S005,P0010,34,20,0
2025-04-10,S001,P0001,77,20,0
2025-04-10,S001,P0002,41,20,0
2025-04-10,S001,P0003,48,20,0
2025-04-10,S001,P0004,42,20,0
2025-04-10,S001,P0005,20,20,0
2025-04-10,S001,P0006,117,20,0
2025-04-10,S001,P0007,53,20,0
2025-04-10,S001,P0008,107,20,0
2025-04-10,S001,P0009,99,20,0
2025-04-10,S001,P0010,55,20,0
2025-04-10,S002,P0001,104,20,0
2025-04-10,S002,P0002,62,20,0
2025-04-10,S002,P0003,76,20,0
2025-04-10,S002,P0004,113,20,0
2025-04-10,S002,P0005,54,20,0
2025-04-10,S002,P0006,93,20,0
2025-04-10,S002,P0007,106,20,0
2025-04-10,S002,P0008,84,20,0
2025-04-10,S002,P0009,51,20,0
2025-04-10,S002,P0010,39,20,0
2025-04-10,S003,P0001,114,20,0
2025-04-10,S003,P0002,55,20,0
2025-04-10,S003,P0003,102,20,0
2025-04-10,S003,P0004,93,20,0
2025-04-10,S003,P0005,54,20,0
2025-04-10,S003,P0006,31,20,0
2025-04-10,S003,P0007,103,20,0
2025-04-10,S003,P0008,100,20,0
2025-04-10,S003,P0009,30,20,0
2025-04-10,S003,P0010,78,20,0
2025-04-10,S004,P0001,87,20,0
2025-04-10,S004,P0002,40,20,0
2025-04-10,S004,P0003,78,20,0
2025-04-10,S004,P0004,109,20,0
2025-04-10,S004,P0005,44,20,0
2025-04-10,S004,P0006,118,20,0
2025-04-10,S004,P0007,83,20,0
2025-04-10,S004,P0008,119,20,0
2025-04-10,S004,P0009,23,20,0
2025-04-10,S004,P0010,38,20,0
2025-04-10,S005,P0001,93,20,0
2025-04-10,S005,P0002,68,20,0
2025-04-10,S005,P0003,102,20,0
2025-04-10,S005,P0004,39,20,0
2025-04-10,S005,P0005,116,20,0
2025-04-10,S005,P0006,55,20,0
2025-04-10,S005,P0007,80,20,0
2025-04-10,S005,P0008,45,20,0
2025-04-10,S005,P0009,67,20,0
2025-04-10,S005,P0010,32,20,0
2025-04-11,S001,P0001,77,20,0
2025-04-11,S001,P0002,40,20,0
2025-04-11,S001,P0003,47,20,0
2025-04-11,S001,P0004,40,20,0
2025-04-11,S001,P0005,116,20,0
2025-04-11,S001,P0006,117,20,0
2025-04-11,S001,P0007,53,20,0
2025-04-11,S001,P0008,105,20,0
2025-04-11,S001,P0009,96,20,0
2025-04-11,S001,P0010,54,20,0
2025-04-11,S002,P0001,104,20,0
2025-04-11,S002,P0002,61,20,0
2025-04-11,S002,P0003,76,20,0
2025-04-11,S002,P0004,113,20,0
2025-04-11,S002,P0005,53,20,0
2025-04-11,S002,P0006,91,20,0
2025-04-11,S002,P0007,105,20,0
2025-04-11,S002,P0008,84,20,0
2025-04-11,S002,P0009,49,20,0
2025-04-11,S002,P0010,38,20,0
2025-04-11,S003,P0001,112,20,0
2025-04-11,S003,P0002,51,20,0
2025-04-11,S003,P0003,102,20,0
2025-04-11,S003,P0004,89,20,0
2025-04-11,S003,P0005,52,20,0
2025-04-11,S003,P0006,29,20,0
2025-04-11,S003,P0007,102,20,0
2025-04-11,S003,P0008,100,20,0
2025-04-11,S003,P0009,26,20,0
2025-04-11,S003,P0010,77,20,0
2025-04-11,S004,P0001,87,20,0
2025-04-11,S004,P0002,38,20,0
2025-04-11,S004,P0003,75,20,0
2025-04-11,S004,P0004,107,20,0
2025-04-11,S004,P0005,44,20,0
2025-04-11,S004,P0006,118,20,0
2025-04-11,S004,P0007,83,20,0
2025-04-11,S004,P0008,119,20,0
2025-04-11,S004,P0009,20,20,0
2025-04-11,S004,P0010,38,20,0
2025-04-11,S005,P0001,93,20,0
2025-04-11,S005,P0002,67,20,0
2025-04-11,S005,P0003,100,20,0
2025-04-11,S005,P0004,36,20,0
2025-04-11,S005,P0005,112,20,0
2025-04-11,S005,P0006,54,20,0
2025-04-11,S005,P0007,76,20,0
2025-04-11,S005,P0008,44,20,0
2025-04-11,S005,P0009,66,20,0
2025-04-11,S005,P0010,31,20,0
2025-04-12,S001,P0001,76,20,0
2025-04-12,S001,P0002,37,20,0
2025-04-12,S001,P0003,45,20,0
2025-04-12,S001,P0004,37,20,0
2025-04-12,S001,P0005,113,20,0
2025-04-12,S001,P0006,117,20,0
2025-04-12,S001,P0007,53,20,0
2025-04-12,S001,P0008,104,20,0
2025-04-12,S001,P0009,95,20,0
2025-04-12,S001,P0010,53,20,0
2025-04-12,S002,P0001,103,20,0
2025-04-12,S002,P0002,55,20,0
2025-04-12,S002,P0003,75,20,0
2025-04-12,S002,P0004,110,20,0
2025-04-12,S002,P0005,52,20,0
2025-04-12,S002,P0006,88,20,0
2025-04-12,S002,P0007,104,20,0
2025-04-12,S002,P0008,83,20,0
2025-04-12,S002,P0009,47,20,0
2025-04-12,S002,P0010,36,20,0
2025-04-12,S003,P0001,111,20,0
2025-04-12,S003,P0002,51,20,0
2025-04-12,S003,P0003,101,20,0
2025-04-12,S003,P0004,89,20,0
2025-04-12,S003,P0005,50,20,0
2025-04-12,S003,P0006,29,20,0
2025-04-12,S003,P0007,101,20,0
2025-04-12,S003,P0008,99,20,0
2025-04-12,S003,P0009,24,20,0
2025-04-12,S003,P0010,74,20,0
2025-04-12,S004,P0001,86,20,0
2025-04-12,S004,P0002,35,20,0
2025-04-12,S004,P0003,74,20,0
2025-04-12,S004,P0004,105,20,0
2025-04-12,S004,P0005,41,20,0
2025-04-12,S004,P0006,118,20,0
2025-04-12,S004,P0007,83,20,0
2025-04-12,S004,P0008,119,20,0
2025-04-12,S004,P0009,119,20,0
2025-04-12,S004,P0010,35,20,0
2025-04-12,S005,P0001,93,20,0
2025-04-12,S005,P0002,64,20,0
2025-04-12,S005,P0003,98,20,0
2025-04-12,S005,P0004,36,20,0
2025-04-12,S005,P0005,111,20,0
2025-04-12,S005,P0006,53,20,0
2025-04-12,S005,P0007,76,20,0
2025-04-12,S005,P0008,44,20,0
2025-04-12,S005,P0009,65,20,0
2025-04-12,S005,P0010,30,20,0
2025-04-13,S001,P0001,73,20,0
2025-04-13,S001,P0002,35,20,0
2025-04-13,S001,P0003,44,20,0
2025-04-13,S001,P0004,37,20,0
2025-04-13,S001,P0005,112,20,0
2025-04-13,S001,P0006,117,20,0
2025-04-13,S001,P0007,52,20,0
2025-04-13,S001,P0008,103,20,0
2025-04-13,S001,P0009,92,20,0
2025-04-13,S001,P0010,52,20,0
2025-04-13,S002,P0001,97,20,0
2025-04-13,S002,P0002,54,20,0
2025-04-13,S002,P0003,75,20,0
2025-04-13,S002,P0004,109,20,0
2025-04-13,S002,P0005,48,20,0
2025-04-13,S002,P0006,88,20,0
2025-04-13,S002,P0007,101,20,0
2025-04-13,S002,P0008,81,20,0
2025-04-13,S002,P0009,45,20,0
2025-04-13,S002,P0010,36,20,0
2025-04-13,S003,P0001,110,20,0
2025-04-13,S003,P0002,47,20,0
2025-04-13,S003,P0003,99,20,0
2025-04-13,S003,P0004,88,20,0
2025-04-13,S003,P0005,50,20,0
2025-04-13,S003,P0006,28,20,0
2025-04-13,S003,P0007,101,20,0
2025-04-13,S003,P0008,97,20,0
2025-04-13,S003,P0009,23,20,0
2025-04-13,S003,P0010,74,20,0
2025-04-13,S004,P0001,85,20,0
2025-04-13,S004,P0002,32,20,0
2025-04-13,S004,P0003,72,20,0
2025-04-13,S004,P0004,104,20,0
2025-04-13,S004,P0005,38,20,0
2025-04-13,S004,P0006,118,20,0
2025-04-13,S004,P0007,82,20,0
2025-04-13,S004,P0008,116,20,0
2025-04-13,S004,P0009,116,20,0
2025-04-13,S004,P0010,32,20,0
2025-04-13,S005,P0001,92,20,0
2025-04-13,S005,P0002,62,20,0
2025-04-13,S005,P0003,95,20,0
2025-04-13,S005,P0004,36,20,0
2025-04-13,S005,P0005,109,20,0
2025-04-13,S005,P0006,53,20,0
2025-04-13,S005,P0007,75,20,0
2025-04-13,S005,P0008,44,20,0
2025-04-13,S005,P0009,65,20,0
2025-04-13,S005,P0010,29,20,0
2025-04-14,S001,P0001,71,20,0
2025-04-14,S001,P0002,31,20,0
2025-04-14,S001,P0003,44,20,0
2025-04-14,S001,P0004,36,20,0
2025-04-14,S001,P0005,108,20,0
2025-04-14,S001,P0006,116,20,0
2025-04-14,S001,P0007,51,20,0
2025-04-14,S001,P0008,103,20,0
2025-04-14,S001,P0009,91,20,0
2025-04-14,S001,P0010,51,20,0
2025-04-14,S002,P0001,95,20,0
2025-04-14,S002,P0002,53,20,0
2025-04-14,S002,P0003,74,20,0
2025-04-14,S002,P0004,109,20,0
2025-04-14,S002,P0005,45,20,0
2025-04-14,S002,P0006,85,20,0
2025-04-14,S002,P0007,100,20,0
2025-04-14,S002,P0008,80,20,0
2025-04-14,S002,P0009,42,20,0
2025-04-14,S002,P0010,35,20,0
2025-04-14,S003,P0001,110,20,0
2025-04-14,S003,P0002,47,20,0
2025-04-14,S003,P0003,96,20,0
2025-04-14,S003,P0004,87,20,0
2025-04-14,S003,P0005,49,20,0
2025-04-14,S003,P0006,28,20,0
2025-04-14,S003,P0007,99,20,0
2025-04-14,S003,P0008,94,20,0
2025-04-14,S003,P0009,23,20,0
2025-04-14,S003,P0010,73,20,0
2025-04-14,S004,P0001,83,20,0
2025-04-14,S004,P0002,31,20,0
2025-04-14,S004,P0003,70,20,0
2025-04-14,S004,P0004,103,20,0
2025-04-14,S004,P0005,34,20,0
2025-04-14,S004,P0006,117,20,0
2025-04-14,S004,P0007,81,20,0
2025-04-14,S004,P0008,116,20,0
2025-04-14,S004,P0009,114,20,0
2025-04-14,S004,P0010,31,20,0
2025-04-14,S005,P0001,90,20,0
2025-04-14,S005,P0002,59,20,0
2025-04-14,S005,P0003,94,20,0
2025-04-14,S005,P0004,36,20,0
2025-04-14,S005,P0005,106,20,0
2025-04-14,S005,P0006,52,20,0
2025-04-14,S005,P0007,75,20,0
2025-04-14,S005,P0008,42,20,0
2025-04-14,S005,P0009,60,20,0
2025-04-14,S005,P0010,26,20,0
2025-04-15,S001,P0001,69,20,0
2025-04-15,S001,P0002,29,20,0
2025-04-15,S001,P0003,42,20,0
2025-04-15,S001,P0004,34,20,0
2025-04-15,S001,P0005,104,20,0
2025-04-15,S001,P0006,115,20,0
2025-04-15,S001,P0007,49,20,0
2025-04-15,S001,P0008,100,20,0
2025-04-15,S001,P0009,88,20,0
2025-04-15,S001,P0010,50,20,0
2025-04-15,S002,P0001,92,20,0
2025-04-15,S002,P0002,53,20,0
2025-04-15,S002,P0003,74,20,0
2025-04-15,S002,P0004,109,20,0
2025-04-15,S002,P0005,44,20,0
2025-04-15,S002,P0006,85,20,0
2025-04-15,S002,P0007,99,20,0
2025-04-15,S002,P0008,77,20,0
2025-04-15,S002,P0009,42,20,0
2025-04-15,S002,P0010,33,20,0
2025-04-15,S003,P0001,109,20,0
2025-04-15,S003,P0002,47,20,0
2025-04-15,S003,P0003,94,20,0
2025-04-15,S003,P0004,85,20,0
2025-04-15,S003,P0005,49,20,0
2025-04-15,S003,P0006,28,20,0
2025-04-15,S003,P0007,99,20,0
2025-04-15,S003,P0008,91,20,0
2025-04-15,S003,P0009,119,20,0
2025-04-15,S003,P0010,73,20,0
2025-04-15,S004,P0001,83,20,0
2025-04-15,S004,P0002,31,20,0
2025-04-15,S004,P0003,68,20,0
2025-04-15,S004,P0004,102,20,0
2025-04-15,S004,P0005,34,20,0
2025-04-15,S004,P0006,114,20,0
2025-04-15,S004,P0007,80,20,0
2025-04-15,S004,P0008,114,20,0
2025-04-15,S004,P0009,114,20,0
2025-04-15,S004,P0010,28,20,0
2025-04-15,S005,P0001,89,20,0
2025-04-15,S005,P0002,59,20,0
2025-04-15,S005,P0003,93,20,0
2025-04-15,S005,P0004,36,20,0
2025-04-15,S005,P0005,103,20,0
2025-04-15,S005,P0006,52,20,0
2025-04-15,S005,P0007,75,20,0
2025-04-15,S005,P0008,41,20,0
2025-04-15,S005,P0009,60,20,0
2025-04-15,S005,P0010,24,20,0
2025-04-16,S001,P0001,67,20,0
2025-04-16,S001,P0002,26,20,0
2025-04-16,S001,P0003,41,20,0
2025-04-16,S001,P0004,32,20,0
2025-04-16,S001,P0005,101,20,0
2025-04-16,S001,P0006,114,20,0
2025-04-16,S001,P0007,47,20,0
2025-04-16,S001,P0008,98,20,0
2025-04-16,S001,P0009,86,20,0
2025-04-16,S001,P0010,49,20,0
2025-04-16,S002,P0001,90,20,0
2025-04-16,S002,P0002,52,20,0
2025-04-16,S002,P0003,73,20,0
2025-04-16,S002,P0004,109,20,0
2025-04-16,S002,P0005,41,20,0
2025-04-16,S002,P0006,84,20,0
2025-04-16,S002,P0007,99,20,0
2025-04-16,S002,P0008,75,20,0
2025-04-16,S002,P0009,41,20,0
2025-04-16,S002,P0010,31,20,0
2025-04-16,S003,P0001,109,20,0
2025-04-16,S003,P0002,45,20,0
2025-04-16,S003,P0003,93,20,0
2025-04-16,S003,P0004,84,20,0
2025-04-16,S003,P0005,48,20,0
2025-04-16,S003,P0006,28,20,0
2025-04-16,S003,P0007,99,20,0
2025-04-16,S003,P0008,89,20,0
2025-04-16,S003,P0009,115,20,0
2025-04-16,S003,P0010,72,20,0
2025-04-16,S004,P0001,80,20,0
2025-04-16,S004,P0002,30,20,0
2025-04-16,S004,P0003,67,20,0
2025-04-16,S004,P0004,102,20,0
2025-04-16,S004,P0005,30,20,0
2025-04-16,S004,P0006,114,20,0
2025-04-16,S004,P0007,79,20,0
2025-04-16,S004,P0008,113,20,0
2025-04-16,S004,P0009,111,20,0
2025-04-16,S004,P0010,27,20,0
2025-04-16,S005,P0001,86,20,0
2025-04-16,S005,P0002,57,20,0
2025-04-16,S005,P0003,90,20,0
2025-04-16,S005,P0004,35,20,0
2025-04-16,S005,P0005,98,20,0
2025-04-16,S005,P0006,52,20,0
2025-04-16,S005,P0007,75,20,0
2025-04-16,S005,P0008,40,20,0
2025-04-16,S005,P0009,60,20,0
2025-04-16,S005,P0010,23,20,0
2025-04-17,S001,P0001,66,20,0
2025-04-17,S001,P0002,25,20,0
2025-04-17,S001,P0003,39,20,0
2025-04-17,S001,P0004,32,20,0
2025-04-17,S001,P0005,98,20,0
2025-04-17,S001,P0006,112,20,0
2025-04-17,S001,P0007,45,20,0
2025-04-17,S001,P0008,96,20,0
2025-04-17,S001,P0009,81,20,0
2025-04-17,S001,P0010,47,20,0
2025-04-17,S002,P0001,90,20,0
2025-04-17,S002,P0002,50,20,0
2025-04-17,S002,P0003,72,20,0
2025-04-17,S002,P0004,108,20,0
2025-04-17,S002,P0005,40,20,0
2025-04-17,S002,P0006,84,20,0
2025-04-17,S002,P0007,98,20,0
2025-04-17,S002,P0008,73,20,0
2025-04-17,S002,P0009,41,20,0
2025-04-17,S002,P0010,28,20,0
2025-04-17,S003,P0001,108,20,0
2025-04-17,S003,P0002,43,20,0
2025-04-17,S003,P0003,93,20,0
2025-04-17,S003,P0004,83,20,0
2025-04-17,S003,P0005,44,20,0
2025-04-17,S003,P0006,27,20,0
2025-04-17,S003,P0007,98,20,0
2025-04-17,S003,P0008,87,20,0
2025-04-17,S003,P0009,114,20,0
2025-04-17,S003,P0010,71,20,0
2025-04-17,S004,P0001,79,20,0
2025-04-17,S004,P0002,26,20,0
2025-04-17,S004,P0003,67,20,0
2025-04-17,S004,P0004,101,20,0
2025-04-17,S004,P0005,25,20,0
2025-04-17,S004,P0006,114,20,0
2025-04-17,S004,P0007,78,20,0
2025-04-17,S004,P0008,113,20,0
2025-04-17,S004,P0009,109,20,0
2025-04-17,S004,P0010,25,20,0
2025-04-17,S005,P0001,84,20,0
2025-04-17,S005,P0002,56,20,0
2025-04-17,S005,P0003,88,20,0
2025-04-17,S005,P0004,35,20,0
2025-04-17,S005,P0005,94,20,0
2025-04-17,S005,P0006,52,20,0
2025-04-17,S005,P0007,75,20,0
2025-04-17,S005,P0008,40,20,0
2025-04-17,S005,P0009,58,20,0
2025-04-17,S005,P0010,22,20,0
2025-04-18,S001,P0001,64,20,0
2025-04-18,S001,P0002,22,20,0
2025-04-18,S001,P0003,39,20,0
2025-04-18,S001,P0004,32,20,0
2025-04-18,S001,P0005,96,20,0
2025-04-18,S001,P0006,112,20,0
2025-04-18,S001,P0007,45,20,0
2025-04-18,S001,P0008,96,20,0
2025-04-18,S001,P0009,79,20,0
2025-04-18,S001,P0010,46,20,0
2025-04-18,S002,P0001,88,20,0
2025-04-18,S002,P0002,48,20,0
2025-04-18,S002,P0003,72,20,0
2025-04-18,S002,P0004,107,20,0
2025-04-18,S002,P0005,36,20,0
2025-04-18,S002,P0006,84,20,0
2025-04-18,S002,P0007,98,20,0
2025-04-18,S002,P0008,73,20,0
2025-04-18,S002,P0009,40,20,0
2025-04-18,S002,P0010,28,20,0
2025-04-18,S003,P0001,106,20,0
2025-04-18,S003,P0002,39,20,0
2025-04-18,S003,P0003,92,20,0
2025-04-18,S003,P0004,80,20,0
2025-04-18,S003,P0005,43,20,0
2025-04-18,S003,P0006,25,20,0
2025-04-18,S003,P0007,96,20,0
2025-04-18,S003,P0008,87,20,0
2025-04-18,S003,P0009,113,20,0
2025-04-18,S003,P0010,68,20,0
2025-04-18,S004,P0001,75,20,0
2025-04-18,S004,P0002,25,20,0
2025-04-18,S004,P0003,64,20,0
2025-04-18,S004,P0004,101,20,0
2025-04-18,S004,P0005,24,20,0
2025-04-18,S004,P0006,113,20,0
2025-04-18,S004,P0007,78,20,0
2025-04-18,S004,P0008,112,20,0
2025-04-18,S004,P0009,109,20,0
2025-04-18,S004,P0010,25,20,0
2025-04-18,S005,P0001,83,20,0
2025-04-18,S005,P0002,56,20,0
2025-04-18,S005,P0003,87,20,0
2025-04-18,S005,P0004,33,20,0
2025-04-18,S005,P0005,94,20,0
2025-04-18,S005,P0006,52,20,0
2025-04-18,S005,P0007,74,20,0
2025-04-18,S005,P0008,40,20,0
2025-04-18,S005,P0009,56,20,0
2025-04-18,S005,P0010,22,20,0
2025-04-19,S001,P0001,64,20,0
2025-04-19,S001,P0002,22,20,0
2025-04-19,S001,P0003,34,20,0
2025-04-19,S001,P0004,32,20,0
2025-04-19,S001,P0005,91,20,0
2025-04-19,S001,P0006,112,20,0
2025-04-19,S001,P0007,45,20,0
2025-04-19,S001,P0008,95,20,0
2025-04-19,S001,P0009,79,20,0
2025-04-19,S001,P0010,46,20,0
2025-04-19,S002,P0001,86,20,0
2025-04-19,S002,P0002,46,20,0
2025-04-19,S002,P0003,70,20,0
2025-04-19,S002,P0004,104,20,0
2025-04-19,S002,P0005,35,20,0
2025-04-19,S002,P0006,84,20,0
2025-04-19,S002,P0007,97,20,0
2025-04-19,S002,P0008,72,20,0
2025-04-19,S002,P0009,38,20,0
2025-04-19,S002,P0010,27,20,0
2025-04-19,S003,P0001,105,20,0
2025-04-19,S003,P0002,35,20,0
2025-04-19,S003,P0003,90,20,0
2025-04-19,S003,P0004,80,20,0
2025-04-19,S003,P0005,41,20,0
2025-04-19,S003,P0006,25,20,0
2025-04-19,S003,P0007,96,20,0
2025-04-19,S003,P0008,86,20,0
2025-04-19,S003,P0009,113,20,0
2025-04-19,S003,P0010,66,20,0
2025-04-19,S004,P0001,75,20,0
2025-04-19,S004,P0002,24,20,0
2025-04-19,S004,P0003,63,20,0
2025-04-19,S004,P0004,101,20,0
2025-04-19,S004,P0005,22,20,0
2025-04-19,S004,P0006,113,20,0
2025-04-19,S004,P0007,77,20,0
2025-04-19,S004,P0008,112,20,0
2025-04-19,S004,P0009,109,20,0
2025-04-19,S004,P0010,24,20,0
2025-04-19,S005,P0001,82,20,0
2025-04-19,S005,P0002,53,20,0
2025-04-19,S005,P0003,84,20,0
2025-04-19,S005,P0004,31,20,0
2025-04-19,S005,P0005,93,20,0
2025-04-19,S005,P0006,51,20,0
2025-04-19,S005,P0007,74,20,0
2025-04-19,S005,P0008,38,20,0
2025-04-19,S005,P0009,53,20,0
2025-04-19,S005,P0010,21,20,0
2025-04-20,S001,P0001,63,20,0
2025-04-20,S001,P0002,21,20,0
2025-04-20,S001,P0003,33,20,0
2025-04-20,S001,P0004,30,20,0
2025-04-20,S001,P0005,89,20,0
2025-04-20,S001,P0006,111,20,0
2025-04-20,S001,P0007,45,20,0
2025-04-20,S001,P0008,92,20,0
2025-04-20,S001,P0009,77,20,0
2025-04-20,S001,P0010,46,20,0
2025-04-20,S002,P0001,85,20,0
2025-04-20,S002,P0002,45,20,0
2025-04-20,S002,P0003,70,20,0
2025-04-20,S002,P0004,103,20,0
2025-04-20,S002,P0005,32,20,0
2025-04-20,S002,P0006,84,20,0
2025-04-20,S002,P0007,96,20,0
2025-04-20,S002,P0008,72,20,0
2025-04-20,S002,P0009,38,20,0
2025-04-20,S002,P0010,27,20,0
2025-04-20,S003,P0001,103,20,0
2025-04-20,S003,P0002,34,20,0
2025-04-20,S003,P0003,88,20,0
2025-04-20,S003,P0004,79,20,0
2025-04-20,S003,P0005,40,20,0
2025-04-20,S003,P0006,25,20,0
2025-04-20,S003,P0007,96,20,0
2025-04-20,S003,P0008,84,20,0
2025-04-20,S003,P0009,111,20,0
2025-04-20,S003,P0010,65,20,0
2025-04-20,S004,P0001,75,20,0
2025-04-20,S004,P0002,23,20,0
2025-04-20,S004,P0003,60,20,0
2025-04-20,S004,P0004,101,20,0
2025-04-20,S004,P0005,119,20,0
2025-04-20,S004,P0006,112,20,0
2025-04-20,S004,P0007,76,20,0
2025-04-20,S004,P0008,111,20,0
2025-04-20,S004,P0009,106,20,0
2025-04-20,S004,P0010,24,20,0
2025-04-20,S005,P0001,81,20,0
2025-04-20,S005,P0002,52,20,0
2025-04-20,S005,P0003,83,20,0
2025-04-20,S005,P0004,31,20,0
2025-04-20,S005,P0005,93,20,0
2025-04-20,S005,P0006,49,20,0
2025-04-20,S005,P0007,74,20,0
2025-04-20,S005,P0008,35,20,0
2025-04-20,S005,P0009,51,20,0
2025-04-20,S005,P0010,118,20,0
2025-04-21,S001,P0001,63,20,0
2025-04-21,S001,P0002,119,20,0
2025-04-21,S001,P0003,31,20,0
2025-04-21,S001,P0004,30,20,0
2025-04-21,S001,P0005,86,20,0
2025-04-21,S001,P0006,110,20,0
2025-04-21,S001,P0007,45,20,0
2025-04-21,S001,P0008,91,20,0
2025-04-21,S001,P0009,76,20,0
2025-04-21,S001,P0010,45,20,0
2025-04-21,S002,P0001,84,20,0
2025-04-21,S002,P0002,45,20,0
2025-04-21,S002,P0003,69,20,0
2025-04-21,S002,P0004,102,20,0
2025-04-21,S002,P0005,28,20,0
2025-04-21,S002,P0006,83,20,0
2025-04-21,S002,P0007,96,20,0
2025-04-21,S002,P0008,68,20,0
2025-04-21,S002,P0009,38,20,0
2025-04-21,S002,P0010,26,20,0
2025-04-21,S003,P0001,103,20,0
2025-04-21,S003,P0002,32,20,0
2025-04-21,S003,P0003,88,20,0
2025-04-21,S003,P0004,79,20,0
2025-04-21,S003,P0005,37,20,0
2025-04-21,S003,P0006,25,20,0
2025-04-21,S003,P0007,96,20,0
2025-04-21,S003,P0008,84,20,0
2025-04-21,S003,P0009,107,20,0
2025-04-21,S003,P0010,64,20,0
2025-04-21,S004,P0001,72,20,0
2025-04-21,S004,P0002,21,20,0
2025-04-21,S004,P0003,59,20,0
2025-04-21,S004,P0004,99,20,0
2025-04-21,S004,P0005,118,20,0
2025-04-21,S004,P0006,112,20,0
2025-04-21,S004,P0007,74,20,0
2025-04-21,S004,P0008,111,20,0
2025-04-21,S004,P0009,106,20,0
2025-04-21,S004,P0010,22,20,0
2025-04-21,S005,P0001,81,20,0
2025-04-21,S005,P0002,50,20,0
2025-04-21,S005,P0003,81,20,0
2025-04-21,S005,P0004,29,20,0
2025-04-21,S005,P0005,92,20,0
2025-04-21,S005,P0006,48,20,0
2025-04-21,S005,P0007,72,20,0
2025-04-21,S005,P0008,35,20,0
2025-04-21,S005,P0009,49,20,0
2025-04-21,S005,P0010,115,20,0
2025-04-22,S001,P0001,62,20,0
2025-04-22,S001,P0002,117,20,0
2025-04-22,S001,P0003,30,20,0
2025-04-22,S001,P0004,29,20,0
2025-04-22,S001,P0005,84,20,0
2025-04-22,S001,P0006,110,20,0
2025-04-22,S001,P0007,45,20,0
2025-04-22,S001,P0008,89,20,0
2025-04-22,S001,P0009,75,20,0
2025-04-22,S001,P0010,44,20,0
2025-04-22,S002,P0001,79,20,0
2025-04-22,S002,P0002,44,20,0
2025-04-22,S002,P0003,69,20,0
2025-04-22,S002,P0004,101,20,0
2025-04-22,S002,P0005,27,20,0
2025-04-22,S002,P0006,83,20,0
2025-04-22,S002,P0007,94,20,0
2025-04-22,S002,P0008,67,20,0
2025-04-22,S002,P0009,34,20,0
2025-04-22,S002,P0010,26,20,0
2025-04-22,S003,P0001,101,20,0
2025-04-22,S003,P0002,30,20,0
2025-04-22,S003,P0003,86,20,0
2025-04-22,S003,P0004,79,20,0
2025-04-22,S003,P0005,35,20,0
2025-04-22,S003,P0006,25,20,0
2025-04-22,S003,P0007,96,20,0
2025-04-22,S003,P0008,83,20,0
2025-04-22,S003,P0009,104,20,0
2025-04-22,S003,P0010,62,20,0
2025-04-22,S004,P0001,71,20,0
2025-04-22,S004,P0002,119,20,0
2025-04-22,S004,P0003,58,20,0
2025-04-22,S004,P0004,97,20,0
2025-04-22,S004,P0005,115,20,0
2025-04-22,S004,P0006,112,20,0
2025-04-22,S004,P0007,74,20,0
2025-04-22,S004,P0008,107,20,0
2025-04-22,S004,P0009,105,20,0
2025-04-22,S004,P0010,22,20,0
2025-04-22,S005,P0001,81,20,0
2025-04-22,S005,P0002,49,20,0
2025-04-22,S005,P0003,81,20,0
2025-04-22,S005,P0004,29,20,0
2025-04-22,S005,P0005,90,20,0
2025-04-22,S005,P0006,47,20,0
2025-04-22,S005,P0007,71,20,0
2025-04-22,S005,P0008,34,20,0
2025-04-22,S005,P0009,48,20,0
2025-04-22,S005,P0010,115,20,0
2025-04-23,S001,P0001,60,20,0
2025-04-23,S001,P0002,113,20,0
2025-04-23,S001,P0003,29,20,0
2025-04-23,S001,P0004,28,20,0
2025-04-23,S001,P0005,82,20,0
2025-04-23,S001,P0006,108,20,0
2025-04-23,S001,P0007,45,20,0
2025-04-23,S001,P0008,88,20,0
2025-04-23,S001,P0009,73,20,0
2025-04-23,S001,P0010,43,20,0
2025-04-23,S002,P0001,76,20,0
2025-04-23,S002,P0002,40,20,0
2025-04-23,S002,P0003,68,20,0
2025-04-23,S002,P0004,99,20,0
2025-04-23,S002,P0005,26,20,0
2025-04-23,S002,P0006,83,20,0
2025-04-23,S002,P0007,94,20,0
2025-04-23,S002,P0008,67,20,0
2025-04-23,S002,P0009,33,20,0
2025-04-23,S002,P0010,26,20,0
2025-04-23,S003,P0001,100,20,0
2025-04-23,S003,P0002,28,20,0
2025-04-23,S003,P0003,85,20,0
2025-04-23,S003,P0004,78,20,0
2025-04-23,S003,P0005,32,20,0
2025-04-23,S003,P0006,23,20,0
2025-04-23,S003,P0007,96,20,0
2025-04-23,S003,P0008,82,20,0
2025-04-23,S003,P0009,104,20,0
2025-04-23,S003,P0010,61,20,0
2025-04-23,S004,P0001,69,20,0
2025-04-23,S004,P0002,118,20,0
2025-04-23,S004,P0003,56,20,0
2025-04-23,S004,P0004,97,20,0
2025-04-23,S004,P0005,108,20,0
2025-04-23,S004,P0006,112,20,0
2025-04-23,S004,P0007,74,20,0
2025-04-23,S004,P0008,106,20,0
2025-04-23,S004,P0009,104,20,0
2025-04-23,S004,P0010,21,20,0
2025-04-23,S005,P0001,81,20,0
2025-04-23,S005,P0002,46,20,0
2025-04-23,S005,P0003,80,20,0
2025-04-23,S005,P0004,28,20,0
2025-04-23,S005,P0005,89,20,0
2025-04-23,S005,P0006,46,20,0
2025-04-23,S005,P0007,70,20,0
2025-04-23,S005,P0008,31,20,0
2025-04-23,S005,P0009,48,20,0
2025-04-23,S005,P0010,113,20,0
2025-04-24,S001,P0001,56,20,0
2025-04-24,S001,P0002,112,20,0
2025-04-24,S001,P0003,27,20,0
2025-04-24,S001,P0004,27,20,0
2025-04-24,S001,P0005,80,20,0
2025-04-24,S001,P0006,108,20,0
2025-04-24,S001,P0007,44,20,0
2025-04-24,S001,P0008,87,20,0
2025-04-24,S001,P0009,72,20,0
2025-04-24,S001,P0010,42,20,0
2025-04-24,S002,P0001,75,20,0
2025-04-24,S002,P0002,38,20,0
2025-04-24,S002,P0003,67,20,0
2025-04-24,S002,P0004,98,20,0
2025-04-24,S002,P0005,24,20,0
2025-04-24,S002,P0006,83,20,0
2025-04-24,S002,P0007,94,20,0
2025-04-24,S002,P0008,65,20,0
2025-04-24,S002,P0009,32,20,0
2025-04-24,S002,P0010,22,20,0
2025-04-24,S003,P0001,96,20,0
2025-04-24,S003,P0002,27,20,0
2025-04-24,S003,P0003,85,20,0
2025-04-24,S003,P0004,78,20,0
2025-04-24,S003,P0005,30,20,0
2025-04-24,S003,P0006,22,20,0
2025-04-24,S003,P0007,96,20,0
2025-04-24,S003,P0008,81,20,0
2025-04-24,S003,P0009,103,20,0
2025-04-24,S003,P0010,61,20,0
2025-04-24,S004,P0001,69,20,0
2025-04-24,S004,P0002,117,20,0
2025-04-24,S004,P0003,56,20,0
2025-04-24,S004,P0004,95,20,0
2025-04-24,S004,P0005,107,20,0
2025-04-24,S004,P0006,112,20,0
2025-04-24,S004,P0007,74,20,0
2025-04-24,S004,P0008,103,20,0
2025-04-24,S004,P0009,102,20,0
2025-04-24,S004,P0010,119,20,0
2025-04-24,S005,P0001,81,20,0
2025-04-24,S005,P0002,44,20,0
2025-04-24,S005,P0003,80,20,0
2025-04-24,S005,P0004,27,20,0
2025-04-24,S005,P0005,88,20,0
2025-04-24,S005,P0006,46,20,0
2025-04-24,S005,P0007,67,20,0
2025-04-24,S005,P0008,30,20,0
2025-04-24,S005,P0009,45,20,0
2025-04-24,S005,P0010,113,20,0
2025-04-25,S001,P0001,56,20,0
2025-04-25,S001,P0002,110,20,0
2025-04-25,S001,P0003,26,20,0
2025-04-25,S001,P0004,25,20,0
2025-04-25,S001,P0005,77,20,0
2025-04-25,S001,P0006,108,20,0
2025-04-25,S001,P0007,43,20,0
2025-04-25,S001,P0008,87,20,0
2025-04-25,S001,P0009,69,20,0
2025-04-25,S001,P0010,39,20,0
2025-04-25,S002,P0001,74,20,0
2025-04-25,S002,P0002,35,20,0
2025-04-25,S002,P0003,65,20,0
2025-04-25,S002,P0004,98,20,0
2025-04-25,S002,P0005,20,20,0
2025-04-25,S002,P0006,83,20,0
2025-04-25,S002,P0007,92,20,0
2025-04-25,S002,P0008,64,20,0
2025-04-25,S002,P0009,30,20,0
2025-04-25,S002,P0010,22,20,0
2025-04-25,S003,P0001,95,20,0
2025-04-25,S003,P0002,24,20,0
2025-04-25,S003,P0003,82,20,0
2025-04-25,S003,P0004,77,20,0
2025-04-25,S003,P0005,27,20,0
2025-04-25,S003,P0006,22,20,0
2025-04-25,S003,P0007,95,20,0
2025-04-25,S003,P0008,81,20,0
2025-04-25,S003,P0009,100,20,0
2025-04-25,S003,P0010,60,20,0
2025-04-25,S004,P0001,68,20,0
2025-04-25,S004,P0002,116,20,0
2025-04-25,S004,P0003,56,20,0
2025-04-25,S004,P0004,92,20,0
2025-04-25,S004,P0005,105,20,0
2025-04-25,S004,P0006,112,20,0
2025-04-25,S004,P0007,74,20,0
2025-04-25,S004,P0008,101,20,0
2025-04-25,S004,P0009,100,20,0
2025-04-25,S004,P0010,118,20,0
2025-04-25,S005,P0001,80,20,0
2025-04-25,S005,P0002,44,20,0
2025-04-25,S005,P0003,79,20,0
2025-04-25,S005,P0004,26,20,0
2025-04-25,S005,P0005,85,20,0
2025-04-25,S005,P0006,46,20,0
2025-04-25,S005,P0007,67,20,0
2025-04-25,S005,P0008,29,20,0
2025-04-25,S005,P0009,44,20,0
2025-04-25,S005,P0010,113,20,0
2025-04-26,S001,P0001,55,20,0
2025-04-26,S001,P0002,108,20,0
2025-04-26,S001,P0003,25,20,0
2025-04-26,S001,P0004,25,20,0
2025-04-26,S001,P0005,74,20,0
2025-04-26,S001,P0006,108,20,0
2025-04-26,S001,P0007,41,20,0
2025-04-26,S001,P0008,85,20,0
2025-04-26,S001,P0009,68,20,0
2025-04-26,S001,P0010,35,20,0
2025-04-26,S002,P0001,73,20,0
2025-04-26,S002,P0002,35,20,0
2025-04-26,S002,P0003,64,20,0
2025-04-26,S002,P0004,98,20,0
2025-04-26,S002,P0005,20,20,0
2025-04-26,S002,P0006,83,20,0
2025-04-26,S002,P0007,91,20,0
2025-04-26,S002,P0008,62,20,0
2025-04-26,S002,P0009,29,20,0
2025-04-26,S002,P0010,119,20,0
2025-04-26,S003,P0001,94,20,0
2025-04-26,S003,P0002,22,20,0
2025-04-26,S003,P0003,80,20,0
2025-04-26,S003,P0004,77,20,0
2025-04-26,S003,P0005,25,20,0
2025-04-26,S003,P0006,21,20,0
2025-04-26,S003,P0007,94,20,0
2025-04-26,S003,P0008,81,20,0
2025-04-26,S003,P0009,97,20,0
2025-04-26,S003,P0010,58,20,0
2025-04-26,S004,P0001,67,20,0
2025-04-26,S004,P0002,114,20,0
2025-04-26,S004,P0003,56,20,0
2025-04-26,S004,P0004,90,20,0
2025-04-26,S004,P0005,104,20,0
2025-04-26,S004,P0006,112,20,0
2025-04-26,S004,P0007,74,20,0
2025-04-26,S004,P0008,101,20,0
2025-04-26,S004,P0009,99,20,0
2025-04-26,S004,P0010,117,20,0
2025-04-26,S005,P0001,79,20,0
2025-04-26,S005,P0002,44,20,0
2025-04-26,S005,P0003,76,20,0
2025-04-26,S005,P0004,23,20,0
2025-04-26,S005,P0005,84,20,0
2025-04-26,S005,P0006,46,20,0
2025-04-26,S005,P0007,66,20,0
2025-04-26,S005,P0008,28,20,0
2025-04-26,S005,P0009,40,20,0
2025-04-26,S005,P0010,111,20,0
2025-04-27,S001,P0001,54,20,0
2025-04-27,S001,P0002,108,20,0
2025-04-27,S001,P0003,24,20,0
2025-04-27,S001,P0004,25,20,0
2025-04-27,S001,P0005,72,20,0
2025-04-27,S001,P0006,108,20,0
2025-04-27,S001,P0007,40,20,0
2025-04-27,S001,P0008,85,20,0
2025-04-27,S001,P0009,66,20,0
2025-04-27,S001,P0010,34,20,0
2025-04-27,S002,P0001,71,20,0
2025-04-27,S002,P0002,34,20,0
2025-04-27,S002,P0003,62,20,0
2025-04-27,S002,P0004,98,20,0
2025-04-27,S002,P0005,119,20,0
2025-04-27,S002,P0006,83,20,0
2025-04-27,S002,P0007,90,20,0
2025-04-27,S002,P0008,59,20,0
2025-04-27,S002,P0009,28,20,0
2025-04-27,S002,P0010,116,20,0
2025-04-27,S003,P0001,93,20,0
2025-04-27,S003,P0002,20,20,0
2025-04-27,S003,P0003,78,20,0
2025-04-27,S003,P0004,77,20,0
2025-04-27,S003,P0005,22,20,0
2025-04-27,S003,P0006,20,20,0
2025-04-27,S003,P0007,92,20,0
2025-04-27,S003,P0008,81,20,0
2025-04-27,S003,P0009,93,20,0
2025-04-27,S003,P0010,57,20,0
2025-04-27,S004,P0001,66,20,0
2025-04-27,S004,P0002,112,20,0
2025-04-27,S004,P0003,56,20,0
2025-04-27,S004,P0004,90,20,0
2025-04-27,S004,P0005,102,20,0
2025-04-27,S004,P0006,110,20,0
2025-04-27,S004,P0007,71,20,0
2025-04-27,S004,P0008,100,20,0
2025-04-27,S004,P0009,98,20,0
2025-04-27,S004,P0010,114,20,0
2025-04-27,S005,P0001,76,20,0
2025-04-27,S005,P0002,43,20,0
2025-04-27,S005,P0003,73,20,0
2025-04-27,S005,P0004,22,20,0
2025-04-27,S005,P0005,82,20,0
2025-04-27,S005,P0006,44,20,0
2025-04-27,S005,P0007,65,20,0
2025-04-27,S005,P0008,27,20,0
2025-04-27,S005,P0009,37,20,0
2025-04-27,S005,P0010,108,20,0
2025-04-28,S001,P0001,52,20,0
2025-04-28,S001,P0002,108,20,0
2025-04-28,S001,P0003,22,20,0
2025-04-28,S001,P0004,25,20,0
2025-04-28,S001,P0005,72,20,0
2025-04-28,S001,P0006,106,20,0
2025-04-28,S001,P0007,40,20,0
2025-04-28,S001,P0008,85,20,0
2025-04-28,S001,P0009,64,20,0
2025-04-28,S001,P0010,30,20,0
2025-04-28,S002,P0001,68,20,0
2025-04-28,S002,P0002,32,20,0
2025-04-28,S002,P0003,61,20,0
2025-04-28,S002,P0004,98,20,0
2025-04-28,S002,P0005,116,20,0
2025-04-28,S002,P0006,82,20,0
2025-04-28,S002,P0007,88,20,0
2025-04-28,S002,P0008,56,20,0
2025-04-28,S002,P0009,26,20,0
2025-04-28,S002,P0010,116,20,0
2025-04-28,S003,P0001,91,20,0
2025-04-28,S003,P0002,119,20,0
2025-04-28,S003,P0003,77,20,0
2025-04-28,S003,P0004,77,20,0
2025-04-28,S003,P0005,21,20,0
2025-04-28,S003,P0006,20,20,0
2025-04-28,S003,P0007,92,20,0
2025-04-28,S003,P0008,80,20,0
2025-04-28,S003,P0009,91,20,0
2025-04-28,S003,P0010,55,20,0
2025-04-28,S004,P0001,66,20,0
2025-04-28,S004,P0002,112,20,0
2025-04-28,S004,P0003,55,20,0
2025-04-28,S004,P0004,90,20,0
2025-04-28,S004,P0005,101,20,0
2025-04-28,S004,P0006,109,20,0
2025-04-28,S004,P0007,70,20,0
2025-04-28,S004,P0008,100,20,0
2025-04-28,S004,P0009,96,20,0
2025-04-28,S004,P0010,112,20,0
2025-04-28,S005,P0001,75,20,0
2025-04-28,S005,P0002,42,20,0
2025-04-28,S005,P0003,72,20,0
2025-04-28,S005,P0004,21,20,0
2025-04-28,S005,P0005,81,20,0
2025-04-28,S005,P0006,43,20,0
2025-04-28,S005,P0007,62,20,0
2025-04-28,S005,P0008,25,20,0
2025-04-28,S005,P0009,35,20,0
2025-04-28,S005,P0010,105,20,0
2025-04-29,S001,P0001,51,20,0
2025-04-29,S001,P0002,106,20,0
2025-04-29,S001,P0003,20,20,0
2025-04-29,S001,P0004,24,20,0
2025-04-29,S001,P0005,71,20,0
2025-04-29,S001,P0006,104,20,0
2025-04-29,S001,P0007,40,20,0
2025-04-29,S001,P0008,84,20,0
2025-04-29,S001,P0009,62,20,0
2025-04-29,S001,P0010,30,20,0
2025-04-29,S002,P0001,67,20,0
2025-04-29,S002,P0002,29,20,0
2025-04-29,S002,P0003,59,20,0
2025-04-29,S002,P0004,95,20,0
2025-04-29,S002,P0005,113,20,0
2025-04-29,S002,P0006,80,20,0
2025-04-29,S002,P0007,86,20,0
2025-04-29,S002,P0008,55,20,0
2025-04-29,S002,P0009,26,20,0
2025-04-29,S002,P0010,116,20,0
2025-04-29,S003,P0001,90,20,0
2025-04-29,S003,P0002,115,20,0
2025-04-29,S003,P0003,73,20,0
2025-04-29,S003,P0004,77,20,0
2025-04-29,S003,P0005,21,20,0
2025-04-29,S003,P0006,119,20,0
2025-04-29,S003,P0007,91,20,0
2025-04-29,S003,P0008,79,20,0
2025-04-29,S003,P0009,89,20,0
2025-04-29,S003,P0010,55,20,0
2025-04-29,S004,P0001,65,20,0
2025-04-29,S004,P0002,112,20,0
2025-04-29,S004,P0003,53,20,0
2025-04-29,S004,P0004,89,20,0
2025-04-29,S004,P0005,100,20,0
2025-04-29,S004,P0006,108,20,0
2025-04-29,S004,P0007,68,20,0
2025-04-29,S004,P0008,95,20,0
2025-04-29,S004,P0009,94,20,0
2025-04-29,S004,P0010,112,20,0
2025-04-29,S005,P0001,73,20,0
2025-04-29,S005,P0002,41,20,0
2025-04-29,S005,P0003,71,20,0
2025-04-29,S005,P0004,118,20,0
2025-04-29,S005,P0005,80,20,0
2025-04-29,S005,P0006,41,20,0
2025-04-29,S005,P0007,62,20,0
2025-04-29,S005,P0008,24,20,0
2025-04-29,S005,P0009,32,20,0
2025-04-29,S005,P0010,105,20,0
2025-04-30,S001,P0001,49,20,0
2025-04-30,S001,P0002,105,20,0
2025-04-30,S001,P0003,20,20,0
2025-04-30,S001,P0004,22,20,0
2025-04-30,S001,P0005,66,20,0
2025-04-30,S001,P0006,102,20,0
2025-04-30,S001,P0007,39,20,0
2025-04-30,S001,P0008,84,20,0
2025-04-30,S001,P0009,59,20,0
2025-04-30,S001,P0010,27,20,0
2025-04-30,S002,P0001,66,20,0
2025-04-30,S002,P0002,29,20,0
2025-04-30,S002,P0003,59,20,0
2025-04-30,S002,P0004,95,20,0
2025-04-30,S002,P0005,112,20,0
2025-04-30,S002,P0006,80,20,0
2025-04-30,S002,P0007,85,20,0
2025-04-30,S002,P0008,53,20,0
2025-04-30,S002,P0009,23,20,0
2025-04-30,S002,P0010,116,20,0
2025-04-30,S003,P0001,89,20,0
2025-04-30,S003,P0002,115,20,0
2025-04-30,S003,P0003,72,20,0
2025-04-30,S003,P0004,76,20,0
2025-04-30,S003,P0005,119,20,0
2025-04-30,S003,P0006,119,20,0
2025-04-30,S003,P0007,90,20,0
2025-04-30,S003,P0008,78,20,0
2025-04-30,S003,P0009,88,20,0
2025-04-30,S003,P0010,54,20,0
2025-04-30,S004,P0001,65,20,0
2025-04-30,S004,P0002,108,20,0
2025-04-30,S004,P0003,51,20,0
2025-04-30,S004,P0004,88,20,0
2025-04-30,S004,P0005,98,20,0
2025-04-30,S004,P0006,108,20,0
2025-04-30,S004,P0007,68,20,0
2025-04-30,S004,P0008,93,20,0
2025-04-30,S004,P0009,93,20,0
2025-04-30,S004,P0010,109,20,0
2025-04-30,S005,P0001,68,20,0
2025-04-30,S005,P0002,39,20,0
2025-04-30,S005,P0003,71,20,0
2025-04-30,S005,P0004,118,20,0
2025-04-30,S005,P0005,76,20,0
2025-04-30,S005,P0006,40,20,0
2025-04-30,S005,P0007,62,20,0
2025-04-30,S005,P0008,24,20,0
2025-04-30,S005,P0009,31,20,0
2025-04-30,S005,P0010,104,20,0
2025-05-01,S001,P0001,48,20,0
2025-05-01,S001,P0002,104,20,0
2025-05-01,S001,P0003,20,20,0
2025-05-01,S001,P0004,21,20,0
2025-05-01,S001,P0005,61,20,0
2025-05-01,S001,P0006,102,20,0
2025-05-01,S001,P0007,38,20,0
2025-05-01,S001,P0008,84,20,0
2025-05-01,S001,P0009,56,20,0
2025-05-01,S001,P0010,26,20,0
2025-05-01,S002,P0001,66,20,0
2025-05-01,S002,P0002,28,20,0
2025-05-01,S002,P0003,57,20,0
2025-05-01,S002,P0004,94,20,0
2025-05-01,S002,P0005,108,20,0
2025-05-01,S002,P0006,78,20,0
2025-05-01,S002,P0007,85,20,0
2025-05-01,S002,P0008,53,20,0
2025-05-01,S002,P0009,21,20,0
2025-05-01,S002,P0010,115,20,0
2025-05-01,S003,P0001,86,20,0
2025-05-01,S003,P0002,113,20,0
2025-05-01,S003,P0003,70,20,0
2025-05-01,S003,P0004,76,20,0
2025-05-01,S003,P0005,117,20,0
2025-05-01,S003,P0006,118,20,0
2025-05-01,S003,P0007,89,20,0
2025-05-01,S003,P0008,74,20,0
2025-05-01,S003,P0009,88,20,0
2025-05-01,S003,P0010,53,20,0
2025-05-01,S004,P0001,63,20,0
2025-05-01,S004,P0002,107,20,0
2025-05-01,S004,P0003,48,20,0
2025-05-01,S004,P0004,88,20,0
2025-05-01,S004,P0005,96,20,0
2025-05-01,S004,P0006,108,20,0
2025-05-01,S004,P0007,68,20,0
2025-05-01,S004,P0008,92,20,0
2025-05-01,S004,P0009,92,20,0
2025-05-01,S004,P0010,109,20,0
2025-05-01,S005,P0001,65,20,0
2025-05-01,S005,P0002,37,20,0
2025-05-01,S005,P0003,71,20,0
2025-05-01,S005,P0004,118,20,0
2025-05-01,S005,P0005,74,20,0
2025-05-01,S005,P0006,39,20,0
2025-05-01,S005,P0007,61,20,0
2025-05-01,S005,P0008,23,20,0
2025-05-01,S005,P0009,28,20,0
2025-05-01,S005,P0010,103,20,0
2025-05-02,S001,P0001,46,20,0
2025-05-02,S001,P0002,103,20,0
2025-05-02,S001,P0003,119,20,0
2025-05-02,S001,P0004,116,20,0
2025-05-02,S001,P0005,57,20,0
2025-05-02,S001,P0006,102,20,0
2025-05-02,S001,P0007,37,20,0
2025-05-02,S001,P0008,84,20,0
2025-05-02,S001,P0009,52,20,0
2025-05-02,S001,P0010,26,20,0
2025-05-02,S002,P0001,63,20,0
2025-05-02,S002,P0002,26,20,0
2025-05-02,S002,P0003,56,20,0
2025-05-02,S002,P0004,94,20,0
2025-05-02,S002,P0005,108,20,0
2025-05-02,S002,P0006,77,20,0
2025-05-02,S002,P0007,82,20,0
2025-05-02,S002,P0008,52,20,0
2025-05-02,S002,P0009,119,20,0
2025-05-02,S002,P0010,113,20,0
2025-05-02,S003,P0001,86,20,0
2025-05-02,S003,P0002,109,20,0
2025-05-02,S003,P0003,69,20,0
2025-05-02,S003,P0004,74,20,0
2025-05-02,S003,P0005,114,20,0
2025-05-02,S003,P0006,118,20,0
2025-05-02,S003,P0007,87,20,0
2025-05-02,S003,P0008,72,20,0
2025-05-02,S003,P0009,87,20,0
2025-05-02,S003,P0010,53,20,0
2025-05-02,S004,P0001,60,20,0
2025-05-02,S004,P0002,103,20,0
2025-05-02,S004,P0003,48,20,0
2025-05-02,S004,P0004,88,20,0
2025-05-02,S004,P0005,94,20,0
2025-05-02,S004,P0006,108,20,0
2025-05-02,S004,P0007,65,20,0
2025-05-02,S004,P0008,92,20,0
2025-05-02,S004,P0009,90,20,0
2025-05-02,S004,P0010,109,20,0
2025-05-02,S005,P0001,64,20,0
2025-05-02,S005,P0002,37,20,0
2025-05-02,S005,P0003,71,20,0
2025-05-02,S005,P0004,116,20,0
2025-05-02,S005,P0005,69,20,0
2025-05-02,S005,P0006,39,20,0
2025-05-02,S005,P0007,58,20,0
2025-05-02,S005,P0008,21,20,0
2025-05-02,S005,P0009,28,20,0
2025-05-02,S005,P0010,103,20,0
2025-05-03,S001,P0001,45,20,0
2025-05-03,S001,P0002,99,20,0
2025-05-03,S001,P0003,115,20,0
2025-05-03,S001,P0004,116,20,0
2025-05-03,S001,P0005,52,20,0
2025-05-03,S001,P0006,101,20,0
2025-05-03,S001,P0007,35,20,0
2025-05-03,S001,P0008,84,20,0
2025-05-03,S001,P0009,49,20,0
2025-05-03,S001,P0010,24,20,0
2025-05-03,S002,P0001,63,20,0
2025-05-03,S002,P0002,24,20,0
2025-05-03,S002,P0003,55,20,0
2025-05-03,S002,P0004,94,20,0
2025-05-03,S002,P0005,106,20,0
2025-05-03,S002,P0006,77,20,0
2025-05-03,S002,P0007,82,20,0
2025-05-03,S002,P0008,51,20,0
2025-05-03,S002,P0009,118,20,0
2025-05-03,S002,P0010,111,20,0
2025-05-03,S003,P0001,84,20,0
2025-05-03,S003,P0002,109,20,0
2025-05-03,S003,P0003,68,20,0
2025-05-03,S003,P0004,73,20,0
2025-05-03,S003,P0005,110,20,0
2025-05-03,S003,P0006,117,20,0
2025-05-03,S003,P0007,87,20,0
2025-05-03,S003,P0008,71,20,0
2025-05-03,S003,P0009,86,20,0
2025-05-03,S003,P0010,51,20,0
2025-05-03,S004,P0001,59,20,0
2025-05-03,S004,P0002,102,20,0
2025-05-03,S004,P0003,46,20,0
2025-05-03,S004,P0004,88,20,0
2025-05-03,S004,P0005,91,20,0
2025-05-03,S004,P0006,105,20,0
2025-05-03,S004,P0007,65,20,0
2025-05-03,S004,P0008,92,20,0
2025-05-03,S004,P0009,90,20,0
2025-05-03,S004,P0010,107,20,0
2025-05-03,S005,P0001,61,20,0
2025-05-03,S005,P0002,35,20,0
2025-05-03,S005,P0003,71,20,0
2025-05-03,S005,P0004,115,20,0
2025-05-03,S005,P0005,65,20,0
2025-05-03,S005,P0006,39,20,0
2025-05-03,S005,P0007,58,20,0
2025-05-03,S005,P0008,21,20,0
2025-05-03,S005,P0009,25,20,0
2025-05-03,S005,P0010,102,20,0
2025-05-04,S001,P0001,42,20,0
2025-05-04,S001,P0002,98,20,0
2025-05-04,S001,P0003,114,20,0
2025-05-04,S001,P0004,116,20,0
2025-05-04,S001,P0005,50,20,0
2025-05-04,S001,P0006,100,20,0
2025-05-04,S001,P0007,35,20,0
2025-05-04,S001,P0008,83,20,0
2025-05-04,S001,P0009,47,20,0
2025-05-04,S001,P0010,23,20,0
2025-05-04,S002,P0001,61,20,0
2025-05-04,S002,P0002,21,20,0
2025-05-04,S002,P0003,52,20,0
2025-05-04,S002,P0004,93,20,0
2025-05-04,S002,P0005,101,20,0
2025-05-04,S002,P0006,76,20,0
2025-05-04,S002,P0007,81,20,0
2025-05-04,S002,P0008,49,20,0
2025-05-04,S002,P0009,116,20,0
2025-05-04,S002,P0010,109,20,0
2025-05-04,S003,P0001,84,20,0
2025-05-04,S003,P0002,106,20,0
2025-05-04,S003,P0003,67,20,0
2025-05-04,S003,P0004,73,20,0
2025-05-04,S003,P0005,107,20,0
2025-05-04,S003,P0006,116,20,0
2025-05-04,S003,P0007,87,20,0
2025-05-04,S003,P0008,70,20,0
2025-05-04,S003,P0009,85,20,0
2025-05-04,S003,P0010,49,20,0
2025-05-04,S004,P0001,59,20,0
2025-05-04,S004,P0002,102,20,0
2025-05-04,S004,P0003,45,20,0
2025-05-04,S004,P0004,86,20,0
2025-05-04,S004,P0005,88,20,0
2025-05-04,S004,P0006,105,20,0
2025-05-04,S004,P0007,64,20,0
2025-05-04,S004,P0008,92,20,0
2025-05-04,S004,P0009,87,20,0
2025-05-04,S004,P0010,106,20,0
2025-05-04,S005,P0001,60,20,0
2025-05-04,S005,P0002,32,20,0
2025-05-04,S005,P0003,69,20,0
2025-05-04,S005,P0004,115,20,0
2025-05-04,S005,P0005,62,20,0
2025-05-04,S005,P0006,39,20,0
2025-05-04,S005,P0007,58,20,0
2025-05-04,S005,P0008,118,20,0
2025-05-04,S005,P0009,24,20,0
2025-05-04,S005,P0010,99,20,0
2025-05-05,S001,P0001,39,20,0
2025-05-05,S001,P0002,98,20,0
2025-05-05,S001,P0003,114,20,0
2025-05-05,S001,P0004,115,20,0
2025-05-05,S001,P0005,49,20,0
2025-05-05,S001,P0006,99,20,0
2025-05-05,S001,P0007,34,20,0
2025-05-05,S001,P0008,82,20,0
2025-05-05,S001,P0009,46,20,0
2025-05-05,S001,P0010,20,20,0
2025-05-05,S002,P0001,59,20,0
2025-05-05,S002,P0002,119,20,0
2025-05-05,S002,P0003,50,20,0
2025-05-05,S002,P0004,91,20,0
2025-05-05,S002,P0005,98,20,0
2025-05-05,S002,P0006,74,20,0
2025-05-05,S002,P0007,78,20,0
2025-05-05,S002,P0008,46,20,0
2025-05-05,S002,P0009,115,20,0
2025-05-05,S002,P0010,106,20,0
2025-05-05,S003,P0001,83,20,0
2025-05-05,S003,P0002,105,20,0
2025-05-05,S003,P0003,66,20,0
2025-05-05,S003,P0004,72,20,0
2025-05-05,S003,P0005,105,20,0
2025-05-05,S003,P0006,116,20,0
2025-05-05,S003,P0007,87,20,0
2025-05-05,S003,P0008,68,20,0
2025-05-05,S003,P0009,82,20,0
2025-05-05,S003,P0010,46,20,0
2025-05-05,S004,P0001,59,20,0
2025-05-05,S004,P0002,101,20,0
2025-05-05,S004,P0003,44,20,0
2025-05-05,S004,P0004,85,20,0
2025-05-05,S004,P0005,86,20,0
2025-05-05,S004,P0006,103,20,0
2025-05-05,S004,P0007,61,20,0
2025-05-05,S004,P0008,92,20,0
2025-05-05,S004,P0009,84,20,0
2025-05-05,S004,P0010,104,20,0
2025-05-05,S005,P0001,59,20,0
2025-05-05,S005,P0002,30,20,0
2025-05-05,S005,P0003,68,20,0
2025-05-05,S005,P0004,113,20,0
2025-05-05,S005,P0005,61,20,0
2025-05-05,S005,P0006,39,20,0
2025-05-05,S005,P0007,56,20,0
2025-05-05,S005,P0008,117,20,0
2025-05-05,S005,P0009,22,20,0
2025-05-05,S005,P0010,99,20,0
2025-05-06,S001,P0001,37,20,0
2025-05-06,S001,P0002,98,20,0
2025-05-06,S001,P0003,114,20,0
2025-05-06,S001,P0004,111,20,0
2025-05-06,S001,P0005,48,20,0
2025-05-06,S001,P0006,98,20,0
2025-05-06,S001,P0007,34,20,0
2025-05-06,S001,P0008,81,20,0
2025-05-06,S001,P0009,44,20,0
2025-05-06,S001,P0010,118,20,0
2025-05-06,S002,P0001,57,20,0
2025-05-06,S002,P0002,118,20,0
2025-05-06,S002,P0003,49,20,0
2025-05-06,S002,P0004,91,20,0
2025-05-06,S002,P0005,98,20,0
2025-05-06,S002,P0006,74,20,0
2025-05-06,S002,P0007,77,20,0
2025-05-06,S002,P0008,45,20,0
2025-05-06,S002,P0009,114,20,0
2025-05-06,S002,P0010,105,20,0
2025-05-06,S003,P0001,81,20,0
2025-05-06,S003,P0002,105,20,0
2025-05-06,S003,P0003,65,20,0
2025-05-06,S003,P0004,70,20,0
2025-05-06,S003,P0005,105,20,0
2025-05-06,S003,P0006,114,20,0
2025-05-06,S003,P0007,87,20,0
2025-05-06,S003,P0008,68,20,0
2025-05-06,S003,P0009,81,20,0
2025-05-06,S003,P0010,46,20,0
2025-05-06,S004,P0001,56,20,0
2025-05-06,S004,P0002,100,20,0
2025-05-06,S004,P0003,44,20,0
2025-05-06,S004,P0004,85,20,0
2025-05-06,S004,P0005,85,20,0
2025-05-06,S004,P0006,102,20,0
2025-05-06,S004,P0007,61,20,0
2025-05-06,S004,P0008,91,20,0
2025-05-06,S004,P0009,82,20,0
2025-05-06,S004,P0010,102,20,0
2025-05-06,S005,P0001,58,20,0
2025-05-06,S005,P0002,28,20,0
2025-05-06,S005,P0003,67,20,0
2025-05-06,S005,P0004,111,20,0
2025-05-06,S005,P0005,59,20,0
2025-05-06,S005,P0006,39,20,0
2025-05-06,S005,P0007,56,20,0
2025-05-06,S005,P0008,114,20,0
2025-05-06,S005,P0009,119,20,0
2025-05-06,S005,P0010,98,20,0
2025-05-07,S001,P0001,35,20,0
2025-05-07,S001,P0002,96,20,0
2025-05-07,S001,P0003,114,20,0
2025-05-07,S001,P0004,109,20,0
2025-05-07,S001,P0005,47,20,0
2025-05-07,S001,P0006,98,20,0
2025-05-07,S001,P0007,33,20,0
2025-05-07,S001,P0008,80,20,0
2025-05-07,S001,P0009,41,20,0
2025-05-07,S001,P0010,118,20,0
2025-05-07,S002,P0001,55,20,0
2025-05-07,S002,P0002,117,20,0
2025-05-07,S002,P0003,49,20,0
2025-05-07,S002,P0004,87,20,0
2025-05-07,S002,P0005,96,20,0
2025-05-07,S002,P0006,73,20,0
2025-05-07,S002,P0007,77,20,0
2025-05-07,S002,P0008,44,20,0
2025-05-07,S002,P0009,113,20,0
2025-05-07,S002,P0010,104,20,0
2025-05-07,S003,P0001,80,20,0
2025-05-07,S003,P0002,101,20,0
2025-05-07,S003,P0003,64,20,0
2025-05-07,S003,P0004,70,20,0
2025-05-07,S003,P0005,103,20,0
2025-05-07,S003,P0006,114,20,0
2025-05-07,S003,P0007,87,20,0
2025-05-07,S003,P0008,68,20,0
2025-05-07,S003,P0009,79,20,0
2025-05-07,S003,P0010,43,20,0
2025-05-07,S004,P0001,51,20,0
2025-05-07,S004,P0002,95,20,0
2025-05-07,S004,P0003,43,20,0
2025-05-07,S004,P0004,85,20,0
2025-05-07,S004,P0005,79,20,0
2025-05-07,S004,P0006,102,20,0
2025-05-07,S004,P0007,60,20,0
2025-05-07,S004,P0008,91,20,0
2025-05-07,S004,P0009,79,20,0
2025-05-07,S004,P0010,99,20,0
2025-05-07,S005,P0001,57,20,0
2025-05-07,S005,P0002,26,20,0
2025-05-07,S005,P0003,65,20,0
2025-05-07,S005,P0004,111,20,0
2025-05-07,S005,P0005,55,20,0
2025-05-07,S005,P0006,39,20,0
2025-05-07,S005,P0007,54,20,0
2025-05-07,S005,P0008,113,20,0
2025-05-07,S005,P0009,117,20,0
2025-05-07,S005,P0010,97,20,0
2025-05-08,S001,P0001,34,20,0
2025-05-08,S001,P0002,91,20,0
2025-05-08,S001,P0003,113,20,0
2025-05-08,S001,P0004,109,20,0
2025-05-08,S001,P0005,44,20,0
2025-05-08,S001,P0006,96,20,0
2025-05-08,S001,P0007,33,20,0
2025-05-08,S001,P0008,79,20,0
2025-05-08,S001,P0009,37,20,0
2025-05-08,S001,P0010,118,20,0
2025-05-08,S002,P0001,53,20,0
2025-05-08,S002,P0002,115,20,0
2025-05-08,S002,P0003,48,20,0
2025-05-08,S002,P0004,85,20,0
2025-05-08,S002,P0005,93,20,0
2025-05-08,S002,P0006,73,20,0
2025-05-08,S002,P0007,74,20,0
2025-05-08,S002,P0008,42,20,0
2025-05-08,S002,P0009,110,20,0
2025-05-08,S002,P0010,103,20,0
2025-05-08,S003,P0001,80,20,0
2025-05-08,S003,P0002,101,20,0
2025-05-08,S003,P0003,63,20,0
2025-05-08,S003,P0004,69,20,0
2025-05-08,S003,P0005,101,20,0
2025-05-08,S003,P0006,112,20,0
2025-05-08,S003,P0007,86,20,0
2025-05-08,S003,P0008,67,20,0
2025-05-08,S003,P0009,78,20,0
2025-05-08,S003,P0010,41,20,0
2025-05-08,S004,P0001,51,20,0
2025-05-08,S004,P0002,94,20,0
2025-05-08,S004,P0003,42,20,0
2025-05-08,S004,P0004,85,20,0
2025-05-08,S004,P0005,76,20,0
2025-05-08,S004,P0006,101,20,0
2025-05-08,S004,P0007,60,20,0
2025-05-08,S004,P0008,90,20,0
2025-05-08,S004,P0009,77,20,0
2025-05-08,S004,P0010,97,20,0
2025-05-08,S005,P0001,56,20,0
2025-05-08,S005,P0002,21,20,0
2025-05-08,S005,P0003,65,20,0
2025-05-08,S005,P0004,111,20,0
2025-05-08,S005,P0005,51,20,0
2025-05-08,S005,P0006,39,20,0
2025-05-08,S005,P0007,54,20,0
2025-05-08,S005,P0008,113,20,0
2025-05-08,S005,P0009,115,20,0
2025-05-08,S005,P0010,94,20,0
2025-05-09,S001,P0001,31,20,0
2025-05-09,S001,P0002,88,20,0
2025-05-09,S001,P0003,112,20,0
2025-05-09,S001,P0004,109,20,0
2025-05-09,S001,P0005,44,20,0
2025-05-09,S001,P0006,96,20,0
2025-05-09,S001,P0007,32,20,0
2025-05-09,S001,P0008,77,20,0
2025-05-09,S001,P0009,35,20,0
2025-05-09,S001,P0010,117,20,0
2025-05-09,S002,P0001,52,20,0
2025-05-09,S002,P0002,115,20,0
2025-05-09,S002,P0003,46,20,0
2025-05-09,S002,P0004,84,20,0
2025-05-09,S002,P0005,87,20,0
2025-05-09,S002,P0006,72,20,0
2025-05-09,S002,P0007,73,20,0
2025-05-09,S002,P0008,42,20,0
2025-05-09,S002,P0009,108,20,0
2025-05-09,S002,P0010,102,20,0
2025-05-09,S003,P0001,80,20,0
2025-05-09,S003,P0002,100,20,0
2025-05-09,S003,P0003,63,20,0
2025-05-09,S003,P0004,68,20,0
2025-05-09,S003,P0005,99,20,0
2025-05-09,S003,P0006,111,20,0
2025-05-09,S003,P0007,86,20,0
2025-05-09,S003,P0008,66,20,0
2025-05-09,S003,P0009,78,20,0
2025-05-09,S003,P0010,39,20,0
2025-05-09,S004,P0001,50,20,0
2025-05-09,S004,P0002,93,20,0
2025-05-09,S004,P0003,40,20,0
2025-05-09,S004,P0004,84,20,0
2025-05-09,S004,P0005,72,20,0
2025-05-09,S004,P0006,101,20,0
2025-05-09,S004,P0007,60,20,0
2025-05-09,S004,P0008,89,20,0
2025-05-09,S004,P0009,75,20,0
2025-05-09,S004,P0010,96,20,0
2025-05-09,S005,P0001,53,20,0
2025-05-09,S005,P0002,116,20,0
2025-05-09,S005,P0003,64,20,0
2025-05-09,S005,P0004,107,20,0
2025-05-09,S005,P0005,49,20,0
2025-05-09,S005,P0006,38,20,0
2025-05-09,S005,P0007,53,20,0
2025-05-09,S005,P0008,113,20,0
2025-05-09,S005,P0009,113,20,0
2025-05-09,S005,P0010,92,20,0
2025-05-10,S001,P0001,27,20,0
2025-05-10,S001,P0002,86,20,0
2025-05-10,S001,P0003,112,20,0
2025-05-10,S001,P0004,108,20,0
2025-05-10,S001,P0005,42,20,0
2025-05-10,S001,P0006,94,20,0
2025-05-10,S001,P0007,32,20,0
2025-05-10,S001,P0008,77,20,0
2025-05-10,S001,P0009,32,20,0
2025-05-10,S001,P0010,117,20,0
2025-05-10,S002,P0001,52,20,0
2025-05-10,S002,P0002,113,20,0
2025-05-10,S002,P0003,43,20,0
2025-05-10,S002,P0004,82,20,0
2025-05-10,S002,P0005,84,20,0
2025-05-10,S002,P0006,72,20,0
2025-05-10,S002,P0007,73,20,0
2025-05-10,S002,P0008,41,20,0
2025-05-10,S002,P0009,107,20,0
2025-05-10,S002,P0010,102,20,0
2025-05-10,S003,P0001,77,20,0
2025-05-10,S003,P0002,98,20,0
2025-05-10,S003,P0003,63,20,0
2025-05-10,S003,P0004,66,20,0
2025-05-10,S003,P0005,98,20,0
2025-05-10,S003,P0006,111,20,0
2025-05-10,S003,P0007,85,20,0
2025-05-10,S003,P0008,66,20,0
2025-05-10,S003,P0009,77,20,0
2025-05-10,S003,P0010,38,20,0
2025-05-10,S004,P0001,47,20,0
2025-05-10,S004,P0002,92,20,0
2025-05-10,S004,P0003,40,20,0
2025-05-10,S004,P0004,84,20,0
2025-05-10,S004,P0005,68,20,0
2025-05-10,S004,P0006,100,20,0
2025-05-10,S004,P0007,60,20,0
2025-05-10,S004,P0008,88,20,0
2025-05-10,S004,P0009,71,20,0
2025-05-10,S004,P0010,93,20,0
2025-05-10,S005,P0001,52,20,0
2025-05-10,S005,P0002,116,20,0
2025-05-10,S005,P0003,64,20,0
2025-05-10,S005,P0004,107,20,0
2025-05-10,S005,P0005,44,20,0
2025-05-10,S005,P0006,38,20,0
2025-05-10,S005,P0007,53,20,0
2025-05-10,S005,P0008,112,20,0
2025-05-10,S005,P0009,112,20,0
2025-05-10,S005,P0010,91,20,0
2025-05-11,S001,P0001,25,20,0
2025-05-11,S001,P0002,83,20,0
2025-05-11,S001,P0003,111,20,0
2025-05-11,S001,P0004,108,20,0
2025-05-11,S001,P0005,40,20,0
2025-05-11,S001,P0006,94,20,0
2025-05-11,S001,P0007,32,20,0
2025-05-11,S001,P0008,73,20,0
2025-05-11,S001,P0009,31,20,0
2025-05-11,S001,P0010,117,20,0
2025-05-11,S002,P0001,50,20,0
2025-05-11,S002,P0002,110,20,0
2025-05-11,S002,P0003,43,20,0
2025-05-11,S002,P0004,82,20,0
2025-05-11,S002,P0005,83,20,0
2025-05-11,S002,P0006,72,20,0
2025-05-11,S002,P0007,72,20,0
2025-05-11,S002,P0008,40,20,0
2025-05-11,S002,P0009,105,20,0
2025-05-11,S002,P0010,102,20,0
2025-05-11,S003,P0001,77,20,0
2025-05-11,S003,P0002,96,20,0
2025-05-11,S003,P0003,59,20,0
2025-05-11,S003,P0004,65,20,0
2025-05-11,S003,P0005,97,20,0
2025-05-11,S003,P0006,111,20,0
2025-05-11,S003,P0007,83,20,0
2025-05-11,S003,P0008,64,20,0
2025-05-11,S003,P0009,76,20,0
2025-05-11,S003,P0010,38,20,0
2025-05-11,S004,P0001,45,20,0
2025-05-11,S004,P0002,92,20,0
2025-05-11,S004,P0003,39,20,0
2025-05-11,S004,P0004,84,20,0
2025-05-11,S004,P0005,65,20,0
2025-05-11,S004,P0006,100,20,0
2025-05-11,S004,P0007,59,20,0
2025-05-11,S004,P0008,87,20,0
2025-05-11,S004,P0009,69,20,0
2025-05-11,S004,P0010,91,20,0
2025-05-11,S005,P0001,49,20,0
2025-05-11,S005,P0002,115,20,0
2025-05-11,S005,P0003,63,20,0
2025-05-11,S005,P0004,107,20,0
2025-05-11,S005,P0005,41,20,0
2025-05-11,S005,P0006,38,20,0
2025-05-11,S005,P0007,53,20,0
2025-05-11,S005,P0008,107,20,0
2025-05-11,S005,P0009,110,20,0
2025-05-11,S005,P0010,91,20,0
2025-05-12,S001,P0001,25,20,0
2025-05-12,S001,P0002,82,20,0
2025-05-12,S001,P0003,110,20,0
2025-05-12,S001,P0004,108,20,0
2025-05-12,S001,P0005,38,20,0
2025-05-12,S001,P0006,94,20,0
2025-05-12,S001,P0007,28,20,0
2025-05-12,S001,P0008,71,20,0
2025-05-12,S001,P0009,31,20,0
2025-05-12,S001,P0010,116,20,0
2025-05-12,S002,P0001,50,20,0
2025-05-12,S002,P0002,107,20,0
2025-05-12,S002,P0003,42,20,0
2025-05-12,S002,P0004,80,20,0
2025-05-12,S002,P0005,79,20,0
2025-05-12,S002,P0006,70,20,0
2025-05-12,S002,P0007,72,20,0
2025-05-12,S002,P0008,40,20,0
2025-05-12,S002,P0009,104,20,0
2025-05-12,S002,P0010,100,20,0
2025-05-12,S003,P0001,74,20,0
2025-05-12,S003,P0002,96,20,0
2025-05-12,S003,P0003,55,20,0
2025-05-12,S003,P0004,65,20,0
2025-05-12,S003,P0005,94,20,0
2025-05-12,S003,P0006,111,20,0
2025-05-12,S003,P0007,81,20,0
2025-05-12,S003,P0008,62,20,0
2025-05-12,S003,P0009,74,20,0
2025-05-12,S003,P0010,36,20,0
2025-05-12,S004,P0001,44,20,0
2025-05-12,S004,P0002,89,20,0
2025-05-12,S004,P0003,38,20,0
2025-05-12,S004,P0004,84,20,0
2025-05-12,S004,P0005,61,20,0
2025-05-12,S004,P0006,98,20,0
2025-05-12,S004,P0007,59,20,0
2025-05-12,S004,P0008,84,20,0
2025-05-12,S004,P0009,67,20,0
2025-05-12,S004,P0010,89,20,0
2025-05-12,S005,P0001,44,20,0
2025-05-12,S005,P0002,113,20,0
2025-05-12,S005,P0003,62,20,0
2025-05-12,S005,P0004,106,20,0
2025-05-12,S005,P0005,39,20,0
2025-05-12,S005,P0006,38,20,0
2025-05-12,S005,P0007,50,20,0
2025-05-12,S005,P0008,107,20,0
2025-05-12,S005,P0009,108,20,0
2025-05-12,S005,P0010,91,20,0
2025-05-13,S001,P0001,24,20,0
2025-05-13,S001,P0002,82,20,0
2025-05-13,S001,P0003,109,20,0
2025-05-13,S001,P0004,108,20,0
2025-05-13,S001,P0005,37,20,0
2025-05-13,S001,P0006,94,20,0
2025-05-13,S001,P0007,27,20,0
2025-05-13,S001,P0008,71,20,0
2025-05-13,S001,P0009,29,20,0
2025-05-13,S001,P0010,115,20,0
2025-05-13,S002,P0001,47,20,0
2025-05-13,S002,P0002,107,20,0
2025-05-13,S002,P0003,38,20,0
2025-05-13,S002,P0004,78,20,0
2025-05-13,S002,P0005,77,20,0
2025-05-13,S002,P0006,70,20,0
2025-05-13,S002,P0007,69,20,0
2025-05-13,S002,P0008,37,20,0
2025-05-13,S002,P0009,104,20,0
2025-05-13,S002,P0010,97,20,0
2025-05-13,S003,P0001,72,20,0
2025-05-13,S003,P0002,93,20,0
2025-05-13,S003,P0003,55,20,0
2025-05-13,S003,P0004,65,20,0
2025-05-13,S003,P0005,88,20,0
2025-05-13,S003,P0006,110,20,0
2025-05-13,S003,P0007,80,20,0
2025-05-13,S003,P0008,62,20,0
2025-05-13,S003,P0009,71,20,0
2025-05-13,S003,P0010,35,20,0
2025-05-13,S004,P0001,43,20,0
2025-05-13,S004,P0002,88,20,0
2025-05-13,S004,P0003,38,20,0
2025-05-13,S004,P0004,84,20,0
2025-05-13,S004,P0005,57,20,0
2025-05-13,S004,P0006,95,20,0
2025-05-13,S004,P0007,59,20,0
2025-05-13,S004,P0008,83,20,0
2025-05-13,S004,P0009,64,20,0
2025-05-13,S004,P0010,88,20,0
2025-05-13,S005,P0001,43,20,0
2025-05-13,S005,P0002,111,20,0
2025-05-13,S005,P0003,61,20,0
2025-05-13,S005,P0004,105,20,0
2025-05-13,S005,P0005,37,20,0
2025-05-13,S005,P0006,38,20,0
2025-05-13,S005,P0007,49,20,0
2025-05-13,S005,P0008,104,20,0
2025-05-13,S005,P0009,106,20,0
2025-05-13,S005,P0010,89,20,0
2025-05-14,S001,P0001,23,20,0
2025-05-14,S001,P0002,80,20,0
2025-05-14,S001,P0003,107,20,0
2025-05-14,S001,P0004,107,20,0
2025-05-14,S001,P0005,33,20,0
2025-05-14,S001,P0006,94,20,0
2025-05-14,S001,P0007,25,20,0
2025-05-14,S001,P0008,71,20,0
2025-05-14,S001,P0009,27,20,0
2025-05-14,S001,P0010,114,20,0
2025-05-14,S002,P0001,45,20,0
2025-05-14,S002,P0002,104,20,0
2025-05-14,S002,P0003,35,20,0
2025-05-14,S002,P0004,77,20,0
2025-05-14,S002,P0005,75,20,0
2025-05-14,S002,P0006,70,20,0
2025-05-14,S002,P0007,69,20,0
2025-05-14,S002,P0008,35,20,0
2025-05-14,S002,P0009,103,20,0
2025-05-14,S002,P0010,95,20,0
2025-05-14,S003,P0001,70,20,0
2025-05-14,S003,P0002,92,20,0
2025-05-14,S003,P0003,55,20,0
2025-05-14,S003,P0004,65,20,0
2025-05-14,S003,P0005,87,20,0
2025-05-14,S003,P0006,110,20,0
2025-05-14,S003,P0007,79,20,0
2025-05-14,S003,P0008,61,20,0
2025-05-14,S003,P0009,70,20,0
2025-05-14,S003,P0010,32,20,0
2025-05-14,S004,P0001,42,20,0
2025-05-14,S004,P0002,84,20,0
2025-05-14,S004,P0003,36,20,0
2025-05-14,S004,P0004,84,20,0
2025-05-14,S004,P0005,56,20,0
2025-05-14,S004,P0006,95,20,0
2025-05-14,S004,P0007,59,20,0
2025-05-14,S004,P0008,83,20,0
2025-05-14,S004,P0009,62,20,0
2025-05-14,S004,P0010,87,20,0
2025-05-14,S005,P0001,42,20,0
2025-05-14,S005,P0002,109,20,0
2025-05-14,S005,P0003,60,20,0
2025-05-14,S005,P0004,104,20,0
2025-05-14,S005,P0005,34,20,0
2025-05-14,S005,P0006,38,20,0
2025-05-14,S005,P0007,49,20,0
2025-05-14,S005,P0008,101,20,0
2025-05-14,S005,P0009,103,20,0
2025-05-14,S005,P0010,88,20,0
2025-05-15,S001,P0001,23,20,0
2025-05-15,S001,P0002,76,20,0
2025-05-15,S001,P0003,107,20,0
2025-05-15,S001,P0004,107,20,0
2025-05-15,S001,P0005,29,20,0
2025-05-15,S001,P0006,93,20,0
2025-05-15,S001,P0007,25,20,0
2025-05-15,S001,P0008,71,20,0
2025-05-15,S001,P0009,26,20,0
2025-05-15,S001,P0010,113,20,0
2025-05-15,S002,P0001,44,20,0
2025-05-15,S002,P0002,103,20,0
2025-05-15,S002,P0003,34,20,0
2025-05-15,S002,P0004,75,20,0
2025-05-15,S002,P0005,68,20,0
2025-05-15,S002,P0006,70,20,0
2025-05-15,S002,P0007,67,20,0
2025-05-15,S002,P0008,34,20,0
2025-05-15,S002,P0009,103,20,0
2025-05-15,S002,P0010,95,20,0
2025-05-15,S003,P0001,69,20,0
2025-05-15,S003,P0002,89,20,0
2025-05-15,S003,P0003,55,20,0
2025-05-15,S003,P0004,65,20,0
2025-05-15,S003,P0005,83,20,0
2025-05-15,S003,P0006,110,20,0
2025-05-15,S003,P0007,79,20,0
2025-05-15,S003,P0008,58,20,0
2025-05-15,S003,P0009,68,20,0
2025-05-15,S003,P0010,31,20,0
2025-05-15,S004,P0001,41,20,0
2025-05-15,S004,P0002,79,20,0
2025-05-15,S004,P0003,36,20,0
2025-05-15,S004,P0004,83,20,0
2025-05-15,S004,P0005,55,20,0
2025-05-15,S004,P0006,94,20,0
2025-05-15,S004,P0007,59,20,0
2025-05-15,S004,P0008,82,20,0
2025-05-15,S004,P0009,62,20,0
2025-05-15,S004,P0010,84,20,0
2025-05-15,S005,P0001,40,20,0
2025-05-15,S005,P0002,109,20,0
2025-05-15,S005,P0003,58,20,0
2025-05-15,S005,P0004,104,20,0
2025-05-15,S005,P0005,31,20,0
2025-05-15,S005,P0006,36,20,0
2025-05-15,S005,P0007,48,20,0
2025-05-15,S005,P0008,101,20,0
2025-05-15,S005,P0009,101,20,0
2025-05-15,S005,P0010,86,20,0
2025-05-16,S001,P0001,21,20,0
2025-05-16,S001,P0002,74,20,0
2025-05-16,S001,P0003,107,20,0
2025-05-16,S001,P0004,106,20,0
2025-05-16,S001,P0005,26,20,0
2025-05-16,S001,P0006,92,20,0
2025-05-16,S001,P0007,23,20,0
2025-05-16,S001,P0008,71,20,0
2025-05-16,S001,P0009,24,20,0
2025-05-16,S001,P0010,110,20,0
2025-05-16,S002,P0001,40,20,0
2025-05-16,S002,P0002,102,20,0
2025-05-16,S002,P0003,32,20,0
2025-05-16,S002,P0004,75,20,0
2025-05-16,S002,P0005,65,20,0
2025-05-16,S002,P0006,69,20,0
2025-05-16,S002,P0007,67,20,0
2025-05-16,S002,P0008,33,20,0
2025-05-16,S002,P0009,102,20,0
2025-05-16,S002,P0010,95,20,0
2025-05-16,S003,P0001,69,20,0
2025-05-16,S003,P0002,88,20,0
2025-05-16,S003,P0003,53,20,0
2025-05-16,S003,P0004,64,20,0
2025-05-16,S003,P0005,82,20,0
2025-05-16,S003,P0006,110,20,0
2025-05-16,S003,P0007,77,20,0
2025-05-16,S003,P0008,56,20,0
2025-05-16,S003,P0009,65,20,0
2025-05-16,S003,P0010,29,20,0
2025-05-16,S004,P0001,41,20,0
2025-05-16,S004,P0002,79,20,0
2025-05-16,S004,P0003,34,20,0
2025-05-16,S004,P0004,83,20,0
2025-05-16,S004,P0005,52,20,0
2025-05-16,S004,P0006,94,20,0
2025-05-16,S004,P0007,58,20,0
2025-05-16,S004,P0008,82,20,0
2025-05-16,S004,P0009,62,20,0
2025-05-16,S004,P0010,83,20,0
2025-05-16,S005,P0001,40,20,0
2025-05-16,S005,P0002,109,20,0
2025-05-16,S005,P0003,58,20,0
2025-05-16,S005,P0004,104,20,0
2025-05-16,S005,P0005,31,20,0
2025-05-16,S005,P0006,36,20,0
2025-05-16,S005,P0007,48,20,0
2025-05-16,S005,P0008,101,20,0
2025-05-16,S005,P0009,99,20,0
2025-05-16,S005,P0010,85,20,0
2025-05-17,S001,P0001,20,20,0
2025-05-17,S001,P0002,73,20,0
2025-05-17,S001,P0003,107,20,0
2025-05-17,S001,P0004,103,20,0
2025-05-17,S001,P0005,24,20,0
2025-05-17,S001,P0006,90,20,0
2025-05-17,S001,P0007,21,20,0
2025-05-17,S001,P0008,69,20,0
2025-05-17,S001,P0009,23,20,0
2025-05-17,S001,P0010,108,20,0
2025-05-17,S002,P0001,40,20,0
2025-05-17,S002,P0002,102,20,0
2025-05-17,S002,P0003,32,20,0
2025-05-17,S002,P0004,75,20,0
2025-05-17,S002,P0005,63,20,0
2025-05-17,S002,P0006,68,20,0
2025-05-17,S002,P0007,67,20,0
2025-05-17,S002,P0008,31,20,0
2025-05-17,S002,P0009,99,20,0
2025-05-17,S002,P0010,91,20,0
2025-05-17,S003,P0001,68,20,0
2025-05-17,S003,P0002,84,20,0
2025-05-17,S003,P0003,53,20,0
2025-05-17,S003,P0004,64,20,0
2025-05-17,S003,P0005,82,20,0
2025-05-17,S003,P0006,108,20,0
2025-05-17,S003,P0007,77,20,0
2025-05-17,S003,P0008,55,20,0
2025-05-17,S003,P0009,64,20,0
2025-05-17,S003,P0010,28,20,0
2025-05-17,S004,P0001,38,20,0
2025-05-17,S004,P0002,75,20,0
2025-05-17,S004,P0003,33,20,0
2025-05-17,S004,P0004,82,20,0
2025-05-17,S004,P0005,50,20,0
2025-05-17,S004,P0006,93,20,0
2025-05-17,S004,P0007,55,20,0
2025-05-17,S004,P0008,77,20,0
2025-05-17,S004,P0009,60,20,0
2025-05-17,S004,P0010,83,20,0
2025-05-17,S005,P0001,39,20,0
2025-05-17,S005,P0002,108,20,0
2025-05-17,S005,P0003,57,20,0
2025-05-17,S005,P0004,103,20,0
2025-05-17,S005,P0005,27,20,0
2025-05-17,S005,P0006,36,20,0
2025-05-17,S005,P0007,46,20,0
2025-05-17,S005,P0008,100,20,0
2025-05-17,S005,P0009,98,20,0
2025-05-17,S005,P0010,81,20,0
2025-05-18,S001,P0001,118,20,0
2025-05-18,S001,P0002,72,20,0
2025-05-18,S001,P0003,106,20,0
2025-05-18,S001,P0004,100,20,0
2025-05-18,S001,P0005,22,20,0
2025-05-18,S001,P0006,89,20,0
2025-05-18,S001,P0007,21,20,0
2025-05-18,S001,P0008,66,20,0
2025-05-18,S001,P0009,22,20,0
2025-05-18,S001,P0010,105,20,0
2025-05-18,S002,P0001,39,20,0
2025-05-18,S002,P0002,100,20,0
2025-05-18,S002,P0003,31,20,0
2025-05-18,S002,P0004,74,20,0
2025-05-18,S002,P0005,61,20,0
2025-05-18,S002,P0006,67,20,0
2025-05-18,S002,P0007,67,20,0
2025-05-18,S002,P0008,31,20,0
2025-05-18,S002,P0009,97,20,0
2025-05-18,S002,P0010,90,20,0
2025-05-18,S003,P0001,67,20,0
2025-05-18,S003,P0002,83,20,0
2025-05-18,S003,P0003,51,20,0
2025-05-18,S003,P0004,64,20,0
2025-05-18,S003,P0005,80,20,0
2025-05-18,S003,P0006,107,20,0
2025-05-18,S003,P0007,77,20,0
2025-05-18,S003,P0008,54,20,0
2025-05-18,S003,P0009,63,20,0
2025-05-18,S003,P0010,27,20,0
2025-05-18,S004,P0001,36,20,0
2025-05-18,S004,P0002,73,20,0
2025-05-18,S004,P0003,30,20,0
2025-05-18,S004,P0004,81,20,0
2025-05-18,S004,P0005,47,20,0
2025-05-18,S004,P0006,92,20,0
2025-05-18,S004,P0007,54,20,0
2025-05-18,S004,P0008,76,20,0
2025-05-18,S004,P0009,57,20,0
2025-05-18,S004,P0010,81,20,0
2025-05-18,S005,P0001,38,20,0
2025-05-18,S005,P0002,106,20,0
2025-05-18,S005,P0003,55,20,0
2025-05-18,S005,P0004,101,20,0
2025-05-18,S005,P0005,25,20,0
2025-05-18,S005,P0006,36,20,0
2025-05-18,S005,P0007,46,20,0
2025-05-18,S005,P0008,99,20,0
2025-05-18,S005,P0009,96,20,0
2025-05-18,S005,P0010,80,20,0
2025-05-19,S001,P0001,118,20,0
2025-05-19,S001,P0002,69,20,0
2025-05-19,S001,P0003,105,20,0
2025-05-19,S001,P0004,98,20,0
2025-05-19,S001,P0005,21,20,0
2025-05-19,S001,P0006,87,20,0
2025-05-19,S001,P0007,119,20,0
2025-05-19,S001,P0008,64,20,0
2025-05-19,S001,P0009,20,20,0
2025-05-19,S001,P0010,104,20,0
2025-05-19,S002,P0001,38,20,0
2025-05-19,S002,P0002,99,20,0
2025-05-19,S002,P0003,27,20,0
2025-05-19,S002,P0004,73,20,0
2025-05-19,S002,P0005,60,20,0
2025-05-19,S002,P0006,66,20,0
2025-05-19,S002,P0007,66,20,0
2025-05-19,S002,P0008,28,20,0
2025-05-19,S002,P0009,96,20,0
2025-05-19,S002,P0010,89,20,0
2025-05-19,S003,P0001,66,20,0
2025-05-19,S003,P0002,81,20,0
2025-05-19,S003,P0003,51,20,0
2025-05-19,S003,P0004,63,20,0
2025-05-19,S003,P0005,78,20,0
2025-05-19,S003,P0006,107,20,0
2025-05-19,S003,P0007,76,20,0
2025-05-19,S003,P0008,54,20,0
2025-05-19,S003,P0009,61,20,0
2025-05-19,S003,P0010,25,20,0
2025-05-19,S004,P0001,34,20,0
2025-05-19,S004,P0002,72,20,0
2025-05-19,S004,P0003,25,20,0
2025-05-19,S004,P0004,81,20,0
2025-05-19,S004,P0005,43,20,0
2025-05-19,S004,P0006,92,20,0
2025-05-19,S004,P0007,53,20,0
2025-05-19,S004,P0008,74,20,0
2025-05-19,S004,P0009,56,20,0
2025-05-19,S004,P0010,79,20,0
2025-05-19,S005,P0001,36,20,0
2025-05-19,S005,P0002,104,20,0
2025-05-19,S005,P0003,53,20,0
2025-05-19,S005,P0004,99,20,0
2025-05-19,S005,P0005,23,20,0
2025-05-19,S005,P0006,36,20,0
2025-05-19,S005,P0007,45,20,0
2025-05-19,S005,P0008,98,20,0
2025-05-19,S005,P0009,95,20,0
2025-05-19,S005,P0010,78,20,0
2025-05-20,S001,P0001,117,20,0
2025-05-20,S001,P0002,67,20,0
2025-05-20,S001,P0003,104,20,0
2025-05-20,S001,P0004,96,20,0
2025-05-20,S001,P0005,119,20,0
2025-05-20,S001,P0006,86,20,0
2025-05-20,S001,P0007,118,20,0
2025-05-20,S001,P0008,63,20,0
2025-05-20,S001,P0009,117,20,0
2025-05-20,S001,P0010,103,20,0
2025-05-20,S002,P0001,33,20,0
2025-05-20,S002,P0002,98,20,0
2025-05-20,S002,P0003,26,20,0
2025-05-20,S002,P0004,72,20,0
2025-05-20,S002,P0005,56,20,0
2025-05-20,S002,P0006,65,20,0
2025-05-20,S002,P0007,63,20,0
2025-05-20,S002,P0008,26,20,0
2025-05-20,S002,P0009,95,20,0
2025-05-20,S002,P0010,88,20,0
2025-05-20,S003,P0001,66,20,0
2025-05-20,S003,P0002,79,20,0
2025-05-20,S003,P0003,48,20,0
2025-05-20,S003,P0004,63,20,0
2025-05-20,S003,P0005,76,20,0
2025-05-20,S003,P0006,107,20,0
2025-05-20,S003,P0007,76,20,0
2025-05-20,S003,P0008,54,20,0
2025-05-20,S003,P0009,60,20,0
2025-05-20,S003,P0010,23,20,0
2025-05-20,S004,P0001,31,20,0
2025-05-20,S004,P0002,70,20,0
2025-05-20,S004,P0003,25,20,0
2025-05-20,S004,P0004,79,20,0
2025-05-20,S004,P0005,42,20,0
2025-05-20,S004,P0006,91,20,0
2025-05-20,S004,P0007,53,20,0
2025-05-20,S004,P0008,72,20,0
2025-05-20,S004,P0009,56,20,0
2025-05-20,S004,P0010,78,20,0
2025-05-20,S005,P0001,35,20,0
2025-05-20,S005,P0002,104,20,0
2025-05-20,S005,P0003,52,20,0
2025-05-20,S005,P0004,98,20,0
2025-05-20,S005,P0005,23,20,0
2025-05-20,S005,P0006,34,20,0
2025-05-20,S005,P0007,45,20,0
2025-05-20,S005,P0008,97,20,0
2025-05-20,S005,P0009,93,20,0
2025-05-20,S005,P0010,76,20,0
2025-05-21,S001,P0001,116,20,0
2025-05-21,S001,P0002,67,20,0
2025-05-21,S001,P0003,103,20,0
2025-05-21,S001,P0004,95,20,0
2025-05-21,S001,P0005,116,20,0
2025-05-21,S001,P0006,86,20,0
2025-05-21,S001,P0007,116,20,0
2025-05-21,S001,P0008,62,20,0
2025-05-21,S001,P0009,117,20,0
2025-05-21,S001,P0010,103,20,0
2025-05-21,S002,P0001,33,20,0
2025-05-21,S002,P0002,97,20,0
2025-05-21,S002,P0003,26,20,0
2025-05-21,S002,P0004,70,20,0
2025-05-21,S002,P0005,54,20,0
2025-05-21,S002,P0006,64,20,0
2025-05-21,S002,P0007,63,20,0
2025-05-21,S002,P0008,23,20,0
2025-05-21,S002,P0009,92,20,0
2025-05-21,S002,P0010,84,20,0
2025-05-21,S003,P0001,65,20,0
2025-05-21,S003,P0002,79,20,0
2025-05-21,S003,P0003,47,20,0
2025-05-21,S003,P0004,63,20,0
2025-05-21,S003,P0005,72,20,0
2025-05-21,S003,P0006,106,20,0
2025-05-21,S003,P0007,75,20,0
2025-05-21,S003,P0008,54,20,0
2025-05-21,S003,P0009,59,20,0
2025-05-21,S003,P0010,22,20,0
2025-05-21,S004,P0001,28,20,0
2025-05-21,S004,P0002,69,20,0
2025-05-21,S004,P0003,24,20,0
2025-05-21,S004,P0004,78,20,0
2025-05-21,S004,P0005,39,20,0
2025-05-21,S004,P0006,89,20,0
2025-05-21,S004,P0007,50,20,0
2025-05-21,S004,P0008,68,20,0
2025-05-21,S004,P0009,56,20,0
2025-05-21,S004,P0010,77,20,0
2025-05-21,S005,P0001,34,20,0
2025-05-21,S005,P0002,102,20,0
2025-05-21,S005,P0003,52,20,0
2025-05-21,S005,P0004,97,20,0
2025-05-21,S005,P0005,21,20,0
2025-05-21,S005,P0006,34,20,0
2025-05-21,S005,P0007,43,20,0
2025-05-21,S005,P0008,96,20,0
2025-05-21,S005,P0009,90,20,0
2025-05-21,S005,P0010,75,20,0
2025-05-22,S001,P0001,116,20,0
2025-05-22,S001,P0002,67,20,0
2025-05-22,S001,P0003,103,20,0
2025-05-22,S001,P0004,94,20,0
2025-05-22,S001,P0005,114,20,0
2025-05-22,S001,P0006,86,20,0
2025-05-22,S001,P0007,115,20,0
2025-05-22,S001,P0008,59,20,0
2025-05-22,S001,P0009,114,20,0
2025-05-22,S001,P0010,101,20,0
2025-05-22,S002,P0001,29,20,0
2025-05-22,S002,P0002,96,20,0
2025-05-22,S002,P0003,25,20,0
2025-05-22,S002,P0004,69,20,0
2025-05-22,S002,P0005,54,20,0
2025-05-22,S002,P0006,62,20,0
2025-05-22,S002,P0007,63,20,0
2025-05-22,S002,P0008,20,20,0
2025-05-22,S002,P0009,91,20,0
2025-05-22,S002,P0010,83,20,0
2025-05-22,S003,P0001,62,20,0
2025-05-22,S003,P0002,75,20,0
2025-05-22,S003,P0003,44,20,0
2025-05-22,S003,P0004,63,20,0
2025-05-22,S003,P0005,72,20,0
2025-05-22,S003,P0006,106,20,0
2025-05-22,S003,P0007,75,20,0
2025-05-22,S003,P0008,54,20,0
2025-05-22,S003,P0009,58,20,0
2025-05-22,S003,P0010,22,20,0
2025-05-22,S004,P0001,27,20,0
2025-05-22,S004,P0002,69,20,0
2025-05-22,S004,P0003,24,20,0
2025-05-22,S004,P0004,77,20,0
2025-05-22,S004,P0005,36,20,0
2025-05-22,S004,P0006,88,20,0
2025-05-22,S004,P0007,50,20,0
2025-05-22,S004,P0008,68,20,0
2025-05-22,S004,P0009,54,20,0
2025-05-22,S004,P0010,76,20,0
2025-05-22,S005,P0001,34,20,0
2025-05-22,S005,P0002,100,20,0
2025-05-22,S005,P0003,50,20,0
2025-05-22,S005,P0004,96,20,0
2025-05-22,S005,P0005,20,20,0
2025-05-22,S005,P0006,33,20,0
2025-05-22,S005,P0007,43,20,0
2025-05-22,S005,P0008,95,20,0
2025-05-22,S005,P0009,88,20,0
2025-05-22,S005,P0010,73,20,0
2025-05-23,S001,P0001,114,20,0
2025-05-23,S001,P0002,64,20,0
2025-05-23,S001,P0003,102,20,0
2025-05-23,S001,P0004,93,20,0
2025-05-23,S001,P0005,111,20,0
2025-05-23,S001,P0006,86,20,0
2025-05-23,S001,P0007,115,20,0
2025-05-23,S001,P0008,57,20,0
2025-05-23,S001,P0009,112,20,0
2025-05-23,S001,P0010,99,20,0
2025-05-23,S002,P0001,28,20,0
2025-05-23,S002,P0002,93,20,0
2025-05-23,S002,P0003,25,20,0
2025-05-23,S002,P0004,69,20,0
2025-05-23,S002,P0005,54,20,0
2025-05-23,S002,P0006,61,20,0
2025-05-23,S002,P0007,61,20,0
2025-05-23,S002,P0008,119,20,0
2025-05-23,S002,P0009,89,20,0
2025-05-23,S002,P0010,80,20,0
2025-05-23,S003,P0001,62,20,0
2025-05-23,S003,P0002,73,20,0
2025-05-23,S003,P0003,44,20,0
2025-05-23,S003,P0004,62,20,0
2025-05-23,S003,P0005,70,20,0
2025-05-23,S003,P0006,106,20,0
2025-05-23,S003,P0007,73,20,0
2025-05-23,S003,P0008,54,20,0
2025-05-23,S003,P0009,57,20,0
2025-05-23,S003,P0010,21,20,0
2025-05-23,S004,P0001,24,20,0
2025-05-23,S004,P0002,67,20,0
2025-05-23,S004,P0003,23,20,0
2025-05-23,S004,P0004,75,20,0
2025-05-23,S004,P0005,36,20,0
2025-05-23,S004,P0006,87,20,0
2025-05-23,S004,P0007,50,20,0
2025-05-23,S004,P0008,66,20,0
2025-05-23,S004,P0009,52,20,0
2025-05-23,S004,P0010,75,20,0
2025-05-23,S005,P0001,32,20,0
2025-05-23,S005,P0002,99,20,0
2025-05-23,S005,P0003,47,20,0
2025-05-23,S005,P0004,95,20,0
2025-05-23,S005,P0005,114,20,0
2025-05-23,S005,P0006,33,20,0
2025-05-23,S005,P0007,42,20,0
2025-05-23,S005,P0008,93,20,0
2025-05-23,S005,P0009,87,20,0
2025-05-23,S005,P0010,72,20,0
2025-05-24,S001,P0001,114,20,0
2025-05-24,S001,P0002,56,20,0
2025-05-24,S001,P0003,101,20,0
2025-05-24,S001,P0004,90,20,0
2025-05-24,S001,P0005,110,20,0
2025-05-24,S001,P0006,86,20,0
2025-05-24,S001,P0007,114,20,0
2025-05-24,S001,P0008,57,20,0
2025-05-24,S001,P0009,112,20,0
2025-05-24,S001,P0010,98,20,0
2025-05-24,S002,P0001,27,20,0
2025-05-24,S002,P0002,93,20,0
2025-05-24,S002,P0003,24,20,0
2025-05-24,S002,P0004,68,20,0
2025-05-24,S002,P0005,53,20,0
2025-05-24,S002,P0006,61,20,0
2025-05-24,S002,P0007,61,20,0
2025-05-24,S002,P0008,118,20,0
2025-05-24,S002,P0009,88,20,0
2025-05-24,S002,P0010,78,20,0
2025-05-24,S003,P0001,61,20,0
2025-05-24,S003,P0002,72,20,0
2025-05-24,S003,P0003,43,20,0
2025-05-24,S003,P0004,61,20,0
2025-05-24,S003,P0005,69,20,0
2025-05-24,S003,P0006,104,20,0
2025-05-24,S003,P0007,71,20,0
2025-05-24,S003,P0008,52,20,0
2025-05-24,S003,P0009,56,20,0
2025-05-24,S003,P0010,21,20,0
2025-05-24,S004,P0001,23,20,0
2025-05-24,S004,P0002,66,20,0
2025-05-24,S004,P0003,21,20,0
2025-05-24,S004,P0004,74,20,0
2025-05-24,S004,P0005,32,20,0
2025-05-24,S004,P0006,85,20,0
2025-05-24,S004,P0007,48,20,0
2025-05-24,S004,P0008,64,20,0
2025-05-24,S004,P0009,48,20,0
2025-05-24,S004,P0010,74,20,0
2025-05-24,S005,P0001,30,20,0
2025-05-24,S005,P0002,98,20,0
2025-05-24,S005,P0003,46,20,0
2025-05-24,S005,P0004,94,20,0
2025-05-24,S005,P0005,112,20,0
2025-05-24,S005,P0006,33,20,0
2025-05-24,S005,P0007,42,20,0
2025-05-24,S005,P0008,92,20,0
2025-05-24,S005,P0009,83,20,0
2025-05-24,S005,P0010,72,20,0
2025-05-25,S001,P0001,114,20,0
2025-05-25,S001,P0002,55,20,0
2025-05-25,S001,P0003,101,20,0
2025-05-25,S001,P0004,88,20,0
2025-05-25,S001,P0005,105,20,0
2025-05-25,S001,P0006,84,20,0
2025-05-25,S001,P0007,113,20,0
2025-05-25,S001,P0008,57,20,0
2025-05-25,S001,P0009,109,20,0
2025-05-25,S001,P0010,94,20,0
2025-05-25,S002,P0001,25,20,0
2025-05-25,S002,P0002,93,20,0
2025-05-25,S002,P0003,24,20,0
2025-05-25,S002,P0004,68,20,0
2025-05-25,S002,P0005,52,20,0
2025-05-25,S002,P0006,61,20,0
2025-05-25,S002,P0007,61,20,0
2025-05-25,S002,P0008,117,20,0
2025-05-25,S002,P0009,84,20,0
2025-05-25,S002,P0010,76,20,0
2025-05-25,S003,P0001,60,20,0
2025-05-25,S003,P0002,69,20,0
2025-05-25,S003,P0003,43,20,0
2025-05-25,S003,P0004,59,20,0
2025-05-25,S003,P0005,66,20,0
2025-05-25,S003,P0006,103,20,0
2025-05-25,S003,P0007,71,20,0
2025-05-25,S003,P0008,51,20,0
2025-05-25,S003,P0009,54,20,0
2025-05-25,S003,P0010,119,20,0
2025-05-25,S004,P0001,22,20,0
2025-05-25,S004,P0002,65,20,0
2025-05-25,S004,P0003,20,20,0
2025-05-25,S004,P0004,74,20,0
2025-05-25,S004,P0005,30,20,0
2025-05-25,S004,P0006,85,20,0
2025-05-25,S004,P0007,48,20,0
2025-05-25,S004,P0008,64,20,0
2025-05-25,S004,P0009,48,20,0
2025-05-25,S004,P0010,73,20,0
2025-05-25,S005,P0001,29,20,0
2025-05-25,S005,P0002,95,20,0
2025-05-25,S005,P0003,44,20,0
2025-05-25,S005,P0004,93,20,0
2025-05-25,S005,P0005,111,20,0
2025-05-25,S005,P0006,30,20,0
2025-05-25,S005,P0007,41,20,0
2025-05-25,S005,P0008,92,20,0
2025-05-25,S005,P0009,79,20,0
2025-05-25,S005,P0010,70,20,0
2025-05-26,S001,P0001,111,20,0
2025-05-26,S001,P0002,54,20,0
2025-05-26,S001,P0003,99,20,0
2025-05-26,S001,P0004,84,20,0
2025-05-26,S001,P0005,104,20,0
2025-05-26,S001,P0006,84,20,0
2025-05-26,S001,P0007,112,20,0
2025-05-26,S001,P0008,54,20,0
2025-05-26,S001,P0009,105,20,0
2025-05-26,S001,P0010,93,20,0
2025-05-26,S002,P0001,25,20,0
2025-05-26,S002,P0002,93,20,0
2025-05-26,S002,P0003,23,20,0
2025-05-26,S002,P0004,67,20,0
2025-05-26,S002,P0005,50,20,0
2025-05-26,S002,P0006,61,20,0
2025-05-26,S002,P0007,61,20,0
2025-05-26,S002,P0008,115,20,0
2025-05-26,S002,P0009,82,20,0
2025-05-26,S002,P0010,74,20,0
2025-05-26,S003,P0001,59,20,0
2025-05-26,S003,P0002,67,20,0
2025-05-26,S003,P0003,39,20,0
2025-05-26,S003,P0004,58,20,0
2025-05-26,S003,P0005,64,20,0
2025-05-26,S003,P0006,103,20,0
2025-05-26,S003,P0007,71,20,0
2025-05-26,S003,P0008,49,20,0
2025-05-26,S003,P0009,54,20,0
2025-05-26,S003,P0010,118,20,0
2025-05-26,S004,P0001,21,20,0
2025-05-26,S004,P0002,65,20,0
2025-05-26,S004,P0003,20,20,0
2025-05-26,S004,P0004,72,20,0
2025-05-26,S004,P0005,27,20,0
2025-05-26,S004,P0006,84,20,0
2025-05-26,S004,P0007,48,20,0
2025-05-26,S004,P0008,63,20,0
2025-05-26,S004,P0009,47,20,0
2025-05-26,S004,P0010,71,20,0
2025-05-26,S005,P0001,26,20,0
2025-05-26,S005,P0002,95,20,0
2025-05-26,S005,P0003,44,20,0
2025-05-26,S005,P0004,93,20,0
2025-05-26,S005,P0005,107,20,0
2025-05-26,S005,P0006,29,20,0
2025-05-26,S005,P0007,41,20,0
2025-05-26,S005,P0008,91,20,0
2025-05-26,S005,P0009,77,20,0
2025-05-26,S005,P0010,70,20,0
2025-05-27,S001,P0001,111,20,0
2025-05-27,S001,P0002,53,20,0
2025-05-27,S001,P0003,98,20,0
2025-05-27,S001,P0004,84,20,0
2025-05-27,S001,P0005,102,20,0
2025-05-27,S001,P0006,83,20,0
2025-05-27,S001,P0007,110,20,0
2025-05-27,S001,P0008,53,20,0
2025-05-27,S001,P0009,103,20,0
2025-05-27,S001,P0010,92,20,0
2025-05-27,S002,P0001,25,20,0
2025-05-27,S002,P0002,92,20,0
2025-05-27,S002,P0003,22,20,0
2025-05-27,S002,P0004,65,20,0
2025-05-27,S002,P0005,45,20,0
2025-05-27,S002,P0006,61,20,0
2025-05-27,S002,P0007,61,20,0
2025-05-27,S002,P0008,113,20,0
2025-05-27,S002,P0009,80,20,0
2025-05-27,S002,P0010,74,20,0
2025-05-27,S003,P0001,56,20,0
2025-05-27,S003,P0002,64,20,0
2025-05-27,S003,P0003,39,20,0
2025-05-27,S003,P0004,57,20,0
2025-05-27,S003,P0005,60,20,0
2025-05-27,S003,P0006,103,20,0
2025-05-27,S003,P0007,69,20,0
2025-05-27,S003,P0008,48,20,0
2025-05-27,S003,P0009,54,20,0
2025-05-27,S003,P0010,117,20,0
2025-05-27,S004,P0001,20,20,0
2025-05-27,S004,P0002,63,20,0
2025-05-27,S004,P0003,119,20,0
2025-05-27,S004,P0004,72,20,0
2025-05-27,S004,P0005,24,20,0
2025-05-27,S004,P0006,84,20,0
2025-05-27,S004,P0007,47,20,0
2025-05-27,S004,P0008,61,20,0
2025-05-27,S004,P0009,46,20,0
2025-05-27,S004,P0010,69,20,0
2025-05-27,S005,P0001,22,20,0
2025-05-27,S005,P0002,93,20,0
2025-05-27,S005,P0003,43,20,0
2025-05-27,S005,P0004,92,20,0
2025-05-27,S005,P0005,105,20,0
2025-05-27,S005,P0006,27,20,0
2025-05-27,S005,P0007,40,20,0
2025-05-27,S005,P0008,90,20,0
2025-05-27,S005,P0009,76,20,0
2025-05-27,S005,P0010,68,20,0
2025-05-28,S001,P0001,109,20,0
2025-05-28,S001,P0002,53,20,0
2025-05-28,S001,P0003,96,20,0
2025-05-28,S001,P0004,84,20,0
2025-05-28,S001,P0005,98,20,0
2025-05-28,S001,P0006,83,20,0
2025-05-28,S001,P0007,110,20,0
2025-05-28,S001,P0008,50,20,0
2025-05-28,S001,P0009,97,20,0
2025-05-28,S001,P0010,91,20,0
2025-05-28,S002,P0001,23,20,0
2025-05-28,S002,P0002,91,20,0
2025-05-28,S002,P0003,22,20,0
2025-05-28,S002,P0004,64,20,0
2025-05-28,S002,P0005,45,20,0
2025-05-28,S002,P0006,61,20,0
2025-05-28,S002,P0007,59,20,0
2025-05-28,S002,P0008,112,20,0
2025-05-28,S002,P0009,77,20,0
2025-05-28,S002,P0010,73,20,0
2025-05-28,S003,P0001,55,20,0
2025-05-28,S003,P0002,64,20,0
2025-05-28,S003,P0003,37,20,0
2025-05-28,S003,P0004,57,20,0
2025-05-28,S003,P0005,58,20,0
2025-05-28,S003,P0006,103,20,0
2025-05-28,S003,P0007,68,20,0
2025-05-28,S003,P0008,45,20,0
2025-05-28,S003,P0009,52,20,0
2025-05-28,S003,P0010,115,20,0
2025-05-28,S004,P0001,20,20,0
2025-05-28,S004,P0002,60,20,0
2025-05-28,S004,P0003,118,20,0
2025-05-28,S004,P0004,71,20,0
2025-05-28,S004,P0005,21,20,0
2025-05-28,S004,P0006,84,20,0
2025-05-28,S004,P0007,45,20,0
2025-05-28,S004,P0008,59,20,0
2025-05-28,S004,P0009,44,20,0
2025-05-28,S004,P0010,66,20,0
2025-05-28,S005,P0001,20,20,0
2025-05-28,S005,P0002,90,20,0
2025-05-28,S005,P0003,43,20,0
2025-05-28,S005,P0004,91,20,0
2025-05-28,S005,P0005,101,20,0
2025-05-28,S005,P0006,27,20,0
2025-05-28,S005,P0007,39,20,0
2025-05-28,S005,P0008,87,20,0
2025-05-28,S005,P0009,74,20,0
2025-05-28,S005,P0010,67,20,0
2025-05-29,S001,P0001,108,20,0
2025-05-29,S001,P0002,51,20,0
2025-05-29,S001,P0003,93,20,0
2025-05-29,S001,P0004,83,20,0
2025-05-29,S001,P0005,96,20,0
2025-05-29,S001,P0006,83,20,0
2025-05-29,S001,P0007,110,20,0
2025-05-29,S001,P0008,48,20,0
2025-05-29,S001,P0009,97,20,0
2025-05-29,S001,P0010,91,20,0
2025-05-29,S002,P0001,22,20,0
2025-05-29,S002,P0002,90,20,0
2025-05-29,S002,P0003,119,20,0
2025-05-29,S002,P0004,62,20,0
2025-05-29,S002,P0005,44,20,0
2025-05-29,S002,P0006,60,20,0
2025-05-29,S002,P0007,58,20,0
2025-05-29,S002,P0008,111,20,0
2025-05-29,S002,P0009,75,20,0
2025-05-29,S002,P0010,73,20,0
2025-05-29,S003,P0001,52,20,0
2025-05-29,S003,P0002,60,20,0
2025-05-29,S003,P0003,36,20,0
2025-05-29,S003,P0004,55,20,0
2025-05-29,S003,P0005,57,20,0
2025-05-29,S003,P0006,103,20,0
2025-05-29,S003,P0007,67,20,0
2025-05-29,S003,P0008,44,20,0
2025-05-29,S003,P0009,52,20,0
2025-05-29,S003,P0010,114,20,0
2025-05-29,S004,P0001,115,20,0
2025-05-29,S004,P0002,57,20,0
2025-05-29,S004,P0003,114,20,0
2025-05-29,S004,P0004,71,20,0
2025-05-29,S004,P0005,119,20,0
2025-05-29,S004,P0006,83,20,0
2025-05-29,S004,P0007,44,20,0
2025-05-29,S004,P0008,58,20,0
2025-05-29,S004,P0009,41,20,0
2025-05-29,S004,P0010,65,20,0
2025-05-29,S005,P0001,119,20,0
2025-05-29,S005,P0002,89,20,0
2025-05-29,S005,P0003,42,20,0
2025-05-29,S005,P0004,90,20,0
2025-05-29,S005,P0005,100,20,0
2025-05-29,S005,P0006,27,20,0
2025-05-29,S005,P0007,38,20,0
2025-05-29,S005,P0008,86,20,0
2025-05-29,S005,P0009,72,20,0
2025-05-29,S005,P0010,65,20,0
2025-05-30,S001,P0001,107,20,0
2025-05-30,S001,P0002,51,20,0
2025-05-30,S001,P0003,92,20,0
2025-05-30,S001,P0004,82,20,0
2025-05-30,S001,P0005,94,20,0
2025-05-30,S001,P0006,83,20,0
2025-05-30,S001,P0007,109,20,0
2025-05-30,S001,P0008,46,20,0
2025-05-30,S001,P0009,97,20,0
2025-05-30,S001,P0010,91,20,0
2025-05-30,S002,P0001,21,20,0
2025-05-30,S002,P0002,89,20,0
2025-05-30,S002,P0003,119,20,0
2025-05-30,S002,P0004,61,20,0
2025-05-30,S002,P0005,42,20,0
2025-05-30,S002,P0006,60,20,0
2025-05-30,S002,P0007,57,20,0
2025-05-30,S002,P0008,110,20,0
2025-05-30,S002,P0009,71,20,0
2025-05-30,S002,P0010,73,20,0
2025-05-30,S003,P0001,51,20,0
2025-05-30,S003,P0002,60,20,0
2025-05-30,S003,P0003,36,20,0
2025-05-30,S003,P0004,51,20,0
2025-05-30,S003,P0005,56,20,0
2025-05-30,S003,P0006,101,20,0
2025-05-30,S003,P0007,67,20,0
2025-05-30,S003,P0008,44,20,0
2025-05-30,S003,P0009,51,20,0
2025-05-30,S003,P0010,114,20,0
2025-05-30,S004,P0001,115,20,0
2025-05-30,S004,P0002,57,20,0
2025-05-30,S004,P0003,114,20,0
2025-05-30,S004,P0004,71,20,0
2025-05-30,S004,P0005,119,20,0
2025-05-30,S004,P0006,83,20,0
2025-05-30,S004,P0007,44,20,0
2025-05-30,S004,P0008,58,20,0
2025-05-30,S004,P0009,40,20,0
2025-05-30,S004,P0010,64,20,0
2025-05-30,S005,P0001,117,20,0
2025-05-30,S005,P0002,87,20,0
2025-05-30,S005,P0003,41,20,0
2025-05-30,S005,P0004,88,20,0
2025-05-30,S005,P0005,99,20,0
2025-05-30,S005,P0006,27,20,0
2025-05-30,S005,P0007,37,20,0
2025-05-30,S005,P0008,85,20,0
2025-05-30,S005,P0009,68,20,0
2025-05-30,S005,P0010,64,20,0
2025-05-31,S001,P0001,105,20,0
2025-05-31,S001,P0002,50,20,0
2025-05-31,S001,P0003,91,20,0
2025-05-31,S001,P0004,82,20,0
2025-05-31,S001,P0005,92,20,0
2025-05-31,S001,P0006,83,20,0
2025-05-31,S001,P0007,108,20,0
2025-05-31,S001,P0008,46,20,0
2025-05-31,S001,P0009,92,20,0
2025-05-31,S001,P0010,90,20,0
2025-05-31,S002,P0001,20,20,0
2025-05-31,S002,P0002,87,20,0
2025-05-31,S002,P0003,119,20,0
2025-05-31,S002,P0004,61,20,0
2025-05-31,S002,P0005,41,20,0
2025-05-31,S002,P0006,59,20,0
2025-05-31,S002,P0007,56,20,0
2025-05-31,S002,P0008,109,20,0
2025-05-31,S002,P0009,70,20,0
2025-05-31,S002,P0010,72,20,0
2025-05-31,S003,P0001,51,20,0
2025-05-31,S003,P0002,56,20,0
2025-05-31,S003,P0003,36,20,0
2025-05-31,S003,P0004,51,20,0
2025-05-31,S003,P0005,51,20,0
2025-05-31,S003,P0006,101,20,0
2025-05-31,S003,P0007,66,20,0
2025-05-31,S003,P0008,42,20,0
2025-05-31,S003,P0009,49,20,0
2025-05-31,S003,P0010,112,20,0
2025-05-31,S004,P0001,110,20,0
2025-05-31,S004,P0002,57,20,0
2025-05-31,S004,P0003,113,20,0
2025-05-31,S004,P0004,71,20,0
2025-05-31,S004,P0005,117,20,0
2025-05-31,S004,P0006,83,20,0
2025-05-31,S004,P0007,43,20,0
2025-05-31,S004,P0008,56,20,0
2025-05-31,S004,P0009,40,20,0
2025-05-31,S004,P0010,63,20,0
2025-05-31,S005,P0001,116,20,0
2025-05-31,S005,P0002,86,20,0
2025-05-31,S005,P0003,37,20,0
2025-05-31,S005,P0004,86,20,0
2025-05-31,S005,P0005,95,20,0
2025-05-31,S005,P0006,26,20,0
2025-05-31,S005,P0007,36,20,0
2025-05-31,S005,P0008,84,20,0
2025-05-31,S005,P0009,67,20,0
2025-05-31,S005,P0010,61,20,0
2025-06-01,S001,P0001,101,20,0
2025-06-01,S001,P0002,48,20,0
2025-06-01,S001,P0003,88,20,0
2025-06-01,S001,P0004,81,20,0
2025-06-01,S001,P0005,89,20,0
2025-06-01,S001,P0006,80,20,0
2025-06-01,S001,P0007,108,20,0
2025-06-01,S001,P0008,44,20,0
2025-06-01,S001,P0009,91,20,0
2025-06-01,S001,P0010,90,20,0
2025-06-01,S002,P0001,118,20,0
2025-06-01,S002,P0002,84,20,0
2025-06-01,S002,P0003,118,20,0
2025-06-01,S002,P0004,60,20,0
2025-06-01,S002,P0005,41,20,0
2025-06-01,S002,P0006,59,20,0
2025-06-01,S002,P0007,54,20,0
2025-06-01,S002,P0008,107,20,0
2025-06-01,S002,P0009,68,20,0
2025-06-01,S002,P0010,72,20,0
2025-06-01,S003,P0001,51,20,0
2025-06-01,S003,P0002,53,20,0
2025-06-01,S003,P0003,35,20,0
2025-06-01,S003,P0004,48,20,0
2025-06-01,S003,P0005,48,20,0
2025-06-01,S003,P0006,99,20,0
2025-06-01,S003,P0007,66,20,0
2025-06-01,S003,P0008,42,20,0
2025-06-01,S003,P0009,49,20,0
2025-06-01,S003,P0010,109,20,0
2025-06-01,S004,P0001,108,20,0
2025-06-01,S004,P0002,54,20,0
2025-06-01,S004,P0003,112,20,0
2025-06-01,S004,P0004,71,20,0
2025-06-01,S004,P0005,114,20,0
2025-06-01,S004,P0006,83,20,0
2025-06-01,S004,P0007,41,20,0
2025-06-01,S004,P0008,54,20,0
2025-06-01,S004,P0009,39,20,0
2025-06-01,S004,P0010,62,20,0
2025-06-01,S005,P0001,114,20,0
2025-06-01,S005,P0002,82,20,0
2025-06-01,S005,P0003,37,20,0
2025-06-01,S005,P0004,85,20,0
2025-06-01,S005,P0005,93,20,0
2025-06-01,S005,P0006,25,20,0
2025-06-01,S005,P0007,36,20,0
2025-06-01,S005,P0008,80,20,0
2025-06-01,S005,P0009,67,20,0
2025-06-01,S005,P0010,59,20,0
2025-06-02,S001,P0001,99,20,0
2025-06-02,S001,P0002,48,20,0
2025-06-02,S001,P0003,85,20,0
2025-06-02,S001,P0004,80,20,0
2025-06-02,S001,P0005,87,20,0
2025-06-02,S001,P0006,79,20,0
2025-06-02,S001,P0007,107,20,0
2025-06-02,S001,P0008,44,20,0
2025-06-02,S001,P0009,90,20,0
2025-06-02,S001,P0010,90,20,0
2025-06-02,S002,P0001,116,20,0
2025-06-02,S002,P0002,84,20,0
2025-06-02,S002,P0003,115,20,0
2025-06-02,S002,P0004,58,20,0
2025-06-02,S002,P0005,39,20,0
2025-06-02,S002,P0006,59,20,0
2025-06-02,S002,P0007,51,20,0
2025-06-02,S002,P0008,107,20,0
2025-06-02,S002,P0009,64,20,0
2025-06-02,S002,P0010,71,20,0
2025-06-02,S003,P0001,50,20,0
2025-06-02,S003,P0002,50,20,0
2025-06-02,S003,P0003,34,20,0
2025-06-02,S003,P0004,48,20,0
2025-06-02,S003,P0005,48,20,0
2025-06-02,S003,P0006,97,20,0
2025-06-02,S003,P0007,65,20,0
2025-06-02,S003,P0008,39,20,0
2025-06-02,S003,P0009,48,20,0
2025-06-02,S003,P0010,108,20,0
2025-06-02,S004,P0001,107,20,0
2025-06-02,S004,P0002,52,20,0
2025-06-02,S004,P0003,111,20,0
2025-06-02,S004,P0004,67,20,0
2025-06-02,S004,P0005,110,20,0
2025-06-02,S004,P0006,82,20,0
2025-06-02,S004,P0007,40,20,0
2025-06-02,S004,P0008,52,20,0
2025-06-02,S004,P0009,38,20,0
2025-06-02,S004,P0010,60,20,0
2025-06-02,S005,P0001,109,20,0
2025-06-02,S005,P0002,79,20,0
2025-06-02,S005,P0003,36,20,0
2025-06-02,S005,P0004,83,20,0
2025-06-02,S005,P0005,90,20,0
2025-06-02,S005,P0006,25,20,0
2025-06-02,S005,P0007,36,20,0
2025-06-02,S005,P0008,79,20,0
2025-06-02,S005,P0009,65,20,0
2025-06-02,S005,P0010,58,20,0
2025-06-03,S001,P0001,96,20,0
2025-06-03,S001,P0002,47,20,0
2025-06-03,S001,P0003,85,20,0
2025-06-03,S001,P0004,79,20,0
2025-06-03,S001,P0005,86,20,0
2025-06-03,S001,P0006,79,20,0
2025-06-03,S001,P0007,105,20,0
2025-06-03,S001,P0008,44,20,0
2025-06-03,S001,P0009,86,20,0
2025-06-03,S001,P0010,90,20,0
2025-06-03,S002,P0001,112,20,0
2025-06-03,S002,P0002,84,20,0
2025-06-03,S002,P0003,113,20,0
2025-06-03,S002,P0004,55,20,0
2025-06-03,S002,P0005,38,20,0
2025-06-03,S002,P0006,59,20,0
2025-06-03,S002,P0007,50,20,0
2025-06-03,S002,P0008,106,20,0
2025-06-03,S002,P0009,62,20,0
2025-06-03,S002,P0010,67,20,0
2025-06-03,S003,P0001,48,20,0
2025-06-03,S003,P0002,49,20,0
2025-06-03,S003,P0003,33,20,0
2025-06-03,S003,P0004,46,20,0
2025-06-03,S003,P0005,45,20,0
2025-06-03,S003,P0006,97,20,0
2025-06-03,S003,P0007,63,20,0
2025-06-03,S003,P0008,38,20,0
2025-06-03,S003,P0009,46,20,0
2025-06-03,S003,P0010,106,20,0
2025-06-03,S004,P0001,105,20,0
2025-06-03,S004,P0002,52,20,0
2025-06-03,S004,P0003,110,20,0
2025-06-03,S004,P0004,67,20,0
2025-06-03,S004,P0005,105,20,0
2025-06-03,S004,P0006,82,20,0
2025-06-03,S004,P0007,38,20,0
2025-06-03,S004,P0008,51,20,0
2025-06-03,S004,P0009,38,20,0
2025-06-03,S004,P0010,60,20,0
2025-06-03,S005,P0001,109,20,0
2025-06-03,S005,P0002,75,20,0
2025-06-03,S005,P0003,34,20,0
2025-06-03,S005,P0004,83,20,0
2025-06-03,S005,P0005,86,20,0
2025-06-03,S005,P0006,23,20,0
2025-06-03,S005,P0007,36,20,0
2025-06-03,S005,P0008,77,20,0
2025-06-03,S005,P0009,65,20,0
2025-06-03,S005,P0010,58,20,0
2025-06-04,S001,P0001,96,20,0
2025-06-04,S001,P0002,42,20,0
2025-06-04,S001,P0003,83,20,0
2025-06-04,S001,P0004,76,20,0
2025-06-04,S001,P0005,84,20,0
2025-06-04,S001,P0006,79,20,0
2025-06-04,S001,P0007,104,20,0
2025-06-04,S001,P0008,43,20,0
2025-06-04,S001,P0009,83,20,0
2025-06-04,S001,P0010,89,20,0
2025-06-04,S002,P0001,110,20,0
2025-06-04,S002,P0002,83,20,0
2025-06-04,S002,P0003,110,20,0
2025-06-04,S002,P0004,54,20,0
2025-06-04,S002,P0005,34,20,0
2025-06-04,S002,P0006,59,20,0
2025-06-04,S002,P0007,47,20,0
2025-06-04,S002,P0008,104,20,0
2025-06-04,S002,P0009,60,20,0
2025-06-04,S002,P0010,64,20,0
2025-06-04,S003,P0001,46,20,0
2025-06-04,S003,P0002,48,20,0
2025-06-04,S003,P0003,32,20,0
2025-06-04,S003,P0004,46,20,0
2025-06-04,S003,P0005,41,20,0
2025-06-04,S003,P0006,95,20,0
2025-06-04,S003,P0007,63,20,0
2025-06-04,S003,P0008,38,20,0
2025-06-04,S003,P0009,42,20,0
2025-06-04,S003,P0010,104,20,0
2025-06-04,S004,P0001,104,20,0
2025-06-04,S004,P0002,50,20,0
2025-06-04,S004,P0003,109,20,0
2025-06-04,S004,P0004,67,20,0
2025-06-04,S004,P0005,101,20,0
2025-06-04,S004,P0006,81,20,0
2025-06-04,S004,P0007,38,20,0
2025-06-04,S004,P0008,50,20,0
2025-06-04,S004,P0009,35,20,0
2025-06-04,S004,P0010,59,20,0
2025-06-04,S005,P0001,104,20,0
2025-06-04,S005,P0002,75,20,0
2025-06-04,S005,P0003,32,20,0
2025-06-04,S005,P0004,83,20,0
2025-06-04,S005,P0005,83,20,0
2025-06-04,S005,P0006,22,20,0
2025-06-04,S005,P0007,36,20,0
2025-06-04,S005,P0008,76,20,0
2025-06-04,S005,P0009,65,20,0
2025-06-04,S005,P0010,56,20,0
2025-06-05,S001,P0001,96,20,0
2025-06-05,S001,P0002,42,20,0
2025-06-05,S001,P0003,83,20,0
2025-06-05,S001,P0004,76,20,0
2025-06-05,S001,P0005,83,20,0
2025-06-05,S001,P0006,77,20,0
2025-06-05,S001,P0007,104,20,0
2025-06-05,S001,P0008,43,20,0
2025-06-05,S001,P0009,82,20,0
2025-06-05,S001,P0010,86,20,0
2025-06-05,S002,P0001,110,20,0
2025-06-05,S002,P0002,83,20,0
2025-06-05,S002,P0003,109,20,0
2025-06-05,S002,P0004,52,20,0
2025-06-05,S002,P0005,31,20,0
2025-06-05,S002,P0006,56,20,0
2025-06-05,S002,P0007,44,20,0
2025-06-05,S002,P0008,102,20,0
2025-06-05,S002,P0009,56,20,0
2025-06-05,S002,P0010,62,20,0
2025-06-05,S003,P0001,43,20,0
2025-06-05,S003,P0002,45,20,0
2025-06-05,S003,P0003,31,20,0
2025-06-05,S003,P0004,46,20,0
2025-06-05,S003,P0005,38,20,0
2025-06-05,S003,P0006,94,20,0
2025-06-05,S003,P0007,61,20,0
2025-06-05,S003,P0008,38,20,0
2025-06-05,S003,P0009,41,20,0
2025-06-05,S003,P0010,104,20,0
2025-06-05,S004,P0001,103,20,0
2025-06-05,S004,P0002,50,20,0
2025-06-05,S004,P0003,109,20,0
2025-06-05,S004,P0004,67,20,0
2025-06-05,S004,P0005,98,20,0
2025-06-05,S004,P0006,81,20,0
2025-06-05,S004,P0007,34,20,0
2025-06-05,S004,P0008,49,20,0
2025-06-05,S004,P0009,34,20,0
2025-06-05,S004,P0010,58,20,0
2025-06-05,S005,P0001,101,20,0
2025-06-05,S005,P0002,72,20,0
2025-06-05,S005,P0003,29,20,0
2025-06-05,S005,P0004,81,20,0
2025-06-05,S005,P0005,82,20,0
2025-06-05,S005,P0006,22,20,0
2025-06-05,S005,P0007,35,20,0
2025-06-05,S005,P0008,76,20,0
2025-06-05,S005,P0009,62,20,0
2025-06-05,S005,P0010,55,20,0
2025-06-06,S001,P0001,96,20,0
2025-06-06,S001,P0002,41,20,0
2025-06-06,S001,P0003,83,20,0
2025-06-06,S001,P0004,74,20,0
2025-06-06,S001,P0005,81,20,0
2025-06-06,S001,P0006,77,20,0
2025-06-06,S001,P0007,104,20,0
2025-06-06,S001,P0008,40,20,0
2025-06-06,S001,P0009,79,20,0
2025-06-06,S001,P0010,86,20,0
2025-06-06,S002,P0001,109,20,0
2025-06-06,S002,P0002,83,20,0
2025-06-06,S002,P0003,108,20,0
2025-06-06,S002,P0004,52,20,0
2025-06-06,S002,P0005,29,20,0
2025-06-06,S002,P0006,54,20,0
2025-06-06,S002,P0007,44,20,0
2025-06-06,S002,P0008,100,20,0
2025-06-06,S002,P0009,51,20,0
2025-06-06,S002,P0010,60,20,0
2025-06-06,S003,P0001,42,20,0
2025-06-06,S003,P0002,44,20,0
2025-06-06,S003,P0003,30,20,0
2025-06-06,S003,P0004,45,20,0
2025-06-06,S003,P0005,35,20,0
2025-06-06,S003,P0006,91,20,0
2025-06-06,S003,P0007,60,20,0
2025-06-06,S003,P0008,36,20,0
2025-06-06,S003,P0009,41,20,0
2025-06-06,S003,P0010,102,20,0
2025-06-06,S004,P0001,102,20,0
2025-06-06,S004,P0002,50,20,0
2025-06-06,S004,P0003,106,20,0
2025-06-06,S004,P0004,67,20,0
2025-06-06,S004,P0005,96,20,0
2025-06-06,S004,P0006,81,20,0
2025-06-06,S004,P0007,34,20,0
2025-06-06,S004,P0008,47,20,0
2025-06-06,S004,P0009,33,20,0
2025-06-06,S004,P0010,56,20,0
2025-06-06,S005,P0001,101,20,0
2025-06-06,S005,P0002,70,20,0
2025-06-06,S005,P0003,28,20,0
2025-06-06,S005,P0004,79,20,0
2025-06-06,S005,P0005,81,20,0
2025-06-06,S005,P0006,22,20,0
2025-06-06,S005,P0007,33,20,0
2025-06-06,S005,P0008,72,20,0
2025-06-06,S005,P0009,62,20,0
2025-06-06,S005,P0010,55,20,0
2025-06-07,S001,P0001,95,20,0
2025-06-07,S001,P0002,38,20,0
2025-06-07,S001,P0003,80,20,0
2025-06-07,S001,P0004,74,20,0
2025-06-07,S001,P0005,77,20,0
2025-06-07,S001,P0006,77,20,0
2025-06-07,S001,P0007,104,20,0
2025-06-07,S001,P0008,40,20,0
2025-06-07,S001,P0009,78,20,0
2025-06-07,S001,P0010,85,20,0
2025-06-07,S002,P0001,109,20,0
2025-06-07,S002,P0002,82,20,0
2025-06-07,S002,P0003,106,20,0
2025-06-07,S002,P0004,49,20,0
2025-06-07,S002,P0005,29,20,0
2025-06-07,S002,P0006,50,20,0
2025-06-07,S002,P0007,42,20,0
2025-06-07,S002,P0008,99,20,0
2025-06-07,S002,P0009,50,20,0
2025-06-07,S002,P0010,60,20,0
2025-06-07,S003,P0001,42,20,0
2025-06-07,S003,P0002,44,20,0
2025-06-07,S003,P0003,30,20,0
2025-06-07,S003,P0004,45,20,0
2025-06-07,S003,P0005,32,20,0
2025-06-07,S003,P0006,90,20,0
2025-06-07,S003,P0007,59,20,0
2025-06-07,S003,P0008,33,20,0
2025-06-07,S003,P0009,40,20,0
2025-06-07,S003,P0010,102,20,0
2025-06-07,S004,P0001,100,20,0
2025-06-07,S004,P0002,48,20,0
2025-06-07,S004,P0003,104,20,0
2025-06-07,S004,P0004,67,20,0
2025-06-07,S004,P0005,94,20,0
2025-06-07,S004,P0006,78,20,0
2025-06-07,S004,P0007,33,20,0
2025-06-07,S004,P0008,47,20,0
2025-06-07,S004,P0009,31,20,0
2025-06-07,S004,P0010,55,20,0
2025-06-07,S005,P0001,99,20,0
2025-06-07,S005,P0002,68,20,0
2025-06-07,S005,P0003,26,20,0
2025-06-07,S005,P0004,79,20,0
2025-06-07,S005,P0005,78,20,0
2025-06-07,S005,P0006,22,20,0
2025-06-07,S005,P0007,30,20,0
2025-06-07,S005,P0008,72,20,0
2025-06-07,S005,P0009,62,20,0
2025-06-07,S005,P0010,55,20,0
2025-06-08,S001,P0001,93,20,0
2025-06-08,S001,P0002,38,20,0
2025-06-08,S001,P0003,80,20,0
2025-06-08,S001,P0004,74,20,0
2025-06-08,S001,P0005,72,20,0
2025-06-08,S001,P0006,77,20,0
2025-06-08,S001,P0007,104,20,0
2025-06-08,S001,P0008,38,20,0
2025-06-08,S001,P0009,77,20,0
2025-06-08,S001,P0010,85,20,0
2025-06-08,S002,P0001,107,20,0
2025-06-08,S002,P0002,82,20,0
2025-06-08,S002,P0003,104,20,0
2025-06-08,S002,P0004,47,20,0
2025-06-08,S002,P0005,26,20,0
2025-06-08,S002,P0006,49,20,0
2025-06-08,S002,P0007,41,20,0
2025-06-08,S002,P0008,99,20,0
2025-06-08,S002,P0009,49,20,0
2025-06-08,S002,P0010,57,20,0
2025-06-08,S003,P0001,39,20,0
2025-06-08,S003,P0002,42,20,0
2025-06-08,S003,P0003,26,20,0
2025-06-08,S003,P0004,44,20,0
2025-06-08,S003,P0005,32,20,0
2025-06-08,S003,P0006,90,20,0
2025-06-08,S003,P0007,59,20,0
2025-06-08,S003,P0008,32,20,0
2025-06-08,S003,P0009,38,20,0
2025-06-08,S003,P0010,99,20,0
2025-06-08,S004,P0001,98,20,0
2025-06-08,S004,P0002,46,20,0
2025-06-08,S004,P0003,102,20,0
2025-06-08,S004,P0004,66,20,0
2025-06-08,S004,P0005,90,20,0
2025-06-08,S004,P0006,75,20,0
2025-06-08,S004,P0007,33,20,0
2025-06-08,S004,P0008,46,20,0
2025-06-08,S004,P0009,30,20,0
2025-06-08,S004,P0010,55,20,0
2025-06-08,S005,P0001,96,20,0
2025-06-08,S005,P0002,66,20,0
2025-06-08,S005,P0003,26,20,0
2025-06-08,S005,P0004,78,20,0
2025-06-08,S005,P0005,78,20,0
2025-06-08,S005,P0006,22,20,0
2025-06-08,S005,P0007,28,20,0
2025-06-08,S005,P0008,70,20,0
2025-06-08,S005,P0009,60,20,0
2025-06-08,S005,P0010,53,20,0
2025-06-09,S001,P0001,93,20,0
2025-06-09,S001,P0002,37,20,0
2025-06-09,S001,P0003,79,20,0
2025-06-09,S001,P0004,73,20,0
2025-06-09,S001,P0005,70,20,0
2025-06-09,S001,P0006,75,20,0
2025-06-09,S001,P0007,104,20,0
2025-06-09,S001,P0008,37,20,0
2025-06-09,S001,P0009,72,20,0
2025-06-09,S001,P0010,85,20,0
2025-06-09,S002,P0001,104,20,0
2025-06-09,S002,P0002,82,20,0
2025-06-09,S002,P0003,103,20,0
2025-06-09,S002,P0004,47,20,0
2025-06-09,S002,P0005,22,20,0
2025-06-09,S002,P0006,47,20,0
2025-06-09,S002,P0007,41,20,0
2025-06-09,S002,P0008,96,20,0
2025-06-09,S002,P0009,47,20,0
2025-06-09,S002,P0010,56,20,0
2025-06-09,S003,P0001,38,20,0
2025-06-09,S003,P0002,42,20,0
2025-06-09,S003,P0003,26,20,0
2025-06-09,S003,P0004,41,20,0
2025-06-09,S003,P0005,32,20,0
2025-06-09,S003,P0006,89,20,0
2025-06-09,S003,P0007,58,20,0
2025-06-09,S003,P0008,29,20,0
2025-06-09,S003,P0009,37,20,0
2025-06-09,S003,P0010,99,20,0
2025-06-09,S004,P0001,98,20,0
2025-06-09,S004,P0002,44,20,0
2025-06-09,S004,P0003,101,20,0
2025-06-09,S004,P0004,65,20,0
2025-06-09,S004,P0005,84,20,0
2025-06-09,S004,P0006,75,20,0
2025-06-09,S004,P0007,33,20,0
2025-06-09,S004,P0008,46,20,0
2025-06-09,S004,P0009,30,20,0
2025-06-09,S004,P0010,54,20,0
2025-06-09,S005,P0001,95,20,0
2025-06-09,S005,P0002,65,20,0
2025-06-09,S005,P0003,25,20,0
2025-06-09,S005,P0004,78,20,0
2025-06-09,S005,P0005,73,20,0
2025-06-09,S005,P0006,22,20,0
2025-06-09,S005,P0007,27,20,0
2025-06-09,S005,P0008,68,20,0
2025-06-09,S005,P0009,59,20,0
2025-06-09,S005,P0010,51,20,0
2025-06-10,S001,P0001,93,20,0
2025-06-10,S001,P0002,35,20,0
2025-06-10,S001,P0003,78,20,0
2025-06-10,S001,P0004,72,20,0
2025-06-10,S001,P0005,68,20,0
2025-06-10,S001,P0006,74,20,0
2025-06-10,S001,P0007,103,20,0
2025-06-10,S001,P0008,37,20,0
2025-06-10,S001,P0009,71,20,0
2025-06-10,S001,P0010,84,20,0
2025-06-10,S002,P0001,102,20,0
2025-06-10,S002,P0002,78,20,0
2025-06-10,S002,P0003,103,20,0
2025-06-10,S002,P0004,46,20,0
2025-06-10,S002,P0005,20,20,0
2025-06-10,S002,P0006,45,20,0
2025-06-10,S002,P0007,40,20,0
2025-06-10,S002,P0008,94,20,0
2025-06-10,S002,P0009,44,20,0
2025-06-10,S002,P0010,56,20,0
2025-06-10,S003,P0001,37,20,0
2025-06-10,S003,P0002,42,20,0
2025-06-10,S003,P0003,24,20,0
2025-06-10,S003,P0004,39,20,0
2025-06-10,S003,P0005,29,20,0
2025-06-10,S003,P0006,89,20,0
2025-06-10,S003,P0007,58,20,0
2025-06-10,S003,P0008,28,20,0
2025-06-10,S003,P0009,35,20,0
2025-06-10,S003,P0010,97,20,0
2025-06-10,S004,P0001,97,20,0
2025-06-10,S004,P0002,44,20,0
2025-06-10,S004,P0003,100,20,0
2025-06-10,S004,P0004,64,20,0
2025-06-10,S004,P0005,81,20,0
2025-06-10,S004,P0006,75,20,0
2025-06-10,S004,P0007,31,20,0
2025-06-10,S004,P0008,44,20,0
2025-06-10,S004,P0009,27,20,0
2025-06-10,S004,P0010,53,20,0
2025-06-10,S005,P0001,94,20,0
2025-06-10,S005,P0002,63,20,0
2025-06-10,S005,P0003,23,20,0
2025-06-10,S005,P0004,77,20,0
2025-06-10,S005,P0005,73,20,0
2025-06-10,S005,P0006,21,20,0
2025-06-10,S005,P0007,25,20,0
2025-06-10,S005,P0008,68,20,0
2025-06-10,S005,P0009,56,20,0
2025-06-10,S005,P0010,51,20,0
2025-06-11,S001,P0001,91,20,0
2025-06-11,S001,P0002,34,20,0
2025-06-11,S001,P0003,78,20,0
2025-06-11,S001,P0004,71,20,0
2025-06-11,S001,P0005,64,20,0
2025-06-11,S001,P0006,73,20,0
2025-06-11,S001,P0007,102,20,0
2025-06-11,S001,P0008,36,20,0
2025-06-11,S001,P0009,68,20,0
2025-06-11,S001,P0010,83,20,0
2025-06-11,S002,P0001,101,20,0
2025-06-11,S002,P0002,78,20,0
2025-06-11,S002,P0003,102,20,0
2025-06-11,S002,P0004,45,20,0
2025-06-11,S002,P0005,119,20,0
2025-06-11,S002,P0006,45,20,0
2025-06-11,S002,P0007,39,20,0
2025-06-11,S002,P0008,93,20,0
2025-06-11,S002,P0009,42,20,0
2025-06-11,S002,P0010,56,20,0
2025-06-11,S003,P0001,36,20,0
2025-06-11,S003,P0002,37,20,0
2025-06-11,S003,P0003,24,20,0
2025-06-11,S003,P0004,38,20,0
2025-06-11,S003,P0005,29,20,0
2025-06-11,S003,P0006,88,20,0
2025-06-11,S003,P0007,58,20,0
2025-06-11,S003,P0008,27,20,0
2025-06-11,S003,P0009,32,20,0
2025-06-11,S003,P0010,94,20,0
2025-06-11,S004,P0001,97,20,0
2025-06-11,S004,P0002,41,20,0
2025-06-11,S004,P0003,96,20,0
2025-06-11,S004,P0004,64,20,0
2025-06-11,S004,P0005,80,20,0
2025-06-11,S004,P0006,73,20,0
2025-06-11,S004,P0007,31,20,0
2025-06-11,S004,P0008,43,20,0
2025-06-11,S004,P0009,24,20,0
2025-06-11,S004,P0010,51,20,0
2025-06-11,S005,P0001,94,20,0
2025-06-11,S005,P0002,63,20,0
2025-06-11,S005,P0003,21,20,0
2025-06-11,S005,P0004,76,20,0
2025-06-11,S005,P0005,68,20,0
2025-06-11,S005,P0006,21,20,0
2025-06-11,S005,P0007,23,20,0
2025-06-11,S005,P0008,67,20,0
2025-06-11,S005,P0009,56,20,0
2025-06-11,S005,P0010,50,20,0
2025-06-12,S001,P0001,89,20,0
2025-06-12,S001,P0002,31,20,0
2025-06-12,S001,P0003,76,20,0
2025-06-12,S001,P0004,71,20,0
2025-06-12,S001,P0005,58,20,0
2025-06-12,S001,P0006,73,20,0
2025-06-12,S001,P0007,100,20,0
2025-06-12,S001,P0008,35,20,0
2025-06-12,S001,P0009,67,20,0
2025-06-12,S001,P0010,82,20,0
2025-06-12,S002,P0001,101,20,0
2025-06-12,S002,P0002,76,20,0
2025-06-12,S002,P0003,101,20,0
2025-06-12,S002,P0004,45,20,0
2025-06-12,S002,P0005,116,20,0
2025-06-12,S002,P0006,45,20,0
2025-06-12,S002,P0007,39,20,0
2025-06-12,S002,P0008,93,20,0
2025-06-12,S002,P0009,40,20,0
2025-06-12,S002,P0010,54,20,0
2025-06-12,S003,P0001,36,20,0
2025-06-12,S003,P0002,35,20,0
2025-06-12,S003,P0003,23,20,0
2025-06-12,S003,P0004,37,20,0
2025-06-12,S003,P0005,26,20,0
2025-06-12,S003,P0006,87,20,0
2025-06-12,S003,P0007,58,20,0
2025-06-12,S003,P0008,26,20,0
2025-06-12,S003,P0009,30,20,0
2025-06-12,S003,P0010,92,20,0
2025-06-12,S004,P0001,97,20,0
2025-06-12,S004,P0002,38,20,0
2025-06-12,S004,P0003,96,20,0
2025-06-12,S004,P0004,63,20,0
2025-06-12,S004,P0005,77,20,0
2025-06-12,S004,P0006,73,20,0
2025-06-12,S004,P0007,30,20,0
2025-06-12,S004,P0008,43,20,0
2025-06-12,S004,P0009,21,20,0
2025-06-12,S004,P0010,49,20,0
2025-06-12,S005,P0001,93,20,0
2025-06-12,S005,P0002,63,20,0
2025-06-12,S005,P0003,21,20,0
2025-06-12,S005,P0004,76,20,0
2025-06-12,S005,P0005,67,20,0
2025-06-12,S005,P0006,20,20,0
2025-06-12,S005,P0007,21,20,0
2025-06-12,S005,P0008,65,20,0
2025-06-12,S005,P0009,54,20,0
2025-06-12,S005,P0010,47,20,0
2025-06-13,S001,P0001,89,20,0
2025-06-13,S001,P0002,31,20,0
2025-06-13,S001,P0003,75,20,0
2025-06-13,S001,P0004,70,20,0
2025-06-13,S001,P0005,56,20,0
2025-06-13,S001,P0006,72,20,0
2025-06-13,S001,P0007,100,20,0
2025-06-13,S001,P0008,34,20,0
2025-06-13,S001,P0009,66,20,0
2025-06-13,S001,P0010,82,20,0
2025-06-13,S002,P0001,97,20,0
2025-06-13,S002,P0002,70,20,0
2025-06-13,S002,P0003,100,20,0
2025-06-13,S002,P0004,44,20,0
2025-06-13,S002,P0005,115,20,0
2025-06-13,S002,P0006,45,20,0
2025-06-13,S002,P0007,39,20,0
2025-06-13,S002,P0008,91,20,0
2025-06-13,S002,P0009,37,20,0
2025-06-13,S002,P0010,54,20,0
2025-06-13,S003,P0001,35,20,0
2025-06-13,S003,P0002,32,20,0
2025-06-13,S003,P0003,20,20,0
2025-06-13,S003,P0004,35,20,0
2025-06-13,S003,P0005,24,20,0
2025-06-13,S003,P0006,85,20,0
2025-06-13,S003,P0007,56,20,0
2025-06-13,S003,P0008,24,20,0
2025-06-13,S003,P0009,29,20,0
2025-06-13,S003,P0010,90,20,0
2025-06-13,S004,P0001,95,20,0
2025-06-13,S004,P0002,37,20,0
2025-06-13,S004,P0003,95,20,0
2025-06-13,S004,P0004,63,20,0
2025-06-13,S004,P0005,75,20,0
2025-06-13,S004,P0006,73,20,0
2025-06-13,S004,P0007,30,20,0
2025-06-13,S004,P0008,42,20,0
2025-06-13,S004,P0009,116,20,0
2025-06-13,S004,P0010,48,20,0
2025-06-13,S005,P0001,93,20,0
2025-06-13,S005,P0002,60,20,0
2025-06-13,S005,P0003,21,20,0
2025-06-13,S005,P0004,75,20,0
2025-06-13,S005,P0005,65,20,0
2025-06-13,S005,P0006,119,20,0
2025-06-13,S005,P0007,117,20,0
2025-06-13,S005,P0008,65,20,0
2025-06-13,S005,P0009,54,20,0
2025-06-13,S005,P0010,45,20,0
2025-06-14,S001,P0001,87,20,0
2025-06-14,S001,P0002,31,20,0
2025-06-14,S001,P0003,72,20,0
2025-06-14,S001,P0004,68,20,0
2025-06-14,S001,P0005,56,20,0
2025-06-14,S001,P0006,71,20,0
2025-06-14,S001,P0007,100,20,0
2025-06-14,S001,P0008,33,20,0
2025-06-14,S001,P0009,64,20,0
2025-06-14,S001,P0010,80,20,0
2025-06-14,S002,P0001,96,20,0
2025-06-14,S002,P0002,68,20,0
2025-06-14,S002,P0003,99,20,0
2025-06-14,S002,P0004,44,20,0
2025-06-14,S002,P0005,111,20,0
2025-06-14,S002,P0006,44,20,0
2025-06-14,S002,P0007,37,20,0
2025-06-14,S002,P0008,90,20,0
2025-06-14,S002,P0009,37,20,0
2025-06-14,S002,P0010,53,20,0
2025-06-14,S003,P0001,34,20,0
2025-06-14,S003,P0002,31,20,0
2025-06-14,S003,P0003,119,20,0
2025-06-14,S003,P0004,34,20,0
2025-06-14,S003,P0005,21,20,0
2025-06-14,S003,P0006,84,20,0
2025-06-14,S003,P0007,55,20,0
2025-06-14,S003,P0008,24,20,0
2025-06-14,S003,P0009,25,20,0
2025-06-14,S003,P0010,88,20,0
2025-06-14,S004,P0001,94,20,0
2025-06-14,S004,P0002,36,20,0
2025-06-14,S004,P0003,94,20,0
2025-06-14,S004,P0004,62,20,0
2025-06-14,S004,P0005,71,20,0
2025-06-14,S004,P0006,73,20,0
2025-06-14,S004,P0007,29,20,0
2025-06-14,S004,P0008,40,20,0
2025-06-14,S004,P0009,113,20,0
2025-06-14,S004,P0010,46,20,0
2025-06-14,S005,P0001,92,20,0
2025-06-14,S005,P0002,59,20,0
2025-06-14,S005,P0003,117,20,0
2025-06-14,S005,P0004,75,20,0
2025-06-14,S005,P0005,62,20,0
2025-06-14,S005,P0006,119,20,0
2025-06-14,S005,P0007,116,20,0
2025-06-14,S005,P0008,65,20,0
2025-06-14,S005,P0009,53,20,0
2025-06-14,S005,P0010,43,20,0
2025-06-15,S001,P0001,86,20,0
2025-06-15,S001,P0002,30,20,0
2025-06-15,S001,P0003,71,20,0
2025-06-15,S001,P0004,68,20,0
2025-06-15,S001,P0005,56,20,0
2025-06-15,S001,P0006,69,20,0
2025-06-15,S001,P0007,100,20,0
2025-06-15,S001,P0008,32,20,0
2025-06-15,S001,P0009,64,20,0
2025-06-15,S001,P0010,79,20,0
2025-06-15,S002,P0001,95,20,0
2025-06-15,S002,P0002,67,20,0
2025-06-15,S002,P0003,96,20,0
2025-06-15,S002,P0004,44,20,0
2025-06-15,S002,P0005,110,20,0
2025-06-15,S002,P0006,44,20,0
2025-06-15,S002,P0007,35,20,0
2025-06-15,S002,P0008,89,20,0
2025-06-15,S002,P0009,35,20,0
2025-06-15,S002,P0010,52,20,0
2025-06-15,S003,P0001,34,20,0
2025-06-15,S003,P0002,29,20,0
2025-06-15,S003,P0003,118,20,0
2025-06-15,S003,P0004,33,20,0
2025-06-15,S003,P0005,117,20,0
2025-06-15,S003,P0006,84,20,0
2025-06-15,S003,P0007,54,20,0
2025-06-15,S003,P0008,21,20,0
2025-06-15,S003,P0009,25,20,0
2025-06-15,S003,P0010,87,20,0
2025-06-15,S004,P0001,92,20,0
2025-06-15,S004,P0002,35,20,0
2025-06-15,S004,P0003,92,20,0
2025-06-15,S004,P0004,58,20,0
2025-06-15,S004,P0005,66,20,0
2025-06-15,S004,P0006,73,20,0
2025-06-15,S004,P0007,29,20,0
2025-06-15,S004,P0008,36,20,0
2025-06-15,S004,P0009,111,20,0
2025-06-15,S004,P0010,42,20,0
2025-06-15,S005,P0001,91,20,0
2025-06-15,S005,P0002,59,20,0
2025-06-15,S005,P0003,116,20,0
2025-06-15,S005,P0004,74,20,0
2025-06-15,S005,P0005,60,20,0
2025-06-15,S005,P0006,119,20,0
2025-06-15,S005,P0007,116,20,0
2025-06-15,S005,P0008,62,20,0
2025-06-15,S005,P0009,52,20,0
2025-06-15,S005,P0010,43,20,0
2025-06-16,S001,P0001,86,20,0
2025-06-16,S001,P0002,30,20,0
2025-06-16,S001,P0003,68,20,0
2025-06-16,S001,P0004,66,20,0
2025-06-16,S001,P0005,56,20,0
2025-06-16,S001,P0006,69,20,0
2025-06-16,S001,P0007,100,20,0
2025-06-16,S001,P0008,30,20,0
2025-06-16,S001,P0009,63,20,0
2025-06-16,S001,P0010,79,20,0
2025-06-16,S002,P0001,94,20,0
2025-06-16,S002,P0002,67,20,0
2025-06-16,S002,P0003,95,20,0
2025-06-16,S002,P0004,43,20,0
2025-06-16,S002,P0005,109,20,0
2025-06-16,S002,P0006,41,20,0
2025-06-16,S002,P0007,33,20,0
2025-06-16,S002,P0008,88,20,0
2025-06-16,S002,P0009,32,20,0
2025-06-16,S002,P0010,50,20,0
2025-06-16,S003,P0001,33,20,0
2025-06-16,S003,P0002,27,20,0
2025-06-16,S003,P0003,118,20,0
2025-06-16,S003,P0004,33,20,0
2025-06-16,S003,P0005,117,20,0
2025-06-16,S003,P0006,84,20,0
2025-06-16,S003,P0007,54,20,0
2025-06-16,S003,P0008,119,20,0
2025-06-16,S003,P0009,24,20,0
2025-06-16,S003,P0010,87,20,0
2025-06-16,S004,P0001,92,20,0
2025-06-16,S004,P0002,35,20,0
2025-06-16,S004,P0003,90,20,0
2025-06-16,S004,P0004,57,20,0
2025-06-16,S004,P0005,63,20,0
2025-06-16,S004,P0006,72,20,0
2025-06-16,S004,P0007,28,20,0
2025-06-16,S004,P0008,36,20,0
2025-06-16,S004,P0009,109,20,0
2025-06-16,S004,P0010,40,20,0
2025-06-16,S005,P0001,90,20,0
2025-06-16,S005,P0002,57,20,0
2025-06-16,S005,P0003,115,20,0
2025-06-16,S005,P0004,74,20,0
2025-06-16,S005,P0005,57,20,0
2025-06-16,S005,P0006,119,20,0
2025-06-16,S005,P0007,115,20,0
2025-06-16,S005,P0008,60,20,0
2025-06-16,S005,P0009,50,20,0
2025-06-16,S005,P0010,42,20,0
2025-06-17,S001,P0001,86,20,0
2025-06-17,S001,P0002,30,20,0
2025-06-17,S001,P0003,68,20,0
2025-06-17,S001,P0004,65,20,0
2025-06-17,S001,P0005,54,20,0
2025-06-17,S001,P0006,68,20,0
2025-06-17,S001,P0007,99,20,0
2025-06-17,S001,P0008,28,20,0
2025-06-17,S001,P0009,59,20,0
2025-06-17,S001,P0010,77,20,0
2025-06-17,S002,P0001,94,20,0
2025-06-17,S002,P0002,66,20,0
2025-06-17,S002,P0003,94,20,0
2025-06-17,S002,P0004,41,20,0
2025-06-17,S002,P0005,106,20,0
2025-06-17,S002,P0006,39,20,0
2025-06-17,S002,P0007,32,20,0
2025-06-17,S002,P0008,87,20,0
2025-06-17,S002,P0009,32,20,0
2025-06-17,S002,P0010,48,20,0
2025-06-17,S003,P0001,32,20,0
2025-06-17,S003,P0002,26,20,0
2025-06-17,S003,P0003,116,20,0
2025-06-17,S003,P0004,33,20,0
2025-06-17,S003,P0005,115,20,0
2025-06-17,S003,P0006,84,20,0
2025-06-17,S003,P0007,54,20,0
2025-06-17,S003,P0008,119,20,0
2025-06-17,S003,P0009,23,20,0
2025-06-17,S003,P0010,86,20,0
2025-06-17,S004,P0001,91,20,0
2025-06-17,S004,P0002,35,20,0
2025-06-17,S004,P0003,89,20,0
2025-06-17,S004,P0004,57,20,0
2025-06-17,S004,P0005,60,20,0
2025-06-17,S004,P0006,71,20,0
2025-06-17,S004,P0007,28,20,0
2025-06-17,S004,P0008,36,20,0
2025-06-17,S004,P0009,109,20,0
2025-06-17,S004,P0010,38,20,0
2025-06-17,S005,P0001,89,20,0
2025-06-17,S005,P0002,54,20,0
2025-06-17,S005,P0003,115,20,0
2025-06-17,S005,P0004,73,20,0
2025-06-17,S005,P0005,52,20,0
2025-06-17,S005,P0006,119,20,0
2025-06-17,S005,P0007,114,20,0
2025-06-17,S005,P0008,58,20,0
2025-06-17,S005,P0009,50,20,0
2025-06-17,S005,P0010,41,20,0
2025-06-18,S001,P0001,85,20,0
2025-06-18,S001,P0002,25,20,0
2025-06-18,S001,P0003,68,20,0
2025-06-18,S001,P0004,65,20,0
2025-06-18,S001,P0005,52,20,0
2025-06-18,S001,P0006,68,20,0
2025-06-18,S001,P0007,99,20,0
2025-06-18,S001,P0008,26,20,0
2025-06-18,S001,P0009,59,20,0
2025-06-18,S001,P0010,76,20,0
2025-06-18,S002,P0001,93,20,0
2025-06-18,S002,P0002,62,20,0
2025-06-18,S002,P0003,94,20,0
2025-06-18,S002,P0004,38,20,0
2025-06-18,S002,P0005,102,20,0
2025-06-18,S002,P0006,38,20,0
2025-06-18,S002,P0007,31,20,0
2025-06-18,S002,P0008,87,20,0
2025-06-18,S002,P0009,31,20,0
2025-06-18,S002,P0010,48,20,0
2025-06-18,S003,P0001,29,20,0
2025-06-18,S003,P0002,24,20,0
2025-06-18,S003,P0003,114,20,0
2025-06-18,S003,P0004,31,20,0
2025-06-18,S003,P0005,112,20,0
2025-06-18,S003,P0006,83,20,0
2025-06-18,S003,P0007,52,20,0
2025-06-18,S003,P0008,117,20,0
2025-06-18,S003,P0009,22,20,0
2025-06-18,S003,P0010,83,20,0
2025-06-18,S004,P0001,91,20,0
2025-06-18,S004,P0002,33,20,0
2025-06-18,S004,P0003,89,20,0
2025-06-18,S004,P0004,57,20,0
2025-06-18,S004,P0005,59,20,0
2025-06-18,S004,P0006,70,20,0
2025-06-18,S004,P0007,26,20,0
2025-06-18,S004,P0008,36,20,0
2025-06-18,S004,P0009,106,20,0
2025-06-18,S004,P0010,38,20,0
2025-06-18,S005,P0001,88,20,0
2025-06-18,S005,P0002,52,20,0
2025-06-18,S005,P0003,111,20,0
2025-06-18,S005,P0004,71,20,0
2025-06-18,S005,P0005,49,20,0
2025-06-18,S005,P0006,119,20,0
2025-06-18,S005,P0007,113,20,0
2025-06-18,S005,P0008,58,20,0
2025-06-18,S005,P0009,49,20,0
2025-06-18,S005,P0010,38,20,0
2025-06-19,S001,P0001,83,20,0
2025-06-19,S001,P0002,25,20,0
2025-06-19,S001,P0003,68,20,0
2025-06-19,S001,P0004,63,20,0
2025-06-19,S001,P0005,50,20,0
2025-06-19,S001,P0006,67,20,0
2025-06-19,S001,P0007,98,20,0
2025-06-19,S001,P0008,26,20,0
2025-06-19,S001,P0009,57,20,0
2025-06-19,S001,P0010,75,20,0
2025-06-19,S002,P0001,92,20,0
2025-06-19,S002,P0002,61,20,0
2025-06-19,S002,P0003,94,20,0
2025-06-19,S002,P0004,37,20,0
2025-06-19,S002,P0005,97,20,0
2025-06-19,S002,P0006,37,20,0
2025-06-19,S002,P0007,29,20,0
2025-06-19,S002,P0008,85,20,0
2025-06-19,S002,P0009,30,20,0
2025-06-19,S002,P0010,47,20,0
2025-06-19,S003,P0001,28,20,0
2025-06-19,S003,P0002,23,20,0
2025-06-19,S003,P0003,113,20,0
2025-06-19,S003,P0004,31,20,0
2025-06-19,S003,P0005,111,20,0
2025-06-19,S003,P0006,83,20,0
2025-06-19,S003,P0007,50,20,0
2025-06-19,S003,P0008,117,20,0
2025-06-19,S003,P0009,119,20,0
2025-06-19,S003,P0010,81,20,0
2025-06-19,S004,P0001,90,20,0
2025-06-19,S004,P0002,29,20,0
2025-06-19,S004,P0003,89,20,0
2025-06-19,S004,P0004,57,20,0
2025-06-19,S004,P0005,55,20,0
2025-06-19,S004,P0006,70,20,0
2025-06-19,S004,P0007,26,20,0
2025-06-19,S004,P0008,34,20,0
2025-06-19,S004,P0009,103,20,0
2025-06-19,S004,P0010,37,20,0
2025-06-19,S005,P0001,85,20,0
2025-06-19,S005,P0002,49,20,0
2025-06-19,S005,P0003,109,20,0
2025-06-19,S005,P0004,70,20,0
2025-06-19,S005,P0005,48,20,0
2025-06-19,S005,P0006,119,20,0
2025-06-19,S005,P0007,111,20,0
2025-06-19,S005,P0008,57,20,0
2025-06-19,S005,P0009,46,20,0
2025-06-19,S005,P0010,38,20,0
2025-06-20,S001,P0001,82,20,0
2025-06-20,S001,P0002,25,20,0
2025-06-20,S001,P0003,67,20,0
2025-06-20,S001,P0004,59,20,0
2025-06-20,S001,P0005,48,20,0
2025-06-20,S001,P0006,66,20,0
2025-06-20,S001,P0007,98,20,0
2025-06-20,S001,P0008,25,20,0
2025-06-20,S001,P0009,55,20,0
2025-06-20,S001,P0010,72,20,0
2025-06-20,S002,P0001,92,20,0
2025-06-20,S002,P0002,55,20,0
2025-06-20,S002,P0003,93,20,0
2025-06-20,S002,P0004,37,20,0
2025-06-20,S002,P0005,93,20,0
2025-06-20,S002,P0006,37,20,0
2025-06-20,S002,P0007,28,20,0
2025-06-20,S002,P0008,84,20,0
2025-06-20,S002,P0009,29,20,0
2025-06-20,S002,P0010,45,20,0
2025-06-20,S003,P0001,24,20,0
2025-06-20,S003,P0002,23,20,0
2025-06-20,S003,P0003,113,20,0
2025-06-20,S003,P0004,31,20,0
2025-06-20,S003,P0005,107,20,0
2025-06-20,S003,P0006,83,20,0
2025-06-20,S003,P0007,50,20,0
2025-06-20,S003,P0008,117,20,0
2025-06-20,S003,P0009,118,20,0
2025-06-20,S003,P0010,79,20,0
2025-06-20,S004,P0001,90,20,0
2025-06-20,S004,P0002,27,20,0
2025-06-20,S004,P0003,89,20,0
2025-06-20,S004,P0004,57,20,0
2025-06-20,S004,P0005,55,20,0
2025-06-20,S004,P0006,68,20,0
2025-06-20,S004,P0007,26,20,0
2025-06-20,S004,P0008,31,20,0
2025-06-20,S004,P0009,100,20,0
2025-06-20,S004,P0010,36,20,0
2025-06-20,S005,P0001,84,20,0
2025-06-20,S005,P0002,48,20,0
2025-06-20,S005,P0003,109,20,0
2025-06-20,S005,P0004,70,20,0
2025-06-20,S005,P0005,44,20,0
2025-06-20,S005,P0006,118,20,0
2025-06-20,S005,P0007,111,20,0
2025-06-20,S005,P0008,56,20,0
2025-06-20,S005,P0009,45,20,0
2025-06-20,S005,P0010,37,20,0
2025-06-21,S001,P0001,82,20,0
2025-06-21,S001,P0002,22,20,0
2025-06-21,S001,P0003,66,20,0
2025-06-21,S001,P0004,59,20,0
2025-06-21,S001,P0005,44,20,0
2025-06-21,S001,P0006,66,20,0
2025-06-21,S001,P0007,98,20,0
2025-06-21,S001,P0008,23,20,0
2025-06-21,S001,P0009,51,20,0
2025-06-21,S001,P0010,70,20,0
2025-06-21,S002,P0001,91,20,0
2025-06-21,S002,P0002,52,20,0
2025-06-21,S002,P0003,91,20,0
2025-06-21,S002,P0004,36,20,0
2025-06-21,S002,P0005,90,20,0
2025-06-21,S002,P0006,37,20,0
2025-06-21,S002,P0007,27,20,0
2025-06-21,S002,P0008,82,20,0
2025-06-21,S002,P0009,28,20,0
2025-06-21,S002,P0010,44,20,0
2025-06-21,S003,P0001,24,20,0
2025-06-21,S003,P0002,22,20,0
2025-06-21,S003,P0003,112,20,0
2025-06-21,S003,P0004,30,20,0
2025-06-21,S003,P0005,104,20,0
2025-06-21,S003,P0006,83,20,0
2025-06-21,S003,P0007,50,20,0
2025-06-21,S003,P0008,114,20,0
2025-06-21,S003,P0009,117,20,0
2025-06-21,S003,P0010,79,20,0
2025-06-21,S004,P0001,89,20,0
2025-06-21,S004,P0002,26,20,0
2025-06-21,S004,P0003,89,20,0
2025-06-21,S004,P0004,57,20,0
2025-06-21,S004,P0005,53,20,0
2025-06-21,S004,P0006,66,20,0
2025-06-21,S004,P0007,25,20,0
2025-06-21,S004,P0008,30,20,0
2025-06-21,S004,P0009,98,20,0
2025-06-21,S004,P0010,36,20,0
2025-06-21,S005,P0001,84,20,0
2025-06-21,S005,P0002,48,20,0
2025-06-21,S005,P0003,108,20,0
2025-06-21,S005,P0004,70,20,0
2025-06-21,S005,P0005,42,20,0
2025-06-21,S005,P0006,117,20,0
2025-06-21,S005,P0007,111,20,0
2025-06-21,S005,P0008,56,20,0
2025-06-21,S005,P0009,45,20,0
2025-06-21,S005,P0010,35,20,0
2025-06-22,S001,P0001,82,20,0
2025-06-22,S001,P0002,22,20,0
2025-06-22,S001,P0003,66,20,0
2025-06-22,S001,P0004,57,20,0
2025-06-22,S001,P0005,43,20,0
2025-06-22,S001,P0006,66,20,0
2025-06-22,S001,P0007,97,20,0
2025-06-22,S001,P0008,22,20,0
2025-06-22,S001,P0009,50,20,0
2025-06-22,S001,P0010,70,20,0
2025-06-22,S002,P0001,89,20,0
2025-06-22,S002,P0002,50,20,0
2025-06-22,S002,P0003,90,20,0
2025-06-22,S002,P0004,34,20,0
2025-06-22,S002,P0005,88,20,0
2025-06-22,S002,P0006,35,20,0
2025-06-22,S002,P0007,27,20,0
2025-06-22,S002,P0008,81,20,0
2025-06-22,S002,P0009,27,20,0
2025-06-22,S002,P0010,43,20,0
2025-06-22,S003,P0001,22,20,0
2025-06-22,S003,P0002,21,20,0
2025-06-22,S003,P0003,110,20,0
2025-06-22,S003,P0004,26,20,0
2025-06-22,S003,P0005,103,20,0
2025-06-22,S003,P0006,82,20,0
2025-06-22,S003,P0007,47,20,0
2025-06-22,S003,P0008,111,20,0
2025-06-22,S003,P0009,116,20,0
2025-06-22,S003,P0010,78,20,0
2025-06-22,S004,P0001,88,20,0
2025-06-22,S004,P0002,24,20,0
2025-06-22,S004,P0003,87,20,0
2025-06-22,S004,P0004,57,20,0
2025-06-22,S004,P0005,49,20,0
2025-06-22,S004,P0006,65,20,0
2025-06-22,S004,P0007,25,20,0
2025-06-22,S004,P0008,30,20,0
2025-06-22,S004,P0009,97,20,0
2025-06-22,S004,P0010,33,20,0
2025-06-22,S005,P0001,83,20,0
2025-06-22,S005,P0002,46,20,0
2025-06-22,S005,P0003,108,20,0
2025-06-22,S005,P0004,70,20,0
2025-06-22,S005,P0005,41,20,0
2025-06-22,S005,P0006,117,20,0
2025-06-22,S005,P0007,110,20,0
2025-06-22,S005,P0008,53,20,0
2025-06-22,S005,P0009,44,20,0
2025-06-22,S005,P0010,33,20,0
2025-06-23,S001,P0001,79,20,0
2025-06-23,S001,P0002,20,20,0
2025-06-23,S001,P0003,64,20,0
2025-06-23,S001,P0004,57,20,0
2025-06-23,S001,P0005,39,20,0
2025-06-23,S001,P0006,65,20,0
2025-06-23,S001,P0007,95,20,0
2025-06-23,S001,P0008,21,20,0
2025-06-23,S001,P0009,48,20,0
2025-06-23,S001,P0010,65,20,0
2025-06-23,S002,P0001,87,20,0
2025-06-23,S002,P0002,48,20,0
2025-06-23,S002,P0003,89,20,0
2025-06-23,S002,P0004,33,20,0
2025-06-23,S002,P0005,84,20,0
2025-06-23,S002,P0006,34,20,0
2025-06-23,S002,P0007,25,20,0
2025-06-23,S002,P0008,81,20,0
2025-06-23,S002,P0009,22,20,0
2025-06-23,S002,P0010,42,20,0
2025-06-23,S003,P0001,21,20,0
2025-06-23,S003,P0002,119,20,0
2025-06-23,S003,P0003,110,20,0
2025-06-23,S003,P0004,24,20,0
2025-06-23,S003,P0005,98,20,0
2025-06-23,S003,P0006,82,20,0
2025-06-23,S003,P0007,46,20,0
2025-06-23,S003,P0008,111,20,0
2025-06-23,S003,P0009,116,20,0
2025-06-23,S003,P0010,78,20,0
2025-06-23,S004,P0001,86,20,0
2025-06-23,S004,P0002,23,20,0
2025-06-23,S004,P0003,87,20,0
2025-06-23,S004,P0004,57,20,0
2025-06-23,S004,P0005,47,20,0
2025-06-23,S004,P0006,65,20,0
2025-06-23,S004,P0007,24,20,0
2025-06-23,S004,P0008,30,20,0
2025-06-23,S004,P0009,95,20,0
2025-06-23,S004,P0010,32,20,0
2025-06-23,S005,P0001,83,20,0
2025-06-23,S005,P0002,41,20,0
2025-06-23,S005,P0003,108,20,0
2025-06-23,S005,P0004,70,20,0
2025-06-23,S005,P0005,40,20,0
2025-06-23,S005,P0006,117,20,0
2025-06-23,S005,P0007,109,20,0
2025-06-23,S005,P0008,52,20,0
2025-06-23,S005,P0009,41,20,0
2025-06-23,S005,P0010,32,20,0
2025-06-24,S001,P0001,79,20,0
2025-06-24,S001,P0002,119,20,0
2025-06-24,S001,P0003,64,20,0
2025-06-24,S001,P0004,56,20,0
2025-06-24,S001,P0005,34,20,0
2025-06-24,S001,P0006,65,20,0
2025-06-24,S001,P0007,92,20,0
2025-06-24,S001,P0008,20,20,0
2025-06-24,S001,P0009,47,20,0
2025-06-24,S001,P0010,64,20,0
2025-06-24,S002,P0001,85,20,0
2025-06-24,S002,P0002,48,20,0
2025-06-24,S002,P0003,88,20,0
2025-06-24,S002,P0004,31,20,0
2025-06-24,S002,P0005,82,20,0
2025-06-24,S002,P0006,34,20,0
2025-06-24,S002,P0007,24,20,0
2025-06-24,S002,P0008,81,20,0
2025-06-24,S002,P0009,22,20,0
2025-06-24,S002,P0010,41,20,0
2025-06-24,S003,P0001,20,20,0
2025-06-24,S003,P0002,118,20,0
2025-06-24,S003,P0003,109,20,0
2025-06-24,S003,P0004,22,20,0
2025-06-24,S003,P0005,95,20,0
2025-06-24,S003,P0006,79,20,0
2025-06-24,S003,P0007,44,20,0
2025-06-24,S003,P0008,103,20,0
2025-06-24,S003,P0009,115,20,0
2025-06-24,S003,P0010,76,20,0
2025-06-24,S004,P0001,86,20,0
2025-06-24,S004,P0002,119,20,0
2025-06-24,S004,P0003,87,20,0
2025-06-24,S004,P0004,56,20,0
2025-06-24,S004,P0005,44,20,0
2025-06-24,S004,P0006,63,20,0
2025-06-24,S004,P0007,24,20,0
2025-06-24,S004,P0008,30,20,0
2025-06-24,S004,P0009,92,20,0
2025-06-24,S004,P0010,32,20,0
2025-06-24,S005,P0001,83,20,0
2025-06-24,S005,P0002,40,20,0
2025-06-24,S005,P0003,105,20,0
2025-06-24,S005,P0004,69,20,0
2025-06-24,S005,P0005,38,20,0
2025-06-24,S005,P0006,115,20,0
2025-06-24,S005,P0007,108,20,0
2025-06-24,S005,P0008,51,20,0
2025-06-24,S005,P0009,40,20,0
2025-06-24,S005,P0010,32,20,0
2025-06-25,S001,P0001,77,20,0
2025-06-25,S001,P0002,118,20,0
2025-06-25,S001,P0003,60,20,0
2025-06-25,S001,P0004,54,20,0
2025-06-25,S001,P0005,34,20,0
2025-06-25,S001,P0006,65,20,0
2025-06-25,S001,P0007,92,20,0
2025-06-25,S001,P0008,20,20,0
2025-06-25,S001,P0009,43,20,0
2025-06-25,S001,P0010,63,20,0
2025-06-25,S002,P0001,85,20,0
2025-06-25,S002,P0002,46,20,0
2025-06-25,S002,P0003,87,20,0
2025-06-25,S002,P0004,29,20,0
2025-06-25,S002,P0005,78,20,0
2025-06-25,S002,P0006,34,20,0
2025-06-25,S002,P0007,22,20,0
2025-06-25,S002,P0008,79,20,0
2025-06-25,S002,P0009,20,20,0
2025-06-25,S002,P0010,40,20,0
2025-06-25,S003,P0001,119,20,0
2025-06-25,S003,P0002,117,20,0
2025-06-25,S003,P0003,108,20,0
2025-06-25,S003,P0004,21,20,0
2025-06-25,S003,P0005,94,20,0
2025-06-25,S003,P0006,79,20,0
2025-06-25,S003,P0007,43,20,0
2025-06-25,S003,P0008,100,20,0
2025-06-25,S003,P0009,113,20,0
2025-06-25,S003,P0010,76,20,0
2025-06-25,S004,P0001,86,20,0
2025-06-25,S004,P0002,116,20,0
2025-06-25,S004,P0003,84,20,0
2025-06-25,S004,P0004,56,20,0
2025-06-25,S004,P0005,40,20,0
2025-06-25,S004,P0006,60,20,0
2025-06-25,S004,P0007,23,20,0
2025-06-25,S004,P0008,29,20,0
2025-06-25,S004,P0009,91,20,0
2025-06-25,S004,P0010,29,20,0
2025-06-25,S005,P0001,80,20,0
2025-06-25,S005,P0002,38,20,0
2025-06-25,S005,P0003,104,20,0
2025-06-25,S005,P0004,69,20,0
2025-06-25,S005,P0005,36,20,0
2025-06-25,S005,P0006,115,20,0
2025-06-25,S005,P0007,107,20,0
2025-06-25,S005,P0008,51,20,0
2025-06-25,S005,P0009,35,20,0
2025-06-25,S005,P0010,32,20,0
2025-06-26,S001,P0001,75,20,0
2025-06-26,S001,P0002,116,20,0
2025-06-26,S001,P0003,58,20,0
2025-06-26,S001,P0004,54,20,0
2025-06-26,S001,P0005,31,20,0
2025-06-26,S001,P0006,63,20,0
2025-06-26,S001,P0007,92,20,0
2025-06-26,S001,P0008,20,20,0
2025-06-26,S001,P0009,41,20,0
2025-06-26,S001,P0010,61,20,0
2025-06-26,S002,P0001,85,20,0
2025-06-26,S002,P0002,46,20,0
2025-06-26,S002,P0003,87,20,0
2025-06-26,S002,P0004,29,20,0
2025-06-26,S002,P0005,77,20,0
2025-06-26,S002,P0006,34,20,0
2025-06-26,S002,P0007,22,20,0
2025-06-26,S002,P0008,79,20,0
2025-06-26,S002,P0009,20,20,0
2025-06-26,S002,P0010,39,20,0
2025-06-26,S003,P0001,115,20,0
2025-06-26,S003,P0002,116,20,0
2025-06-26,S003,P0003,106,20,0
2025-06-26,S003,P0004,119,20,0
2025-06-26,S003,P0005,92,20,0
2025-06-26,S003,P0006,76,20,0
2025-06-26,S003,P0007,41,20,0
2025-06-26,S003,P0008,100,20,0
2025-06-26,S003,P0009,113,20,0
2025-06-26,S003,P0010,75,20,0
2025-06-26,S004,P0001,86,20,0
2025-06-26,S004,P0002,114,20,0
2025-06-26,S004,P0003,83,20,0
2025-06-26,S004,P0004,55,20,0
2025-06-26,S004,P0005,36,20,0
2025-06-26,S004,P0006,60,20,0
2025-06-26,S004,P0007,23,20,0
2025-06-26,S004,P0008,29,20,0
2025-06-26,S004,P0009,91,20,0
2025-06-26,S004,P0010,26,20,0
2025-06-26,S005,P0001,80,20,0
2025-06-26,S005,P0002,38,20,0
2025-06-26,S005,P0003,102,20,0
2025-06-26,S005,P0004,69,20,0
2025-06-26,S005,P0005,34,20,0
2025-06-26,S005,P0006,114,20,0
2025-06-26,S005,P0007,102,20,0
2025-06-26,S005,P0008,51,20,0
2025-06-26,S005,P0009,32,20,0
2025-06-26,S005,P0010,31,20,0
2025-06-27,S001,P0001,75,20,0
2025-06-27,S001,P0002,113,20,0
2025-06-27,S001,P0003,57,20,0
2025-06-27,S001,P0004,51,20,0
2025-06-27,S001,P0005,29,20,0
2025-06-27,S001,P0006,63,20,0
2025-06-27,S001,P0007,91,20,0
2025-06-27,S001,P0008,118,20,0
2025-06-27,S001,P0009,39,20,0
2025-06-27,S001,P0010,58,20,0
2025-06-27,S002,P0001,84,20,0
2025-06-27,S002,P0002,43,20,0
2025-06-27,S002,P0003,87,20,0
2025-06-27,S002,P0004,28,20,0
2025-06-27,S002,P0005,74,20,0
2025-06-27,S002,P0006,33,20,0
2025-06-27,S002,P0007,20,20,0
2025-06-27,S002,P0008,78,20,0
2025-06-27,S002,P0009,119,20,0
2025-06-27,S002,P0010,37,20,0
2025-06-27,S003,P0001,110,20,0
2025-06-27,S003,P0002,112,20,0
2025-06-27,S003,P0003,104,20,0
2025-06-27,S003,P0004,117,20,0
2025-06-27,S003,P0005,85,20,0
2025-06-27,S003,P0006,76,20,0
2025-06-27,S003,P0007,41,20,0
2025-06-27,S003,P0008,99,20,0
2025-06-27,S003,P0009,111,20,0
2025-06-27,S003,P0010,71,20,0
2025-06-27,S004,P0001,83,20,0
2025-06-27,S004,P0002,113,20,0
2025-06-27,S004,P0003,82,20,0
2025-06-27,S004,P0004,55,20,0
2025-06-27,S004,P0005,34,20,0
2025-06-27,S004,P0006,60,20,0
2025-06-27,S004,P0007,23,20,0
2025-06-27,S004,P0008,26,20,0
2025-06-27,S004,P0009,89,20,0
2025-06-27,S004,P0010,22,20,0
2025-06-27,S005,P0001,77,20,0
2025-06-27,S005,P0002,37,20,0
2025-06-27,S005,P0003,102,20,0
2025-06-27,S005,P0004,68,20,0
2025-06-27,S005,P0005,33,20,0
2025-06-27,S005,P0006,114,20,0
2025-06-27,S005,P0007,100,20,0
2025-06-27,S005,P0008,49,20,0
2025-06-27,S005,P0009,31,20,0
2025-06-27,S005,P0010,31,20,0
2025-06-28,S001,P0001,74,20,0
2025-06-28,S001,P0002,112,20,0
2025-06-28,S001,P0003,57,20,0
2025-06-28,S001,P0004,51,20,0
2025-06-28,S001,P0005,25,20,0
2025-06-28,S001,P0006,63,20,0
2025-06-28,S001,P0007,89,20,0
2025-06-28,S001,P0008,117,20,0
2025-06-28,S001,P0009,38,20,0
2025-06-28,S001,P0010,56,20,0
2025-06-28,S002,P0001,83,20,0
2025-06-28,S002,P0002,42,20,0
2025-06-28,S002,P0003,87,20,0
2025-06-28,S002,P0004,28,20,0
2025-06-28,S002,P0005,73,20,0
2025-06-28,S002,P0006,32,20,0
2025-06-28,S002,P0007,117,20,0
2025-06-28,S002,P0008,76,20,0
2025-06-28,S002,P0009,118,20,0
2025-06-28,S002,P0010,36,20,0
2025-06-28,S003,P0001,107,20,0
2025-06-28,S003,P0002,111,20,0
2025-06-28,S003,P0003,102,20,0
2025-06-28,S003,P0004,117,20,0
2025-06-28,S003,P0005,81,20,0
2025-06-28,S003,P0006,76,20,0
2025-06-28,S003,P0007,40,20,0
2025-06-28,S003,P0008,98,20,0
2025-06-28,S003,P0009,111,20,0
2025-06-28,S003,P0010,70,20,0
2025-06-28,S004,P0001,81,20,0
2025-06-28,S004,P0002,113,20,0
2025-06-28,S004,P0003,82,20,0
2025-06-28,S004,P0004,55,20,0
2025-06-28,S004,P0005,31,20,0
2025-06-28,S004,P0006,59,20,0
2025-06-28,S004,P0007,23,20,0
2025-06-28,S004,P0008,24,20,0
2025-06-28,S004,P0009,88,20,0
2025-06-28,S004,P0010,21,20,0
2025-06-28,S005,P0001,77,20,0
2025-06-28,S005,P0002,36,20,0
2025-06-28,S005,P0003,100,20,0
2025-06-28,S005,P0004,66,20,0
2025-06-28,S005,P0005,30,20,0
2025-06-28,S005,P0006,113,20,0
2025-06-28,S005,P0007,99,20,0
2025-06-28,S005,P0008,49,20,0
2025-06-28,S005,P0009,29,20,0
2025-06-28,S005,P0010,29,20,0
2025-06-29,S001,P0001,73,20,0
2025-06-29,S001,P0002,112,20,0
2025-06-29,S001,P0003,57,20,0
2025-06-29,S001,P0004,49,20,0
2025-06-29,S001,P0005,24,20,0
2025-06-29,S001,P0006,63,20,0
2025-06-29,S001,P0007,89,20,0
2025-06-29,S001,P0008,116,20,0
2025-06-29,S001,P0009,34,20,0
2025-06-29,S001,P0010,56,20,0
2025-06-29,S002,P0001,82,20,0
2025-06-29,S002,P0002,41,20,0
2025-06-29,S002,P0003,85,20,0
2025-06-29,S002,P0004,25,20,0
2025-06-29,S002,P0005,72,20,0
2025-06-29,S002,P0006,31,20,0
2025-06-29,S002,P0007,117,20,0
2025-06-29,S002,P0008,74,20,0
2025-06-29,S002,P0009,117,20,0
2025-06-29,S002,P0010,35,20,0
2025-06-29,S003,P0001,104,20,0
2025-06-29,S003,P0002,109,20,0
2025-06-29,S003,P0003,99,20,0
2025-06-29,S003,P0004,116,20,0
2025-06-29,S003,P0005,80,20,0
2025-06-29,S003,P0006,76,20,0
2025-06-29,S003,P0007,40,20,0
2025-06-29,S003,P0008,98,20,0
2025-06-29,S003,P0009,110,20,0
2025-06-29,S003,P0010,69,20,0
2025-06-29,S004,P0001,81,20,0
2025-06-29,S004,P0002,112,20,0
2025-06-29,S004,P0003,82,20,0
2025-06-29,S004,P0004,54,20,0
2025-06-29,S004,P0005,25,20,0
2025-06-29,S004,P0006,59,20,0
2025-06-29,S004,P0007,23,20,0
2025-06-29,S004,P0008,24,20,0
2025-06-29,S004,P0009,86,20,0
2025-06-29,S004,P0010,21,20,0
2025-06-29,S005,P0001,76,20,0
2025-06-29,S005,P0002,34,20,0
2025-06-29,S005,P0003,99,20,0
2025-06-29,S005,P0004,64,20,0
2025-06-29,S005,P0005,24,20,0
2025-06-29,S005,P0006,113,20,0
2025-06-29,S005,P0007,98,20,0
2025-06-29,S005,P0008,47,20,0
2025-06-29,S005,P0009,27,20,0
2025-06-29,S005,P0010,28,20,0
2025-06-30,S001,P0001,72,20,0
2025-06-30,S001,P0002,109,20,0
2025-06-30,S001,P0003,54,20,0
2025-06-30,S001,P0004,49,20,0
2025-06-30,S001,P0005,23,20,0
2025-06-30,S001,P0006,62,20,0
2025-06-30,S001,P0007,85,20,0
2025-06-30,S001,P0008,114,20,0
2025-06-30,S001,P0009,32,20,0
2025-06-30,S001,P0010,53,20,0
2025-06-30,S002,P0001,82,20,0
2025-06-30,S002,P0002,40,20,0
2025-06-30,S002,P0003,83,20,0
2025-06-30,S002,P0004,24,20,0
2025-06-30,S002,P0005,72,20,0
2025-06-30,S002,P0006,31,20,0
2025-06-30,S002,P0007,117,20,0
2025-06-30,S002,P0008,74,20,0
2025-06-30,S002,P0009,114,20,0
2025-06-30,S002,P0010,33,20,0
2025-06-30,S003,P0001,103,20,0
2025-06-30,S003,P0002,108,20,0
2025-06-30,S003,P0003,98,20,0
2025-06-30,S003,P0004,116,20,0
2025-06-30,S003,P0005,76,20,0
2025-06-30,S003,P0006,76,20,0
2025-06-30,S003,P0007,39,20,0
2025-06-30,S003,P0008,96,20,0
2025-06-30,S003,P0009,108,20,0
2025-06-30,S003,P0010,68,20,0
2025-06-30,S004,P0001,79,20,0
2025-06-30,S004,P0002,110,20,0
2025-06-30,S004,P0003,81,20,0
2025-06-30,S004,P0004,54,20,0
2025-06-30,S004,P0005,24,20,0
2025-06-30,S004,P0006,58,20,0
2025-06-30,S004,P0007,20,20,0
2025-06-30,S004,P0008,22,20,0
2025-06-30,S004,P0009,84,20,0
2025-06-30,S004,P0010,21,20,0
2025-06-30,S005,P0001,76,20,0
2025-06-30,S005,P0002,34,20,0
2025-06-30,S005,P0003,98,20,0
2025-06-30,S005,P0004,63,20,0
2025-06-30,S005,P0005,21,20,0
2025-06-30,S005,P0006,113,20,0
2025-06-30,S005,P0007,97,20,0
2025-06-30,S005,P0008,45,20,0
2025-06-30,S005,P0009,25,20,0
2025-06-30,S005,P0010,28,20,0
2025-07-01,S001,P0001,70,20,0
2025-07-01,S001,P0002,108,20,0
2025-07-01,S001,P0003,53,20,0
2025-07-01,S001,P0004,49,20,0
2025-07-01,S001,P0005,20,20,0
2025-07-01,S001,P0006,61,20,0
2025-07-01,S001,P0007,85,20,0
2025-07-01,S001,P0008,114,20,0
2025-07-01,S001,P0009,29,20,0
2025-07-01,S001,P0010,52,20,0
2025-07-01,S002,P0001,80,20,0
2025-07-01,S002,P0002,37,20,0
2025-07-01,S002,P0003,82,20,0
2025-07-01,S002,P0004,22,20,0
2025-07-01,S002,P0005,70,20,0
2025-07-01,S002,P0006,30,20,0
2025-07-01,S002,P0007,116,20,0
2025-07-01,S002,P0008,72,20,0
2025-07-01,S002,P0009,113,20,0
2025-07-01,S002,P0010,33,20,0
2025-07-01,S003,P0001,102,20,0
2025-07-01,S003,P0002,106,20,0
2025-07-01,S003,P0003,98,20,0
2025-07-01,S003,P0004,116,20,0
2025-07-01,S003,P0005,73,20,0
2025-07-01,S003,P0006,75,20,0
2025-07-01,S003,P0007,39,20,0
2025-07-01,S003,P0008,94,20,0
2025-07-01,S003,P0009,103,20,0
2025-07-01,S003,P0010,67,20,0
2025-07-01,S004,P0001,78,20,0
2025-07-01,S004,P0002,109,20,0
2025-07-01,S004,P0003,79,20,0
2025-07-01,S004,P0004,54,20,0
2025-07-01,S004,P0005,20,20,0
2025-07-01,S004,P0006,58,20,0
2025-07-01,S004,P0007,119,20,0
2025-07-01,S004,P0008,22,20,0
2025-07-01,S004,P0009,79,20,0
2025-07-01,S004,P0010,20,20,0
2025-07-01,S005,P0001,76,20,0
2025-07-01,S005,P0002,32,20,0
2025-07-01,S005,P0003,98,20,0
2025-07-01,S005,P0004,62,20,0
2025-07-01,S005,P0005,118,20,0
2025-07-01,S005,P0006,111,20,0
2025-07-01,S005,P0007,97,20,0
2025-07-01,S005,P0008,44,20,0
2025-07-01,S005,P0009,23,20,0
2025-07-01,S005,P0010,28,20,0
2025-07-02,S001,P0001,68,20,0
2025-07-02,S001,P0002,108,20,0
2025-07-02,S001,P0003,53,20,0
2025-07-02,S001,P0004,48,20,0
2025-07-02,S001,P0005,117,20,0
2025-07-02,S001,P0006,60,20,0
2025-07-02,S001,P0007,84,20,0
2025-07-02,S001,P0008,114,20,0
2025-07-02,S001,P0009,26,20,0
2025-07-02,S001,P0010,51,20,0
2025-07-02,S002,P0001,78,20,0
2025-07-02,S002,P0002,36,20,0
2025-07-02,S002,P0003,81,20,0
2025-07-02,S002,P0004,21,20,0
2025-07-02,S002,P0005,67,20,0
2025-07-02,S002,P0006,27,20,0
2025-07-02,S002,P0007,115,20,0
2025-07-02,S002,P0008,71,20,0
2025-07-02,S002,P0009,109,20,0
2025-07-02,S002,P0010,33,20,0
2025-07-02,S003,P0001,102,20,0
2025-07-02,S003,P0002,106,20,0
2025-07-02,S003,P0003,97,20,0
2025-07-02,S003,P0004,116,20,0
2025-07-02,S003,P0005,68,20,0
2025-07-02,S003,P0006,75,20,0
2025-07-02,S003,P0007,39,20,0
2025-07-02,S003,P0008,92,20,0
2025-07-02,S003,P0009,101,20,0
2025-07-02,S003,P0010,66,20,0
2025-07-02,S004,P0001,78,20,0
2025-07-02,S004,P0002,108,20,0
2025-07-02,S004,P0003,77,20,0
2025-07-02,S004,P0004,54,20,0
2025-07-02,S004,P0005,117,20,0
2025-07-02,S004,P0006,58,20,0
2025-07-02,S004,P0007,118,20,0
2025-07-02,S004,P0008,22,20,0
2025-07-02,S004,P0009,78,20,0
2025-07-02,S004,P0010,118,20,0
2025-07-02,S005,P0001,76,20,0
2025-07-02,S005,P0002,29,20,0
2025-07-02,S005,P0003,97,20,0
2025-07-02,S005,P0004,62,20,0
2025-07-02,S005,P0005,116,20,0
2025-07-02,S005,P0006,107,20,0
2025-07-02,S005,P0007,97,20,0
2025-07-02,S005,P0008,43,20,0
2025-07-02,S005,P0009,21,20,0
2025-07-02,S005,P0010,27,20,0
2025-07-03,S001,P0001,66,20,0
2025-07-03,S001,P0002,108,20,0
2025-07-03,S001,P0003,52,20,0
2025-07-03,S001,P0004,45,20,0
2025-07-03,S001,P0005,114,20,0
2025-07-03,S001,P0006,60,20,0
2025-07-03,S001,P0007,84,20,0
2025-07-03,S001,P0008,113,20,0
2025-07-03,S001,P0009,24,20,0
2025-07-03,S001,P0010,49,20,0
2025-07-03,S002,P0001,74,20,0
2025-07-03,S002,P0002,35,20,0
2025-07-03,S002,P0003,80,20,0
2025-07-03,S002,P0004,21,20,0
2025-07-03,S002,P0005,67,20,0
2025-07-03,S002,P0006,27,20,0
2025-07-03,S002,P0007,115,20,0
2025-07-03,S002,P0008,70,20,0
2025-07-03,S002,P0009,108,20,0
2025-07-03,S002,P0010,32,20,0
2025-07-03,S003,P0001,99,20,0
2025-07-03,S003,P0002,102,20,0
2025-07-03,S003,P0003,95,20,0
2025-07-03,S003,P0004,115,20,0
2025-07-03,S003,P0005,64,20,0
2025-07-03,S003,P0006,74,20,0
2025-07-03,S003,P0007,37,20,0
2025-07-03,S003,P0008,90,20,0
2025-07-03,S003,P0009,97,20,0
2025-07-03,S003,P0010,65,20,0
2025-07-03,S004,P0001,77,20,0
2025-07-03,S004,P0002,107,20,0
2025-07-03,S004,P0003,76,20,0
2025-07-03,S004,P0004,54,20,0
2025-07-03,S004,P0005,113,20,0
2025-07-03,S004,P0006,55,20,0
2025-07-03,S004,P0007,117,20,0
2025-07-03,S004,P0008,22,20,0
2025-07-03,S004,P0009,76,20,0
2025-07-03,S004,P0010,116,20,0
2025-07-03,S005,P0001,74,20,0
2025-07-03,S005,P0002,28,20,0
2025-07-03,S005,P0003,97,20,0
2025-07-03,S005,P0004,60,20,0
2025-07-03,S005,P0005,112,20,0
2025-07-03,S005,P0006,106,20,0
2025-07-03,S005,P0007,97,20,0
2025-07-03,S005,P0008,42,20,0
2025-07-03,S005,P0009,118,20,0
2025-07-03,S005,P0010,23,20,0
2025-07-04,S001,P0001,63,20,0
2025-07-04,S001,P0002,107,20,0
2025-07-04,S001,P0003,51,20,0
2025-07-04,S001,P0004,44,20,0
2025-07-04,S001,P0005,113,20,0
2025-07-04,S001,P0006,59,20,0
2025-07-04,S001,P0007,84,20,0
2025-07-04,S001,P0008,113,20,0
2025-07-04,S001,P0009,23,20,0
2025-07-04,S001,P0010,48,20,0
2025-07-04,S002,P0001,71,20,0
2025-07-04,S002,P0002,32,20,0
2025-07-04,S002,P0003,80,20,0
2025-07-04,S002,P0004,21,20,0
2025-07-04,S002,P0005,63,20,0
2025-07-04,S002,P0006,27,20,0
2025-07-04,S002,P0007,115,20,0
2025-07-04,S002,P0008,70,20,0
2025-07-04,S002,P0009,104,20,0
2025-07-04,S002,P0010,30,20,0
2025-07-04,S003,P0001,95,20,0
2025-07-04,S003,P0002,98,20,0
2025-07-04,S003,P0003,93,20,0
2025-07-04,S003,P0004,112,20,0
2025-07-04,S003,P0005,60,20,0
2025-07-04,S003,P0006,74,20,0
2025-07-04,S003,P0007,37,20,0
2025-07-04,S003,P0008,90,20,0
2025-07-04,S003,P0009,96,20,0
2025-07-04,S003,P0010,61,20,0
2025-07-04,S004,P0001,75,20,0
2025-07-04,S004,P0002,105,20,0
2025-07-04,S004,P0003,76,20,0
2025-07-04,S004,P0004,54,20,0
2025-07-04,S004,P0005,112,20,0
2025-07-04,S004,P0006,55,20,0
2025-07-04,S004,P0007,116,20,0
2025-07-04,S004,P0008,22,20,0
2025-07-04,S004,P0009,75,20,0
2025-07-04,S004,P0010,114,20,0
2025-07-04,S005,P0001,71,20,0
2025-07-04,S005,P0002,25,20,0
2025-07-04,S005,P0003,96,20,0
2025-07-04,S005,P0004,59,20,0
2025-07-04,S005,P0005,110,20,0
2025-07-04,S005,P0006,105,20,0
2025-07-04,S005,P0007,97,20,0
2025-07-04,S005,P0008,40,20,0
2025-07-04,S005,P0009,118,20,0
2025-07-04,S005,P0010,22,20,0
2025-07-05,S001,P0001,60,20,0
2025-07-05,S001,P0002,106,20,0
2025-07-05,S001,P0003,48,20,0
2025-07-05,S001,P0004,43,20,0
2025-07-05,S001,P0005,109,20,0
2025-07-05,S001,P0006,59,20,0
2025-07-05,S001,P0007,81,20,0
2025-07-05,S001,P0008,112,20,0
2025-07-05,S001,P0009,21,20,0
2025-07-05,S001,P0010,47,20,0
2025-07-05,S002,P0001,69,20,0
2025-07-05,S002,P0002,30,20,0
2025-07-05,S002,P0003,80,20,0
2025-07-05,S002,P0004,21,20,0
2025-07-05,S002,P0005,63,20,0
2025-07-05,S002,P0006,27,20,0
2025-07-05,S002,P0007,114,20,0
2025-07-05,S002,P0008,67,20,0
2025-07-05,S002,P0009,101,20,0
2025-07-05,S002,P0010,29,20,0
2025-07-05,S003,P0001,93,20,0
2025-07-05,S003,P0002,97,20,0
2025-07-05,S003,P0003,90,20,0
2025-07-05,S003,P0004,108,20,0
2025-07-05,S003,P0005,57,20,0
2025-07-05,S003,P0006,71,20,0
2025-07-05,S003,P0007,35,20,0
2025-07-05,S003,P0008,88,20,0
2025-07-05,S003,P0009,95,20,0
2025-07-05,S003,P0010,61,20,0
2025-07-05,S004,P0001,75,20,0
2025-07-05,S004,P0002,102,20,0
2025-07-05,S004,P0003,74,20,0
2025-07-05,S004,P0004,54,20,0
2025-07-05,S004,P0005,107,20,0
2025-07-05,S004,P0006,55,20,0
2025-07-05,S004,P0007,116,20,0
2025-07-05,S004,P0008,119,20,0
2025-07-05,S004,P0009,75,20,0
2025-07-05,S004,P0010,114,20,0
2025-07-05,S005,P0001,69,20,0
2025-07-05,S005,P0002,23,20,0
2025-07-05,S005,P0003,96,20,0
2025-07-05,S005,P0004,59,20,0
2025-07-05,S005,P0005,109,20,0
2025-07-05,S005,P0006,103,20,0
2025-07-05,S005,P0007,94,20,0
2025-07-05,S005,P0008,38,20,0
2025-07-05,S005,P0009,117,20,0
2025-07-05,S005,P0010,22,20,0
2025-07-06,S001,P0001,59,20,0
2025-07-06,S001,P0002,102,20,0
2025-07-06,S001,P0003,45,20,0
2025-07-06,S001,P0004,43,20,0
2025-07-06,S001,P0005,102,20,0
2025-07-06,S001,P0006,56,20,0
2025-07-06,S001,P0007,80,20,0
2025-07-06,S001,P0008,111,20,0
2025-07-06,S001,P0009,114,20,0
2025-07-06,S001,P0010,47,20,0
2025-07-06,S002,P0001,69,20,0
2025-07-06,S002,P0002,27,20,0
2025-07-06,S002,P0003,80,20,0
2025-07-06,S002,P0004,20,20,0
2025-07-06,S002,P0005,61,20,0
2025-07-06,S002,P0006,27,20,0
2025-07-06,S002,P0007,114,20,0
2025-07-06,S002,P0008,66,20,0
2025-07-06,S002,P0009,100,20,0
2025-07-06,S002,P0010,28,20,0
2025-07-06,S003,P0001,93,20,0
2025-07-06,S003,P0002,96,20,0
2025-07-06,S003,P0003,89,20,0
2025-07-06,S003,P0004,108,20,0
2025-07-06,S003,P0005,55,20,0
2025-07-06,S003,P0006,71,20,0
2025-07-06,S003,P0007,34,20,0
2025-07-06,S003,P0008,88,20,0
2025-07-06,S003,P0009,93,20,0
2025-07-06,S003,P0010,60,20,0
2025-07-06,S004,P0001,74,20,0
2025-07-06,S004,P0002,101,20,0
2025-07-06,S004,P0003,74,20,0
2025-07-06,S004,P0004,54,20,0
2025-07-06,S004,P0005,105,20,0
2025-07-06,S004,P0006,55,20,0
2025-07-06,S004,P0007,114,20,0
2025-07-06,S004,P0008,119,20,0
2025-07-06,S004,P0009,72,20,0
2025-07-06,S004,P0010,112,20,0
2025-07-06,S005,P0001,68,20,0
2025-07-06,S005,P0002,23,20,0
2025-07-06,S005,P0003,92,20,0
2025-07-06,S005,P0004,58,20,0
2025-07-06,S005,P0005,106,20,0
2025-07-06,S005,P0006,103,20,0
2025-07-06,S005,P0007,94,20,0
2025-07-06,S005,P0008,37,20,0
2025-07-06,S005,P0009,113,20,0
2025-07-06,S005,P0010,21,20,0
2025-07-07,S001,P0001,58,20,0
2025-07-07,S001,P0002,101,20,0
2025-07-07,S001,P0003,42,20,0
2025-07-07,S001,P0004,42,20,0
2025-07-07,S001,P0005,99,20,0
2025-07-07,S001,P0006,55,20,0
2025-07-07,S001,P0007,80,20,0
2025-07-07,S001,P0008,111,20,0
2025-07-07,S001,P0009,112,20,0
2025-07-07,S001,P0010,47,20,0
2025-07-07,S002,P0001,69,20,0
2025-07-07,S002,P0002,26,20,0
2025-07-07,S002,P0003,79,20,0
2025-07-07,S002,P0004,118,20,0
2025-07-07,S002,P0005,56,20,0
2025-07-07,S002,P0006,27,20,0
2025-07-07,S002,P0007,113,20,0
2025-07-07,S002,P0008,64,20,0
2025-07-07,S002,P0009,99,20,0
2025-07-07,S002,P0010,28,20,0
2025-07-07,S003,P0001,90,20,0
2025-07-07,S003,P0002,93,20,0
2025-07-07,S003,P0003,88,20,0
2025-07-07,S003,P0004,108,20,0
2025-07-07,S003,P0005,54,20,0
2025-07-07,S003,P0006,70,20,0
2025-07-07,S003,P0007,34,20,0
2025-07-07,S003,P0008,84,20,0
2025-07-07,S003,P0009,92,20,0
2025-07-07,S003,P0010,58,20,0
2025-07-07,S004,P0001,74,20,0
2025-07-07,S004,P0002,100,20,0
2025-07-07,S004,P0003,72,20,0
2025-07-07,S004,P0004,52,20,0
2025-07-07,S004,P0005,99,20,0
2025-07-07,S004,P0006,53,20,0
2025-07-07,S004,P0007,113,20,0
2025-07-07,S004,P0008,117,20,0
2025-07-07,S004,P0009,67,20,0
2025-07-07,S004,P0010,111,20,0
2025-07-07,S005,P0001,67,20,0
2025-07-07,S005,P0002,22,20,0
2025-07-07,S005,P0003,91,20,0
2025-07-07,S005,P0004,56,20,0
2025-07-07,S005,P0005,102,20,0
2025-07-07,S005,P0006,103,20,0
2025-07-07,S005,P0007,93,20,0
2025-07-07,S005,P0008,34,20,0
2025-07-07,S005,P0009,111,20,0
2025-07-07,S005,P0010,21,20,0
2025-07-08,S001,P0001,57,20,0
2025-07-08,S001,P0002,99,20,0
2025-07-08,S001,P0003,40,20,0
2025-07-08,S001,P0004,41,20,0
2025-07-08,S001,P0005,96,20,0
2025-07-08,S001,P0006,55,20,0
2025-07-08,S001,P0007,80,20,0
2025-07-08,S001,P0008,106,20,0
2025-07-08,S001,P0009,110,20,0
2025-07-08,S001,P0010,46,20,0
2025-07-08,S002,P0001,68,20,0
2025-07-08,S002,P0002,25,20,0
2025-07-08,S002,P0003,78,20,0
2025-07-08,S002,P0004,118,20,0
2025-07-08,S002,P0005,55,20,0
2025-07-08,S002,P0006,27,20,0
2025-07-08,S002,P0007,112,20,0
2025-07-08,S002,P0008,64,20,0
2025-07-08,S002,P0009,97,20,0
2025-07-08,S002,P0010,28,20,0
2025-07-08,S003,P0001,90,20,0
2025-07-08,S003,P0002,93,20,0
2025-07-08,S003,P0003,86,20,0
2025-07-08,S003,P0004,106,20,0
2025-07-08,S003,P0005,51,20,0
2025-07-08,S003,P0006,70,20,0
2025-07-08,S003,P0007,33,20,0
2025-07-08,S003,P0008,82,20,0
2025-07-08,S003,P0009,89,20,0
2025-07-08,S003,P0010,57,20,0
2025-07-08,S004,P0001,73,20,0
2025-07-08,S004,P0002,100,20,0
2025-07-08,S004,P0003,72,20,0
2025-07-08,S004,P0004,51,20,0
2025-07-08,S004,P0005,96,20,0
2025-07-08,S004,P0006,52,20,0
2025-07-08,S004,P0007,112,20,0
2025-07-08,S004,P0008,117,20,0
2025-07-08,S004,P0009,64,20,0
2025-07-08,S004,P0010,107,20,0
2025-07-08,S005,P0001,65,20,0
2025-07-08,S005,P0002,119,20,0
2025-07-08,S005,P0003,90,20,0
2025-07-08,S005,P0004,56,20,0
2025-07-08,S005,P0005,100,20,0
2025-07-08,S005,P0006,101,20,0
2025-07-08,S005,P0007,90,20,0
2025-07-08,S005,P0008,31,20,0
2025-07-08,S005,P0009,108,20,0
2025-07-08,S005,P0010,20,20,0
2025-07-09,S001,P0001,56,20,0
2025-07-09,S001,P0002,98,20,0
2025-07-09,S001,P0003,39,20,0
2025-07-09,S001,P0004,41,20,0
2025-07-09,S001,P0005,94,20,0
2025-07-09,S001,P0006,54,20,0
2025-07-09,S001,P0007,80,20,0
2025-07-09,S001,P0008,104,20,0
2025-07-09,S001,P0009,110,20,0
2025-07-09,S001,P0010,45,20,0
2025-07-09,S002,P0001,67,20,0
2025-07-09,S002,P0002,24,20,0
2025-07-09,S002,P0003,76,20,0
2025-07-09,S002,P0004,118,20,0
2025-07-09,S002,P0005,52,20,0
2025-07-09,S002,P0006,24,20,0
2025-07-09,S002,P0007,112,20,0
2025-07-09,S002,P0008,64,20,0
2025-07-09,S002,P0009,96,20,0
2025-07-09,S002,P0010,27,20,0
2025-07-09,S003,P0001,89,20,0
2025-07-09,S003,P0002,92,20,0
2025-07-09,S003,P0003,86,20,0
2025-07-09,S003,P0004,105,20,0
2025-07-09,S003,P0005,48,20,0
2025-07-09,S003,P0006,70,20,0
2025-07-09,S003,P0007,32,20,0
2025-07-09,S003,P0008,80,20,0
2025-07-09,S003,P0009,85,20,0
2025-07-09,S003,P0010,53,20,0
2025-07-09,S004,P0001,72,20,0
2025-07-09,S004,P0002,99,20,0
2025-07-09,S004,P0003,71,20,0
2025-07-09,S004,P0004,47,20,0
2025-07-09,S004,P0005,93,20,0
2025-07-09,S004,P0006,52,20,0
2025-07-09,S004,P0007,112,20,0
2025-07-09,S004,P0008,116,20,0
2025-07-09,S004,P0009,63,20,0
2025-07-09,S004,P0010,102,20,0
2025-07-09,S005,P0001,64,20,0
2025-07-09,S005,P0002,117,20,0
2025-07-09,S005,P0003,89,20,0
2025-07-09,S005,P0004,55,20,0
2025-07-09,S005,P0005,97,20,0
2025-07-09,S005,P0006,100,20,0
2025-07-09,S005,P0007,90,20,0
2025-07-09,S005,P0008,29,20,0
2025-07-09,S005,P0009,106,20,0
2025-07-09,S005,P0010,20,20,0
2025-07-10,S001,P0001,56,20,0
2025-07-10,S001,P0002,96,20,0
2025-07-10,S001,P0003,37,20,0
2025-07-10,S001,P0004,41,20,0
2025-07-10,S001,P0005,91,20,0
2025-07-10,S001,P0006,54,20,0
2025-07-10,S001,P0007,78,20,0
2025-07-10,S001,P0008,104,20,0
2025-07-10,S001,P0009,109,20,0
2025-07-10,S001,P0010,44,20,0
2025-07-10,S002,P0001,66,20,0
2025-07-10,S002,P0002,22,20,0
2025-07-10,S002,P0003,75,20,0
2025-07-10,S002,P0004,118,20,0
2025-07-10,S002,P0005,51,20,0
2025-07-10,S002,P0006,24,20,0
2025-07-10,S002,P0007,109,20,0
2025-07-10,S002,P0008,63,20,0
2025-07-10,S002,P0009,94,20,0
2025-07-10,S002,P0010,27,20,0
2025-07-10,S003,P0001,87,20,0
2025-07-10,S003,P0002,90,20,0
2025-07-10,S003,P0003,86,20,0
2025-07-10,S003,P0004,102,20,0
2025-07-10,S003,P0005,44,20,0
2025-07-10,S003,P0006,69,20,0
2025-07-10,S003,P0007,32,20,0
2025-07-10,S003,P0008,77,20,0
2025-07-10,S003,P0009,84,20,0
2025-07-10,S003,P0010,53,20,0
2025-07-10,S004,P0001,71,20,0
2025-07-10,S004,P0002,99,20,0
2025-07-10,S004,P0003,70,20,0
2025-07-10,S004,P0004,45,20,0
2025-07-10,S004,P0005,91,20,0
2025-07-10,S004,P0006,52,20,0
2025-07-10,S004,P0007,110,20,0
2025-07-10,S004,P0008,115,20,0
2025-07-10,S004,P0009,62,20,0
2025-07-10,S004,P0010,101,20,0
2025-07-10,S005,P0001,63,20,0
2025-07-10,S005,P0002,112,20,0
2025-07-10,S005,P0003,89,20,0
2025-07-10,S005,P0004,54,20,0
2025-07-10,S005,P0005,95,20,0
2025-07-10,S005,P0006,99,20,0
2025-07-10,S005,P0007,90,20,0
2025-07-10,S005,P0008,28,20,0
2025-07-10,S005,P0009,104,20,0
2025-07-10,S005,P0010,115,20,0
2025-07-11,S001,P0001,56,20,0
2025-07-11,S001,P0002,95,20,0
2025-07-11,S001,P0003,35,20,0
2025-07-11,S001,P0004,38,20,0
2025-07-11,S001,P0005,90,20,0
2025-07-11,S001,P0006,54,20,0
2025-07-11,S001,P0007,76,20,0
2025-07-11,S001,P0008,104,20,0
2025-07-11,S001,P0009,108,20,0
2025-07-11,S001,P0010,44,20,0
2025-07-11,S002,P0001,66,20,0
2025-07-11,S002,P0002,20,20,0
2025-07-11,S002,P0003,74,20,0
2025-07-11,S002,P0004,117,20,0
2025-07-11,S002,P0005,45,20,0
2025-07-11,S002,P0006,24,20,0
2025-07-11,S002,P0007,109,20,0
2025-07-11,S002,P0008,63,20,0
2025-07-11,S002,P0009,93,20,0
2025-07-11,S002,P0010,23,20,0
2025-07-11,S003,P0001,85,20,0
2025-07-11,S003,P0002,89,20,0
2025-07-11,S003,P0003,86,20,0
2025-07-11,S003,P0004,101,20,0
2025-07-11,S003,P0005,42,20,0
2025-07-11,S003,P0006,69,20,0
2025-07-11,S003,P0007,31,20,0
2025-07-11,S003,P0008,76,20,0
2025-07-11,S003,P0009,80,20,0
2025-07-11,S003,P0010,52,20,0
2025-07-11,S004,P0001,70,20,0
2025-07-11,S004,P0002,98,20,0
2025-07-11,S004,P0003,68,20,0
2025-07-11,S004,P0004,45,20,0
2025-07-11,S004,P0005,84,20,0
2025-07-11,S004,P0006,52,20,0
2025-07-11,S004,P0007,110,20,0
2025-07-11,S004,P0008,115,20,0
2025-07-11,S004,P0009,61,20,0
2025-07-11,S004,P0010,99,20,0
2025-07-11,S005,P0001,60,20,0
2025-07-11,S005,P0002,112,20,0
2025-07-11,S005,P0003,87,20,0
2025-07-11,S005,P0004,53,20,0
2025-07-11,S005,P0005,94,20,0
2025-07-11,S005,P0006,99,20,0
2025-07-11,S005,P0007,90,20,0
2025-07-11,S005,P0008,28,20,0
2025-07-11,S005,P0009,102,20,0
2025-07-11,S005,P0010,113,20,0
2025-07-12,S001,P0001,56,20,0
2025-07-12,S001,P0002,94,20,0
2025-07-12,S001,P0003,34,20,0
2025-07-12,S001,P0004,37,20,0
2025-07-12,S001,P0005,87,20,0
2025-07-12,S001,P0006,52,20,0
2025-07-12,S001,P0007,73,20,0
2025-07-12,S001,P0008,103,20,0
2025-07-12,S001,P0009,105,20,0
2025-07-12,S001,P0010,43,20,0
2025-07-12,S002,P0001,65,20,0
2025-07-12,S002,P0002,119,20,0
2025-07-12,S002,P0003,72,20,0
2025-07-12,S002,P0004,116,20,0
2025-07-12,S002,P0005,40,20,0
2025-07-12,S002,P0006,24,20,0
2025-07-12,S002,P0007,108,20,0
2025-07-12,S002,P0008,58,20,0
2025-07-12,S002,P0009,91,20,0
2025-07-12,S002,P0010,23,20,0
2025-07-12,S003,P0001,84,20,0
2025-07-12,S003,P0002,84,20,0
2025-07-12,S003,P0003,83,20,0
2025-07-12,S003,P0004,101,20,0
2025-07-12,S003,P0005,38,20,0
2025-07-12,S003,P0006,69,20,0
2025-07-12,S003,P0007,30,20,0
2025-07-12,S003,P0008,74,20,0
2025-07-12,S003,P0009,77,20,0
2025-07-12,S003,P0010,52,20,0
2025-07-12,S004,P0001,65,20,0
2025-07-12,S004,P0002,96,20,0
2025-07-12,S004,P0003,67,20,0
2025-07-12,S004,P0004,44,20,0
2025-07-12,S004,P0005,83,20,0
2025-07-12,S004,P0006,51,20,0
2025-07-12,S004,P0007,109,20,0
2025-07-12,S004,P0008,112,20,0
2025-07-12,S004,P0009,59,20,0
2025-07-12,S004,P0010,97,20,0
2025-07-12,S005,P0001,59,20,0
2025-07-12,S005,P0002,111,20,0
2025-07-12,S005,P0003,86,20,0
2025-07-12,S005,P0004,53,20,0
2025-07-12,S005,P0005,91,20,0
2025-07-12,S005,P0006,99,20,0
2025-07-12,S005,P0007,89,20,0
2025-07-12,S005,P0008,28,20,0
2025-07-12,S005,P0009,98,20,0
2025-07-12,S005,P0010,112,20,0
2025-07-13,S001,P0001,55,20,0
2025-07-13,S001,P0002,90,20,0
2025-07-13,S001,P0003,33,20,0
2025-07-13,S001,P0004,35,20,0
2025-07-13,S001,P0005,86,20,0
2025-07-13,S001,P0006,52,20,0
2025-07-13,S001,P0007,72,20,0
2025-07-13,S001,P0008,101,20,0
2025-07-13,S001,P0009,104,20,0
2025-07-13,S001,P0010,40,20,0
2025-07-13,S002,P0001,62,20,0
2025-07-13,S002,P0002,118,20,0
2025-07-13,S002,P0003,70,20,0
2025-07-13,S002,P0004,116,20,0
2025-07-13,S002,P0005,36,20,0
2025-07-13,S002,P0006,23,20,0
2025-07-13,S002,P0007,107,20,0
2025-07-13,S002,P0008,57,20,0
2025-07-13,S002,P0009,91,20,0
2025-07-13,S002,P0010,23,20,0
2025-07-13,S003,P0001,84,20,0
2025-07-13,S003,P0002,80,20,0
2025-07-13,S003,P0003,82,20,0
2025-07-13,S003,P0004,101,20,0
2025-07-13,S003,P0005,38,20,0
2025-07-13,S003,P0006,69,20,0
2025-07-13,S003,P0007,30,20,0
2025-07-13,S003,P0008,71,20,0
2025-07-13,S003,P0009,75,20,0
2025-07-13,S003,P0010,49,20,0
2025-07-13,S004,P0001,65,20,0
2025-07-13,S004,P0002,94,20,0
2025-07-13,S004,P0003,66,20,0
2025-07-13,S004,P0004,43,20,0
2025-07-13,S004,P0005,82,20,0
2025-07-13,S004,P0006,50,20,0
2025-07-13,S004,P0007,108,20,0
2025-07-13,S004,P0008,112,20,0
2025-07-13,S004,P0009,59,20,0
2025-07-13,S004,P0010,94,20,0
2025-07-13,S005,P0001,56,20,0
2025-07-13,S005,P0002,109,20,0
2025-07-13,S005,P0003,86,20,0
2025-07-13,S005,P0004,52,20,0
2025-07-13,S005,P0005,89,20,0
2025-07-13,S005,P0006,99,20,0
2025-07-13,S005,P0007,86,20,0
2025-07-13,S005,P0008,26,20,0
2025-07-13,S005,P0009,98,20,0
2025-07-13,S005,P0010,111,20,0
2025-07-14,S001,P0001,55,20,0
2025-07-14,S001,P0002,87,20,0
2025-07-14,S001,P0003,32,20,0
2025-07-14,S001,P0004,35,20,0
2025-07-14,S001,P0005,84,20,0
2025-07-14,S001,P0006,51,20,0
2025-07-14,S001,P0007,72,20,0
2025-07-14,S001,P0008,101,20,0
2025-07-14,S001,P0009,103,20,0
2025-07-14,S001,P0010,37,20,0
2025-07-14,S002,P0001,62,20,0
2025-07-14,S002,P0002,115,20,0
2025-07-14,S002,P0003,70,20,0
2025-07-14,S002,P0004,116,20,0
2025-07-14,S002,P0005,33,20,0
2025-07-14,S002,P0006,23,20,0
2025-07-14,S002,P0007,103,20,0
2025-07-14,S002,P0008,55,20,0
2025-07-14,S002,P0009,91,20,0
2025-07-14,S002,P0010,23,20,0
2025-07-14,S003,P0001,83,20,0
2025-07-14,S003,P0002,78,20,0
2025-07-14,S003,P0003,78,20,0
2025-07-14,S003,P0004,100,20,0
2025-07-14,S003,P0005,33,20,0
2025-07-14,S003,P0006,69,20,0
2025-07-14,S003,P0007,28,20,0
2025-07-14,S003,P0008,70,20,0
2025-07-14,S003,P0009,73,20,0
2025-07-14,S003,P0010,48,20,0
2025-07-14,S004,P0001,65,20,0
2025-07-14,S004,P0002,91,20,0
2025-07-14,S004,P0003,66,20,0
2025-07-14,S004,P0004,42,20,0
2025-07-14,S004,P0005,82,20,0
2025-07-14,S004,P0006,50,20,0
2025-07-14,S004,P0007,107,20,0
2025-07-14,S004,P0008,109,20,0
2025-07-14,S004,P0009,55,20,0
2025-07-14,S004,P0010,93,20,0
2025-07-14,S005,P0001,54,20,0
2025-07-14,S005,P0002,109,20,0
2025-07-14,S005,P0003,85,20,0
2025-07-14,S005,P0004,48,20,0
2025-07-14,S005,P0005,88,20,0
2025-07-14,S005,P0006,99,20,0
2025-07-14,S005,P0007,84,20,0
2025-07-14,S005,P0008,24,20,0
2025-07-14,S005,P0009,98,20,0
2025-07-14,S005,P0010,108,20,0
2025-07-15,S001,P0001,52,20,0
2025-07-15,S001,P0002,85,20,0
2025-07-15,S001,P0003,29,20,0
2025-07-15,S001,P0004,34,20,0
2025-07-15,S001,P0005,84,20,0
2025-07-15,S001,P0006,51,20,0
2025-07-15,S001,P0007,71,20,0
2025-07-15,S001,P0008,100,20,0
2025-07-15,S001,P0009,101,20,0
2025-07-15,S001,P0010,37,20,0
2025-07-15,S002,P0001,60,20,0
2025-07-15,S002,P0002,113,20,0
2025-07-15,S002,P0003,69,20,0
2025-07-15,S002,P0004,113,20,0
2025-07-15,S002,P0005,29,20,0
2025-07-15,S002,P0006,22,20,0
2025-07-15,S002,P0007,102,20,0
2025-07-15,S002,P0008,53,20,0
2025-07-15,S002,P0009,90,20,0
2025-07-15,S002,P0010,22,20,0
2025-07-15,S003,P0001,78,20,0
2025-07-15,S003,P0002,78,20,0
2025-07-15,S003,P0003,77,20,0
2025-07-15,S003,P0004,100,20,0
2025-07-15,S003,P0005,31,20,0
2025-07-15,S003,P0006,68,20,0
2025-07-15,S003,P0007,27,20,0
2025-07-15,S003,P0008,66,20,0
2025-07-15,S003,P0009,72,20,0
2025-07-15,S003,P0010,47,20,0
2025-07-15,S004,P0001,64,20,0
2025-07-15,S004,P0002,89,20,0
2025-07-15,S004,P0003,64,20,0
2025-07-15,S004,P0004,39,20,0
2025-07-15,S004,P0005,82,20,0
2025-07-15,S004,P0006,50,20,0
2025-07-15,S004,P0007,106,20,0
2025-07-15,S004,P0008,108,20,0
2025-07-15,S004,P0009,54,20,0
2025-07-15,S004,P0010,92,20,0
2025-07-15,S005,P0001,51,20,0
2025-07-15,S005,P0002,105,20,0
2025-07-15,S005,P0003,85,20,0
2025-07-15,S005,P0004,46,20,0
2025-07-15,S005,P0005,84,20,0
2025-07-15,S005,P0006,99,20,0
2025-07-15,S005,P0007,81,20,0
2025-07-15,S005,P0008,23,20,0
2025-07-15,S005,P0009,98,20,0
2025-07-15,S005,P0010,107,20,0
2025-07-16,S001,P0001,52,20,0
2025-07-16,S001,P0002,82,20,0
2025-07-16,S001,P0003,29,20,0
2025-07-16,S001,P0004,32,20,0
2025-07-16,S001,P0005,83,20,0
2025-07-16,S001,P0006,51,20,0
2025-07-16,S001,P0007,70,20,0
2025-07-16,S001,P0008,99,20,0
2025-07-16,S001,P0009,99,20,0
2025-07-16,S001,P0010,37,20,0
2025-07-16,S002,P0001,59,20,0
2025-07-16,S002,P0002,111,20,0
2025-07-16,S002,P0003,69,20,0
2025-07-16,S002,P0004,113,20,0
2025-07-16,S002,P0005,25,20,0
2025-07-16,S002,P0006,22,20,0
2025-07-16,S002,P0007,102,20,0
2025-07-16,S002,P0008,50,20,0
2025-07-16,S002,P0009,88,20,0
2025-07-16,S002,P0010,21,20,0
2025-07-16,S003,P0001,76,20,0
2025-07-16,S003,P0002,76,20,0
2025-07-16,S003,P0003,76,20,0
2025-07-16,S003,P0004,98,20,0
2025-07-16,S003,P0005,30,20,0
2025-07-16,S003,P0006,68,20,0
2025-07-16,S003,P0007,27,20,0
2025-07-16,S003,P0008,64,20,0
2025-07-16,S003,P0009,71,20,0
2025-07-16,S003,P0010,46,20,0
2025-07-16,S004,P0001,64,20,0
2025-07-16,S004,P0002,88,20,0
2025-07-16,S004,P0003,63,20,0
2025-07-16,S004,P0004,37,20,0
2025-07-16,S004,P0005,79,20,0
2025-07-16,S004,P0006,50,20,0
2025-07-16,S004,P0007,104,20,0
2025-07-16,S004,P0008,104,20,0
2025-07-16,S004,P0009,51,20,0
2025-07-16,S004,P0010,90,20,0
2025-07-16,S005,P0001,49,20,0
2025-07-16,S005,P0002,103,20,0
2025-07-16,S005,P0003,84,20,0
2025-07-16,S005,P0004,46,20,0
2025-07-16,S005,P0005,84,20,0
2025-07-16,S005,P0006,98,20,0
2025-07-16,S005,P0007,77,20,0
2025-07-16,S005,P0008,23,20,0
2025-07-16,S005,P0009,97,20,0
2025-07-16,S005,P0010,106,20,0
2025-07-17,S001,P0001,51,20,0
2025-07-17,S001,P0002,79,20,0
2025-07-17,S001,P0003,28,20,0
2025-07-17,S001,P0004,31,20,0
2025-07-17,S001,P0005,80,20,0
2025-07-17,S001,P0006,50,20,0
2025-07-17,S001,P0007,70,20,0
2025-07-17,S001,P0008,98,20,0
2025-07-17,S001,P0009,93,20,0
2025-07-17,S001,P0010,35,20,0
2025-07-17,S002,P0001,58,20,0
2025-07-17,S002,P0002,111,20,0
2025-07-17,S002,P0003,69,20,0
2025-07-17,S002,P0004,112,20,0
2025-07-17,S002,P0005,22,20,0
2025-07-17,S002,P0006,22,20,0
2025-07-17,S002,P0007,101,20,0
2025-07-17,S002,P0008,50,20,0
2025-07-17,S002,P0009,87,20,0
2025-07-17,S002,P0010,21,20,0
2025-07-17,S003,P0001,76,20,0
2025-07-17,S003,P0002,75,20,0
2025-07-17,S003,P0003,75,20,0
2025-07-17,S003,P0004,97,20,0
2025-07-17,S003,P0005,29,20,0
2025-07-17,S003,P0006,68,20,0
2025-07-17,S003,P0007,27,20,0
2025-07-17,S003,P0008,62,20,0
2025-07-17,S003,P0009,70,20,0
2025-07-17,S003,P0010,43,20,0
2025-07-17,S004,P0001,63,20,0
2025-07-17,S004,P0002,87,20,0
2025-07-17,S004,P0003,63,20,0
2025-07-17,S004,P0004,36,20,0
2025-07-17,S004,P0005,74,20,0
2025-07-17,S004,P0006,49,20,0
2025-07-17,S004,P0007,104,20,0
2025-07-17,S004,P0008,103,20,0
2025-07-17,S004,P0009,49,20,0
2025-07-17,S004,P0010,88,20,0
2025-07-17,S005,P0001,46,20,0
2025-07-17,S005,P0002,101,20,0
2025-07-17,S005,P0003,79,20,0
2025-07-17,S005,P0004,44,20,0
2025-07-17,S005,P0005,82,20,0
2025-07-17,S005,P0006,98,20,0
2025-07-17,S005,P0007,77,20,0
2025-07-17,S005,P0008,23,20,0
2025-07-17,S005,P0009,93,20,0
2025-07-17,S005,P0010,106,20,0
2025-07-18,S001,P0001,48,20,0
2025-07-18,S001,P0002,78,20,0
2025-07-18,S001,P0003,27,20,0
2025-07-18,S001,P0004,30,20,0
2025-07-18,S001,P0005,79,20,0
2025-07-18,S001,P0006,47,20,0
2025-07-18,S001,P0007,69,20,0
2025-07-18,S001,P0008,95,20,0
2025-07-18,S001,P0009,93,20,0
2025-07-18,S001,P0010,33,20,0
2025-07-18,S002,P0001,57,20,0
2025-07-18,S002,P0002,111,20,0
2025-07-18,S002,P0003,68,20,0
2025-07-18,S002,P0004,110,20,0
2025-07-18,S002,P0005,117,20,0
2025-07-18,S002,P0006,22,20,0
2025-07-18,S002,P0007,101,20,0
2025-07-18,S002,P0008,46,20,0
2025-07-18,S002,P0009,86,20,0
2025-07-18,S002,P0010,118,20,0
2025-07-18,S003,P0001,74,20,0
2025-07-18,S003,P0002,74,20,0
2025-07-18,S003,P0003,70,20,0
2025-07-18,S003,P0004,96,20,0
2025-07-18,S003,P0005,27,20,0
2025-07-18,S003,P0006,68,20,0
2025-07-18,S003,P0007,26,20,0
2025-07-18,S003,P0008,61,20,0
2025-07-18,S003,P0009,69,20,0
2025-07-18,S003,P0010,41,20,0
2025-07-18,S004,P0001,62,20,0
2025-07-18,S004,P0002,84,20,0
2025-07-18,S004,P0003,63,20,0
2025-07-18,S004,P0004,35,20,0
2025-07-18,S004,P0005,71,20,0
2025-07-18,S004,P0006,47,20,0
2025-07-18,S004,P0007,104,20,0
2025-07-18,S004,P0008,103,20,0
2025-07-18,S004,P0009,46,20,0
2025-07-18,S004,P0010,87,20,0
2025-07-18,S005,P0001,44,20,0
2025-07-18,S005,P0002,100,20,0
2025-07-18,S005,P0003,78,20,0
2025-07-18,S005,P0004,44,20,0
2025-07-18,S005,P0005,80,20,0
2025-07-18,S005,P0006,98,20,0
2025-07-18,S005,P0007,77,20,0
2025-07-18,S005,P0008,23,20,0
2025-07-18,S005,P0009,92,20,0
2025-07-18,S005,P0010,105,20,0
2025-07-19,S001,P0001,47,20,0
2025-07-19,S001,P0002,76,20,0
2025-07-19,S001,P0003,27,20,0
2025-07-19,S001,P0004,29,20,0
2025-07-19,S001,P0005,76,20,0
2025-07-19,S001,P0006,47,20,0
2025-07-19,S001,P0007,69,20,0
2025-07-19,S001,P0008,94,20,0
2025-07-19,S001,P0009,86,20,0
2025-07-19,S001,P0010,32,20,0
2025-07-19,S002,P0001,54,20,0
2025-07-19,S002,P0002,110,20,0
2025-07-19,S002,P0003,68,20,0
2025-07-19,S002,P0004,109,20,0
2025-07-19,S002,P0005,111,20,0
2025-07-19,S002,P0006,20,20,0
2025-07-19,S002,P0007,100,20,0
2025-07-19,S002,P0008,44,20,0
2025-07-19,S002,P0009,84,20,0
2025-07-19,S002,P0010,117,20,0
2025-07-19,S003,P0001,74,20,0
2025-07-19,S003,P0002,73,20,0
2025-07-19,S003,P0003,69,20,0
2025-07-19,S003,P0004,94,20,0
2025-07-19,S003,P0005,27,20,0
2025-07-19,S003,P0006,68,20,0
2025-07-19,S003,P0007,25,20,0
2025-07-19,S003,P0008,57,20,0
2025-07-19,S003,P0009,66,20,0
2025-07-19,S003,P0010,40,20,0
2025-07-19,S004,P0001,60,20,0
2025-07-19,S004,P0002,83,20,0
2025-07-19,S004,P0003,60,20,0
2025-07-19,S004,P0004,34,20,0
2025-07-19,S004,P0005,70,20,0
2025-07-19,S004,P0006,45,20,0
2025-07-19,S004,P0007,101,20,0
2025-07-19,S004,P0008,100,20,0
2025-07-19,S004,P0009,45,20,0
2025-07-19,S004,P0010,85,20,0
2025-07-19,S005,P0001,42,20,0
2025-07-19,S005,P0002,98,20,0
2025-07-19,S005,P0003,77,20,0
2025-07-19,S005,P0004,40,20,0
2025-07-19,S005,P0005,79,20,0
2025-07-19,S005,P0006,97,20,0
2025-07-19,S005,P0007,76,20,0
2025-07-19,S005,P0008,20,20,0
2025-07-19,S005,P0009,89,20,0
2025-07-19,S005,P0010,103,20,0
2025-07-20,S001,P0001,47,20,0
2025-07-20,S001,P0002,75,20,0
2025-07-20,S001,P0003,25,20,0
2025-07-20,S001,P0004,29,20,0
2025-07-20,S001,P0005,72,20,0
2025-07-20,S001,P0006,47,20,0
2025-07-20,S001,P0007,66,20,0
2025-07-20,S001,P0008,93,20,0
2025-07-20,S001,P0009,84,20,0
2025-07-20,S001,P0010,32,20,0
2025-07-20,S002,P0001,52,20,0
2025-07-20,S002,P0002,109,20,0
2025-07-20,S002,P0003,67,20,0
2025-07-20,S002,P0004,109,20,0
2025-07-20,S002,P0005,107,20,0
2025-07-20,S002,P0006,119,20,0
2025-07-20,S002,P0007,98,20,0
2025-07-20,S002,P0008,43,20,0
2025-07-20,S002,P0009,84,20,0
2025-07-20,S002,P0010,117,20,0
2025-07-20,S003,P0001,73,20,0
2025-07-20,S003,P0002,70,20,0
2025-07-20,S003,P0003,69,20,0
2025-07-20,S003,P0004,94,20,0
2025-07-20,S003,P0005,26,20,0
2025-07-20,S003,P0006,66,20,0
2025-07-20,S003,P0007,22,20,0
2025-07-20,S003,P0008,56,20,0
2025-07-20,S003,P0009,64,20,0
2025-07-20,S003,P0010,38,20,0
2025-07-20,S004,P0001,58,20,0
2025-07-20,S004,P0002,82,20,0
2025-07-20,S004,P0003,59,20,0
2025-07-20,S004,P0004,33,20,0
2025-07-20,S004,P0005,68,20,0
2025-07-20,S004,P0006,45,20,0
2025-07-20,S004,P0007,98,20,0
2025-07-20,S004,P0008,99,20,0
2025-07-20,S004,P0009,43,20,0
2025-07-20,S004,P0010,85,20,0
2025-07-20,S005,P0001,42,20,0
2025-07-20,S005,P0002,96,20,0
2025-07-20,S005,P0003,77,20,0
2025-07-20,S005,P0004,39,20,0
2025-07-20,S005,P0005,74,20,0
2025-07-20,S005,P0006,95,20,0
2025-07-20,S005,P0007,73,20,0
2025-07-20,S005,P0008,118,20,0
2025-07-20,S005,P0009,89,20,0
2025-07-20,S005,P0010,101,20,0
2025-07-21,S001,P0001,47,20,0
2025-07-21,S001,P0002,73,20,0
2025-07-21,S001,P0003,25,20,0
2025-07-21,S001,P0004,27,20,0
2025-07-21,S001,P0005,71,20,0
2025-07-21,S001,P0006,47,20,0
2025-07-21,S001,P0007,65,20,0
2025-07-21,S001,P0008,92,20,0
2025-07-21,S001,P0009,81,20,0
2025-07-21,S001,P0010,31,20,0
2025-07-21,S002,P0001,51,20,0
2025-07-21,S002,P0002,108,20,0
2025-07-21,S002,P0003,66,20,0
2025-07-21,S002,P0004,108,20,0
2025-07-21,S002,P0005,104,20,0
2025-07-21,S002,P0006,118,20,0
2025-07-21,S002,P0007,98,20,0
2025-07-21,S002,P0008,42,20,0
2025-07-21,S002,P0009,82,20,0
2025-07-21,S002,P0010,116,20,0
2025-07-21,S003,P0001,68,20,0
2025-07-21,S003,P0002,68,20,0
2025-07-21,S003,P0003,68,20,0
2025-07-21,S003,P0004,93,20,0
2025-07-21,S003,P0005,24,20,0
2025-07-21,S003,P0006,64,20,0
2025-07-21,S003,P0007,22,20,0
2025-07-21,S003,P0008,56,20,0
2025-07-21,S003,P0009,64,20,0
2025-07-21,S003,P0010,37,20,0
2025-07-21,S004,P0001,55,20,0
2025-07-21,S004,P0002,82,20,0
2025-07-21,S004,P0003,55,20,0
2025-07-21,S004,P0004,33,20,0
2025-07-21,S004,P0005,66,20,0
2025-07-21,S004,P0006,45,20,0
2025-07-21,S004,P0007,97,20,0
2025-07-21,S004,P0008,98,20,0
2025-07-21,S004,P0009,39,20,0
2025-07-21,S004,P0010,84,20,0
2025-07-21,S005,P0001,42,20,0
2025-07-21,S005,P0002,94,20,0
2025-07-21,S005,P0003,75,20,0
2025-07-21,S005,P0004,38,20,0
2025-07-21,S005,P0005,70,20,0
2025-07-21,S005,P0006,94,20,0
2025-07-21,S005,P0007,71,20,0
2025-07-21,S005,P0008,116,20,0
2025-07-21,S005,P0009,89,20,0
2025-07-21,S005,P0010,100,20,0
2025-07-22,S001,P0001,46,20,0
2025-07-22,S001,P0002,70,20,0
2025-07-22,S001,P0003,23,20,0
2025-07-22,S001,P0004,25,20,0
2025-07-22,S001,P0005,68,20,0
2025-07-22,S001,P0006,45,20,0
2025-07-22,S001,P0007,65,20,0
2025-07-22,S001,P0008,88,20,0
2025-07-22,S001,P0009,80,20,0
2025-07-22,S001,P0010,30,20,0
2025-07-22,S002,P0001,47,20,0
2025-07-22,S002,P0002,108,20,0
2025-07-22,S002,P0003,65,20,0
2025-07-22,S002,P0004,108,20,0
2025-07-22,S002,P0005,102,20,0
2025-07-22,S002,P0006,117,20,0
2025-07-22,S002,P0007,98,20,0
2025-07-22,S002,P0008,38,20,0
2025-07-22,S002,P0009,82,20,0
2025-07-22,S002,P0010,114,20,0
2025-07-22,S003,P0001,68,20,0
2025-07-22,S003,P0002,66,20,0
2025-07-22,S003,P0003,66,20,0
2025-07-22,S003,P0004,92,20,0
2025-07-22,S003,P0005,22,20,0
2025-07-22,S003,P0006,64,20,0
2025-07-22,S003,P0007,21,20,0
2025-07-22,S003,P0008,54,20,0
2025-07-22,S003,P0009,62,20,0
2025-07-22,S003,P0010,36,20,0
2025-07-22,S004,P0001,52,20,0
2025-07-22,S004,P0002,82,20,0
2025-07-22,S004,P0003,55,20,0
2025-07-22,S004,P0004,31,20,0
2025-07-22,S004,P0005,62,20,0
2025-07-22,S004,P0006,43,20,0
2025-07-22,S004,P0007,93,20,0
2025-07-22,S004,P0008,96,20,0
2025-07-22,S004,P0009,38,20,0
2025-07-22,S004,P0010,84,20,0
2025-07-22,S005,P0001,41,20,0
2025-07-22,S005,P0002,91,20,0
2025-07-22,S005,P0003,74,20,0
2025-07-22,S005,P0004,37,20,0
2025-07-22,S005,P0005,68,20,0
2025-07-22,S005,P0006,94,20,0
2025-07-22,S005,P0007,69,20,0
2025-07-22,S005,P0008,115,20,0
2025-07-22,S005,P0009,89,20,0
2025-07-22,S005,P0010,99,20,0
2025-07-23,S001,P0001,45,20,0
2025-07-23,S001,P0002,70,20,0
2025-07-23,S001,P0003,22,20,0
2025-07-23,S001,P0004,23,20,0
2025-07-23,S001,P0005,67,20,0
2025-07-23,S001,P0006,45,20,0
2025-07-23,S001,P0007,64,20,0
2025-07-23,S001,P0008,87,20,0
2025-07-23,S001,P0009,76,20,0
2025-07-23,S001,P0010,27,20,0
2025-07-23,S002,P0001,44,20,0
2025-07-23,S002,P0002,105,20,0
2025-07-23,S002,P0003,61,20,0
2025-07-23,S002,P0004,108,20,0
2025-07-23,S002,P0005,99,20,0
2025-07-23,S002,P0006,117,20,0
2025-07-23,S002,P0007,97,20,0
2025-07-23,S002,P0008,36,20,0
2025-07-23,S002,P0009,82,20,0
2025-07-23,S002,P0010,113,20,0
2025-07-23,S003,P0001,68,20,0
2025-07-23,S003,P0002,62,20,0
2025-07-23,S003,P0003,65,20,0
2025-07-23,S003,P0004,92,20,0
2025-07-23,S003,P0005,21,20,0
2025-07-23,S003,P0006,62,20,0
2025-07-23,S003,P0007,119,20,0
2025-07-23,S003,P0008,53,20,0
2025-07-23,S003,P0009,60,20,0
2025-07-23,S003,P0010,35,20,0
2025-07-23,S004,P0001,52,20,0
2025-07-23,S004,P0002,80,20,0
2025-07-23,S004,P0003,55,20,0
2025-07-23,S004,P0004,30,20,0
2025-07-23,S004,P0005,59,20,0
2025-07-23,S004,P0006,43,20,0
2025-07-23,S004,P0007,92,20,0
2025-07-23,S004,P0008,95,20,0
2025-07-23,S004,P0009,34,20,0
2025-07-23,S004,P0010,81,20,0
2025-07-23,S005,P0001,39,20,0
2025-07-23,S005,P0002,89,20,0
2025-07-23,S005,P0003,73,20,0
2025-07-23,S005,P0004,37,20,0
2025-07-23,S005,P0005,65,20,0
2025-07-23,S005,P0006,94,20,0
2025-07-23,S005,P0007,66,20,0
2025-07-23,S005,P0008,113,20,0
2025-07-23,S005,P0009,86,20,0
2025-07-23,S005,P0010,98,20,0
2025-07-24,S001,P0001,44,20,0
2025-07-24,S001,P0002,67,20,0
2025-07-24,S001,P0003,119,20,0
2025-07-24,S001,P0004,22,20,0
2025-07-24,S001,P0005,66,20,0
2025-07-24,S001,P0006,45,20,0
2025-07-24,S001,P0007,63,20,0
2025-07-24,S001,P0008,86,20,0
2025-07-24,S001,P0009,74,20,0
2025-07-24,S001,P0010,27,20,0
2025-07-24,S002,P0001,43,20,0
2025-07-24,S002,P0002,104,20,0
2025-07-24,S002,P0003,58,20,0
2025-07-24,S002,P0004,107,20,0
2025-07-24,S002,P0005,96,20,0
2025-07-24,S002,P0006,117,20,0
2025-07-24,S002,P0007,96,20,0
2025-07-24,S002,P0008,34,20,0
2025-07-24,S002,P0009,79,20,0
2025-07-24,S002,P0010,113,20,0
2025-07-24,S003,P0001,68,20,0
2025-07-24,S003,P0002,62,20,0
2025-07-24,S003,P0003,65,20,0
2025-07-24,S003,P0004,89,20,0
2025-07-24,S003,P0005,117,20,0
2025-07-24,S003,P0006,61,20,0
2025-07-24,S003,P0007,118,20,0
2025-07-24,S003,P0008,53,20,0
2025-07-24,S003,P0009,57,20,0
2025-07-24,S003,P0010,35,20,0
2025-07-24,S004,P0001,51,20,0
2025-07-24,S004,P0002,76,20,0
2025-07-24,S004,P0003,54,20,0
2025-07-24,S004,P0004,30,20,0
2025-07-24,S004,P0005,56,20,0
2025-07-24,S004,P0006,43,20,0
2025-07-24,S004,P0007,89,20,0
2025-07-24,S004,P0008,95,20,0
2025-07-24,S004,P0009,32,20,0
2025-07-24,S004,P0010,80,20,0
2025-07-24,S005,P0001,39,20,0
2025-07-24,S005,P0002,88,20,0
2025-07-24,S005,P0003,72,20,0
2025-07-24,S005,P0004,36,20,0
2025-07-24,S005,P0005,63,20,0
2025-07-24,S005,P0006,94,20,0
2025-07-24,S005,P0007,66,20,0
2025-07-24,S005,P0008,109,20,0
2025-07-24,S005,P0009,84,20,0
2025-07-24,S005,P0010,98,20,0
2025-07-25,S001,P0001,43,20,0
2025-07-25,S001,P0002,64,20,0
2025-07-25,S001,P0003,117,20,0
2025-07-25,S001,P0004,22,20,0
2025-07-25,S001,P0005,64,20,0
2025-07-25,S001,P0006,45,20,0
2025-07-25,S001,P0007,61,20,0
2025-07-25,S001,P0008,86,20,0
2025-07-25,S001,P0009,73,20,0
2025-07-25,S001,P0010,26,20,0
2025-07-25,S002,P0001,42,20,0
2025-07-25,S002,P0002,102,20,0
2025-07-25,S002,P0003,58,20,0
2025-07-25,S002,P0004,107,20,0
2025-07-25,S002,P0005,93,20,0
2025-07-25,S002,P0006,117,20,0
2025-07-25,S002,P0007,96,20,0
2025-07-25,S002,P0008,34,20,0
2025-07-25,S002,P0009,77,20,0
2025-07-25,S002,P0010,111,20,0
2025-07-25,S003,P0001,68,20,0
2025-07-25,S003,P0002,62,20,0
2025-07-25,S003,P0003,63,20,0
2025-07-25,S003,P0004,86,20,0
2025-07-25,S003,P0005,113,20,0
2025-07-25,S003,P0006,58,20,0
2025-07-25,S003,P0007,118,20,0
2025-07-25,S003,P0008,51,20,0
2025-07-25,S003,P0009,55,20,0
2025-07-25,S003,P0010,35,20,0
2025-07-25,S004,P0001,48,20,0
2025-07-25,S004,P0002,76,20,0
2025-07-25,S004,P0003,52,20,0
2025-07-25,S004,P0004,29,20,0
2025-07-25,S004,P0005,55,20,0
2025-07-25,S004,P0006,43,20,0
2025-07-25,S004,P0007,88,20,0
2025-07-25,S004,P0008,93,20,0
2025-07-25,S004,P0009,31,20,0
2025-07-25,S004,P0010,78,20,0
2025-07-25,S005,P0001,37,20,0
2025-07-25,S005,P0002,87,20,0
2025-07-25,S005,P0003,69,20,0
2025-07-25,S005,P0004,35,20,0
2025-07-25,S005,P0005,60,20,0
2025-07-25,S005,P0006,94,20,0
2025-07-25,S005,P0007,65,20,0
2025-07-25,S005,P0008,108,20,0
2025-07-25,S005,P0009,82,20,0
2025-07-25,S005,P0010,98,20,0
2025-07-26,S001,P0001,41,20,0
2025-07-26,S001,P0002,64,20,0
2025-07-26,S001,P0003,115,20,0
2025-07-26,S001,P0004,22,20,0
2025-07-26,S001,P0005,63,20,0
2025-07-26,S001,P0006,45,20,0
2025-07-26,S001,P0007,61,20,0
2025-07-26,S001,P0008,86,20,0
2025-07-26,S001,P0009,73,20,0
2025-07-26,S001,P0010,25,20,0
2025-07-26,S002,P0001,41,20,0
2025-07-26,S002,P0002,100,20,0
2025-07-26,S002,P0003,56,20,0
2025-07-26,S002,P0004,107,20,0
2025-07-26,S002,P0005,91,20,0
2025-07-26,S002,P0006,117,20,0
2025-07-26,S002,P0007,96,20,0
2025-07-26,S002,P0008,31,20,0
2025-07-26,S002,P0009,74,20,0
2025-07-26,S002,P0010,110,20,0
2025-07-26,S003,P0001,66,20,0
2025-07-26,S003,P0002,61,20,0
2025-07-26,S003,P0003,61,20,0
2025-07-26,S003,P0004,85,20,0
2025-07-26,S003,P0005,113,20,0
2025-07-26,S003,P0006,57,20,0
2025-07-26,S003,P0007,118,20,0
2025-07-26,S003,P0008,50,20,0
2025-07-26,S003,P0009,53,20,0
2025-07-26,S003,P0010,33,20,0
2025-07-26,S004,P0001,47,20,0
2025-07-26,S004,P0002,74,20,0
2025-07-26,S004,P0003,51,20,0
2025-07-26,S004,P0004,28,20,0
2025-07-26,S004,P0005,54,20,0
2025-07-26,S004,P0006,43,20,0
2025-07-26,S004,P0007,88,20,0
2025-07-26,S004,P0008,92,20,0
2025-07-26,S004,P0009,30,20,0
2025-07-26,S004,P0010,77,20,0
2025-07-26,S005,P0001,37,20,0
2025-07-26,S005,P0002,85,20,0
2025-07-26,S005,P0003,68,20,0
2025-07-26,S005,P0004,35,20,0
2025-07-26,S005,P0005,56,20,0
2025-07-26,S005,P0006,92,20,0
2025-07-26,S005,P0007,61,20,0
2025-07-26,S005,P0008,106,20,0
2025-07-26,S005,P0009,79,20,0
2025-07-26,S005,P0010,98,20,0
2025-07-27,S001,P0001,39,20,0
2025-07-27,S001,P0002,62,20,0
2025-07-27,S001,P0003,113,20,0
2025-07-27,S001,P0004,21,20,0
2025-07-27,S001,P0005,61,20,0
2025-07-27,S001,P0006,45,20,0
2025-07-27,S001,P0007,60,20,0
2025-07-27,S001,P0008,86,20,0
2025-07-27,S001,P0009,73,20,0
2025-07-27,S001,P0010,25,20,0
2025-07-27,S002,P0001,40,20,0
2025-07-27,S002,P0002,100,20,0
2025-07-27,S002,P0003,56,20,0
2025-07-27,S002,P0004,105,20,0
2025-07-27,S002,P0005,89,20,0
2025-07-27,S002,P0006,116,20,0
2025-07-27,S002,P0007,93,20,0
2025-07-27,S002,P0008,30,20,0
2025-07-27,S002,P0009,73,20,0
2025-07-27,S002,P0010,108,20,0
2025-07-27,S003,P0001,62,20,0
2025-07-27,S003,P0002,60,20,0
2025-07-27,S003,P0003,61,20,0
2025-07-27,S003,P0004,84,20,0
2025-07-27,S003,P0005,111,20,0
2025-07-27,S003,P0006,57,20,0
2025-07-27,S003,P0007,117,20,0
2025-07-27,S003,P0008,47,20,0
2025-07-27,S003,P0009,53,20,0
2025-07-27,S003,P0010,33,20,0
2025-07-27,S004,P0001,46,20,0
2025-07-27,S004,P0002,70,20,0
2025-07-27,S004,P0003,49,20,0
2025-07-27,S004,P0004,27,20,0
2025-07-27,S004,P0005,52,20,0
2025-07-27,S004,P0006,43,20,0
2025-07-27,S004,P0007,87,20,0
2025-07-27,S004,P0008,90,20,0
2025-07-27,S004,P0009,29,20,0
2025-07-27,S004,P0010,75,20,0
2025-07-27,S005,P0001,34,20,0
2025-07-27,S005,P0002,85,20,0
2025-07-27,S005,P0003,66,20,0
2025-07-27,S005,P0004,33,20,0
2025-07-27,S005,P0005,53,20,0
2025-07-27,S005,P0006,92,20,0
2025-07-27,S005,P0007,61,20,0
2025-07-27,S005,P0008,104,20,0
2025-07-27,S005,P0009,77,20,0
2025-07-27,S005,P0010,97,20,0
2025-07-28,S001,P0001,39,20,0
2025-07-28,S001,P0002,56,20,0
2025-07-28,S001,P0003,112,20,0
2025-07-28,S001,P0004,20,20,0
2025-07-28,S001,P0005,59,20,0
2025-07-28,S001,P0006,44,20,0
2025-07-28,S001,P0007,60,20,0
2025-07-28,S001,P0008,85,20,0
2025-07-28,S001,P0009,73,20,0
2025-07-28,S001,P0010,20,20,0
2025-07-28,S002,P0001,39,20,0
2025-07-28,S002,P0002,98,20,0
2025-07-28,S002,P0003,55,20,0
2025-07-28,S002,P0004,103,20,0
2025-07-28,S002,P0005,86,20,0
2025-07-28,S002,P0006,116,20,0
2025-07-28,S002,P0007,91,20,0
2025-07-28,S002,P0008,29,20,0
2025-07-28,S002,P0009,71,20,0
2025-07-28,S002,P0010,107,20,0
2025-07-28,S003,P0001,61,20,0
2025-07-28,S003,P0002,59,20,0
2025-07-28,S003,P0003,58,20,0
2025-07-28,S003,P0004,83,20,0
2025-07-28,S003,P0005,107,20,0
2025-07-28,S003,P0006,56,20,0
2025-07-28,S003,P0007,116,20,0
2025-07-28,S003,P0008,45,20,0
2025-07-28,S003,P0009,51,20,0
2025-07-28,S003,P0010,32,20,0
2025-07-28,S004,P0001,44,20,0
2025-07-28,S004,P0002,67,20,0
2025-07-28,S004,P0003,47,20,0
2025-07-28,S004,P0004,26,20,0
2025-07-28,S004,P0005,51,20,0
2025-07-28,S004,P0006,43,20,0
2025-07-28,S004,P0007,86,20,0
2025-07-28,S004,P0008,89,20,0
2025-07-28,S004,P0009,27,20,0
2025-07-28,S004,P0010,74,20,0
2025-07-28,S005,P0001,32,20,0
2025-07-28,S005,P0002,85,20,0
2025-07-28,S005,P0003,65,20,0
2025-07-28,S005,P0004,32,20,0
2025-07-28,S005,P0005,49,20,0
2025-07-28,S005,P0006,92,20,0
2025-07-28,S005,P0007,59,20,0
2025-07-28,S005,P0008,103,20,0
2025-07-28,S005,P0009,74,20,0
2025-07-28,S005,P0010,97,20,0
2025-07-29,S001,P0001,34,20,0
2025-07-29,S001,P0002,56,20,0
2025-07-29,S001,P0003,110,20,0
2025-07-29,S001,P0004,117,20,0
2025-07-29,S001,P0005,56,20,0
2025-07-29,S001,P0006,43,20,0
2025-07-29,S001,P0007,60,20,0
2025-07-29,S001,P0008,85,20,0
2025-07-29,S001,P0009,69,20,0
2025-07-29,S001,P0010,118,20,0
2025-07-29,S002,P0001,36,20,0
2025-07-29,S002,P0002,98,20,0
2025-07-29,S002,P0003,54,20,0
2025-07-29,S002,P0004,103,20,0
2025-07-29,S002,P0005,85,20,0
2025-07-29,S002,P0006,116,20,0
2025-07-29,S002,P0007,90,20,0
2025-07-29,S002,P0008,28,20,0
2025-07-29,S002,P0009,68,20,0
2025-07-29,S002,P0010,106,20,0
2025-07-29,S003,P0001,58,20,0
2025-07-29,S003,P0002,59,20,0
2025-07-29,S003,P0003,56,20,0
2025-07-29,S003,P0004,83,20,0
2025-07-29,S003,P0005,104,20,0
2025-07-29,S003,P0006,56,20,0
2025-07-29,S003,P0007,115,20,0
2025-07-29,S003,P0008,42,20,0
2025-07-29,S003,P0009,48,20,0
2025-07-29,S003,P0010,31,20,0
2025-07-29,S004,P0001,43,20,0
2025-07-29,S004,P0002,65,20,0
2025-07-29,S004,P0003,46,20,0
2025-07-29,S004,P0004,25,20,0
2025-07-29,S004,P0005,48,20,0
2025-07-29,S004,P0006,42,20,0
2025-07-29,S004,P0007,85,20,0
2025-07-29,S004,P0008,89,20,0
2025-07-29,S004,P0009,23,20,0
2025-07-29,S004,P0010,74,20,0
2025-07-29,S005,P0001,30,20,0
2025-07-29,S005,P0002,83,20,0
2025-07-29,S005,P0003,65,20,0
2025-07-29,S005,P0004,31,20,0
2025-07-29,S005,P0005,43,20,0
2025-07-29,S005,P0006,92,20,0
2025-07-29,S005,P0007,59,20,0
2025-07-29,S005,P0008,102,20,0
2025-07-29,S005,P0009,74,20,0
2025-07-29,S005,P0010,96,20,0
2025-07-30,S001,P0001,32,20,0
2025-07-30,S001,P0002,55,20,0
2025-07-30,S001,P0003,108,20,0
2025-07-30,S001,P0004,117,20,0
2025-07-30,S001,P0005,53,20,0
2025-07-30,S001,P0006,42,20,0
2025-07-30,S001,P0007,60,20,0
2025-07-30,S001,P0008,85,20,0
2025-07-30,S001,P0009,68,20,0
2025-07-30,S001,P0010,117,20,0
2025-07-30,S002,P0001,34,20,0
2025-07-30,S002,P0002,95,20,0
2025-07-30,S002,P0003,53,20,0
2025-07-30,S002,P0004,102,20,0
2025-07-30,S002,P0005,83,20,0
2025-07-30,S002,P0006,116,20,0
2025-07-30,S002,P0007,88,20,0
2025-07-30,S002,P0008,27,20,0
2025-07-30,S002,P0009,65,20,0
2025-07-30,S002,P0010,103,20,0
2025-07-30,S003,P0001,56,20,0
2025-07-30,S003,P0002,58,20,0
2025-07-30,S003,P0003,55,20,0
2025-07-30,S003,P0004,83,20,0
2025-07-30,S003,P0005,104,20,0
2025-07-30,S003,P0006,55,20,0
2025-07-30,S003,P0007,115,20,0
2025-07-30,S003,P0008,41,20,0
2025-07-30,S003,P0009,47,20,0
2025-07-30,S003,P0010,29,20,0
2025-07-30,S004,P0001,42,20,0
2025-07-30,S004,P0002,64,20,0
2025-07-30,S004,P0003,46,20,0
2025-07-30,S004,P0004,24,20,0
2025-07-30,S004,P0005,46,20,0
2025-07-30,S004,P0006,42,20,0
2025-07-30,S004,P0007,85,20,0
2025-07-30,S004,P0008,87,20,0
2025-07-30,S004,P0009,22,20,0
2025-07-30,S004,P0010,74,20,0
2025-07-30,S005,P0001,29,20,0
2025-07-30,S005,P0002,80,20,0
2025-07-30,S005,P0003,61,20,0
2025-07-30,S005,P0004,31,20,0
2025-07-30,S005,P0005,41,20,0
2025-07-30,S005,P0006,92,20,0
2025-07-30,S005,P0007,57,20,0
2025-07-30,S005,P0008,102,20,0
2025-07-30,S005,P0009,70,20,0
2025-07-30,S005,P0010,94,20,0
2025-07-31,S001,P0001,31,20,0
2025-07-31,S001,P0002,54,20,0
2025-07-31,S001,P0003,107,20,0
2025-07-31,S001,P0004,116,20,0
2025-07-31,S001,P0005,51,20,0
2025-07-31,S001,P0006,42,20,0
2025-07-31,S001,P0007,60,20,0
2025-07-31,S001,P0008,84,20,0
2025-07-31,S001,P0009,66,20,0
2025-07-31,S001,P0010,115,20,0
2025-07-31,S002,P0001,30,20,0
2025-07-31,S002,P0002,94,20,0
2025-07-31,S002,P0003,51,20,0
2025-07-31,S002,P0004,99,20,0
2025-07-31,S002,P0005,80,20,0
2025-07-31,S002,P0006,116,20,0
2025-07-31,S002,P0007,86,20,0
2025-07-31,S002,P0008,23,20,0
2025-07-31,S002,P0009,64,20,0
2025-07-31,S002,P0010,102,20,0
2025-07-31,S003,P0001,55,20,0
2025-07-31,S003,P0002,57,20,0
2025-07-31,S003,P0003,55,20,0
2025-07-31,S003,P0004,82,20,0
2025-07-31,S003,P0005,104,20,0
2025-07-31,S003,P0006,54,20,0
2025-07-31,S003,P0007,114,20,0
2025-07-31,S003,P0008,41,20,0
2025-07-31,S003,P0009,47,20,0
2025-07-31,S003,P0010,26,20,0
2025-07-31,S004,P0001,40,20,0
2025-07-31,S004,P0002,58,20,0
2025-07-31,S004,P0003,45,20,0
2025-07-31,S004,P0004,24,20,0
2025-07-31,S004,P0005,43,20,0
2025-07-31,S004,P0006,42,20,0
2025-07-31,S004,P0007,85,20,0
2025-07-31,S004,P0008,87,20,0
2025-07-31,S004,P0009,119,20,0
2025-07-31,S004,P0010,73,20,0
2025-07-31,S005,P0001,27,20,0
2025-07-31,S005,P0002,79,20,0
2025-07-31,S005,P0003,59,20,0
2025-07-31,S005,P0004,30,20,0
2025-07-31,S005,P0005,39,20,0
2025-07-31,S005,P0006,92,20,0
2025-07-31,S005,P0007,56,20,0
2025-07-31,S005,P0008,96,20,0
2025-07-31,S005,P0009,68,20,0
2025-07-31,S005,P0010,91,20,0
2025-08-01,S001,P0001,31,20,0
2025-08-01,S001,P0002,54,20,0
2025-08-01,S001,P0003,106,20,0
2025-08-01,S001,P0004,115,20,0
2025-08-01,S001,P0005,47,20,0
2025-08-01,S001,P0006,42,20,0
2025-08-01,S001,P0007,60,20,0
2025-08-01,S001,P0008,83,20,0
2025-08-01,S001,P0009,61,20,0
2025-08-01,S001,P0010,115,20,0
2025-08-01,S002,P0001,27,20,0
2025-08-01,S002,P0002,93,20,0
2025-08-01,S002,P0003,49,20,0
2025-08-01,S002,P0004,98,20,0
2025-08-01,S002,P0005,79,20,0
2025-08-01,S002,P0006,115,20,0
2025-08-01,S002,P0007,84,20,0
2025-08-01,S002,P0008,22,20,0
2025-08-01,S002,P0009,62,20,0
2025-08-01,S002,P0010,101,20,0
2025-08-01,S003,P0001,53,20,0
2025-08-01,S003,P0002,56,20,0
2025-08-01,S003,P0003,53,20,0
2025-08-01,S003,P0004,82,20,0
2025-08-01,S003,P0005,103,20,0
2025-08-01,S003,P0006,52,20,0
2025-08-01,S003,P0007,111,20,0
2025-08-01,S003,P0008,39,20,0
2025-08-01,S003,P0009,46,20,0
2025-08-01,S003,P0010,26,20,0
2025-08-01,S004,P0001,39,20,0
2025-08-01,S004,P0002,57,20,0
2025-08-01,S004,P0003,44,20,0
2025-08-01,S004,P0004,23,20,0
2025-08-01,S004,P0005,41,20,0
2025-08-01,S004,P0006,41,20,0
2025-08-01,S004,P0007,84,20,0
2025-08-01,S004,P0008,86,20,0
2025-08-01,S004,P0009,117,20,0
2025-08-01,S004,P0010,73,20,0
2025-08-01,S005,P0001,25,20,0
2025-08-01,S005,P0002,76,20,0
2025-08-01,S005,P0003,56,20,0
2025-08-01,S005,P0004,29,20,0
2025-08-01,S005,P0005,38,20,0
2025-08-01,S005,P0006,92,20,0
2025-08-01,S005,P0007,55,20,0
2025-08-01,S005,P0008,94,20,0
2025-08-01,S005,P0009,68,20,0
2025-08-01,S005,P0010,89,20,0
2025-08-02,S001,P0001,30,20,0
2025-08-02,S001,P0002,54,20,0
2025-08-02,S001,P0003,106,20,0
2025-08-02,S001,P0004,115,20,0
2025-08-02,S001,P0005,44,20,0
2025-08-02,S001,P0006,41,20,0
2025-08-02,S001,P0007,60,20,0
2025-08-02,S001,P0008,82,20,0
2025-08-02,S001,P0009,58,20,0
2025-08-02,S001,P0010,113,20,0
2025-08-02,S002,P0001,24,20,0
2025-08-02,S002,P0002,93,20,0
2025-08-02,S002,P0003,49,20,0
2025-08-02,S002,P0004,98,20,0
2025-08-02,S002,P0005,78,20,0
2025-08-02,S002,P0006,115,20,0
2025-08-02,S002,P0007,83,20,0
2025-08-02,S002,P0008,20,20,0
2025-08-02,S002,P0009,60,20,0
2025-08-02,S002,P0010,101,20,0
2025-08-02,S003,P0001,52,20,0
2025-08-02,S003,P0002,56,20,0
2025-08-02,S003,P0003,53,20,0
2025-08-02,S003,P0004,78,20,0
2025-08-02,S003,P0005,103,20,0
2025-08-02,S003,P0006,51,20,0
2025-08-02,S003,P0007,109,20,0
2025-08-02,S003,P0008,39,20,0
2025-08-02,S003,P0009,45,20,0
2025-08-02,S003,P0010,24,20,0
2025-08-02,S004,P0001,37,20,0
2025-08-02,S004,P0002,57,20,0
2025-08-02,S004,P0003,43,20,0
2025-08-02,S004,P0004,23,20,0
2025-08-02,S004,P0005,37,20,0
2025-08-02,S004,P0006,41,20,0
2025-08-02,S004,P0007,84,20,0
2025-08-02,S004,P0008,83,20,0
2025-08-02,S004,P0009,117,20,0
2025-08-02,S004,P0010,73,20,0
2025-08-02,S005,P0001,25,20,0
2025-08-02,S005,P0002,75,20,0
2025-08-02,S005,P0003,55,20,0
2025-08-02,S005,P0004,27,20,0
2025-08-02,S005,P0005,34,20,0
2025-08-02,S005,P0006,92,20,0
2025-08-02,S005,P0007,53,20,0
2025-08-02,S005,P0008,94,20,0
2025-08-02,S005,P0009,68,20,0
2025-08-02,S005,P0010,89,20,0
2025-08-03,S001,P0001,30,20,0
2025-08-03,S001,P0002,52,20,0
2025-08-03,S001,P0003,106,20,0
2025-08-03,S001,P0004,114,20,0
2025-08-03,S001,P0005,42,20,0
2025-08-03,S001,P0006,41,20,0
2025-08-03,S001,P0007,55,20,0
2025-08-03,S001,P0008,80,20,0
2025-08-03,S001,P0009,58,20,0
2025-08-03,S001,P0010,112,20,0
2025-08-03,S002,P0001,22,20,0
2025-08-03,S002,P0002,89,20,0
2025-08-03,S002,P0003,48,20,0
2025-08-03,S002,P0004,94,20,0
2025-08-03,S002,P0005,73,20,0
2025-08-03,S002,P0006,114,20,0
2025-08-03,S002,P0007,82,20,0
2025-08-03,S002,P0008,119,20,0
2025-08-03,S002,P0009,58,20,0
2025-08-03,S002,P0010,99,20,0
2025-08-03,S003,P0001,47,20,0
2025-08-03,S003,P0002,54,20,0
2025-08-03,S003,P0003,51,20,0
2025-08-03,S003,P0004,77,20,0
2025-08-03,S003,P0005,98,20,0
2025-08-03,S003,P0006,51,20,0
2025-08-03,S003,P0007,108,20,0
2025-08-03,S003,P0008,37,20,0
2025-08-03,S003,P0009,41,20,0
2025-08-03,S003,P0010,22,20,0
2025-08-03,S004,P0001,36,20,0
2025-08-03,S004,P0002,56,20,0
2025-08-03,S004,P0003,40,20,0
2025-08-03,S004,P0004,21,20,0
2025-08-03,S004,P0005,34,20,0
2025-08-03,S004,P0006,41,20,0
2025-08-03,S004,P0007,84,20,0
2025-08-03,S004,P0008,81,20,0
2025-08-03,S004,P0009,116,20,0
2025-08-03,S004,P0010,72,20,0
2025-08-03,S005,P0001,25,20,0
2025-08-03,S005,P0002,75,20,0
2025-08-03,S005,P0003,54,20,0
2025-08-03,S005,P0004,23,20,0
2025-08-03,S005,P0005,33,20,0
2025-08-03,S005,P0006,92,20,0
2025-08-03,S005,P0007,51,20,0
2025-08-03,S005,P0008,91,20,0
2025-08-03,S005,P0009,67,20,0
2025-08-03,S005,P0010,88,20,0
2025-08-04,S001,P0001,30,20,0
2025-08-04,S001,P0002,51,20,0
2025-08-04,S001,P0003,102,20,0
2025-08-04,S001,P0004,114,20,0
2025-08-04,S001,P0005,40,20,0
2025-08-04,S001,P0006,40,20,0
2025-08-04,S001,P0007,54,20,0
2025-08-04,S001,P0008,80,20,0
2025-08-04,S001,P0009,57,20,0
2025-08-04,S001,P0010,110,20,0
2025-08-04,S002,P0001,21,20,0
2025-08-04,S002,P0002,85,20,0
2025-08-04,S002,P0003,47,20,0
2025-08-04,S002,P0004,94,20,0
2025-08-04,S002,P0005,69,20,0
2025-08-04,S002,P0006,114,20,0
2025-08-04,S002,P0007,81,20,0
2025-08-04,S002,P0008,118,20,0
2025-08-04,S002,P0009,56,20,0
2025-08-04,S002,P0010,96,20,0
2025-08-04,S003,P0001,47,20,0
2025-08-04,S003,P0002,54,20,0
2025-08-04,S003,P0003,51,20,0
2025-08-04,S003,P0004,76,20,0
2025-08-04,S003,P0005,98,20,0
2025-08-04,S003,P0006,50,20,0
2025-08-04,S003,P0007,107,20,0
2025-08-04,S003,P0008,36,20,0
2025-08-04,S003,P0009,41,20,0
2025-08-04,S003,P0010,22,20,0
2025-08-04,S004,P0001,36,20,0
2025-08-04,S004,P0002,56,20,0
2025-08-04,S004,P0003,40,20,0
2025-08-04,S004,P0004,118,20,0
2025-08-04,S004,P0005,31,20,0
2025-08-04,S004,P0006,39,20,0
2025-08-04,S004,P0007,82,20,0
2025-08-04,S004,P0008,80,20,0
2025-08-04,S004,P0009,113,20,0
2025-08-04,S004,P0010,71,20,0
2025-08-04,S005,P0001,25,20,0
2025-08-04,S005,P0002,72,20,0
2025-08-04,S005,P0003,52,20,0
2025-08-04,S005,P0004,23,20,0
2025-08-04,S005,P0005,29,20,0
2025-08-04,S005,P0006,92,20,0
2025-08-04,S005,P0007,50,20,0
2025-08-04,S005,P0008,90,20,0
2025-08-04,S005,P0009,67,20,0
2025-08-04,S005,P0010,87,20,0
2025-08-05,S001,P0001,27,20,0
2025-08-05,S001,P0002,50,20,0
2025-08-05,S001,P0003,99,20,0
2025-08-05,S001,P0004,113,20,0
2025-08-05,S001,P0005,39,20,0
2025-08-05,S001,P0006,40,20,0
2025-08-05,S001,P0007,52,20,0
2025-08-05,S001,P0008,80,20,0
2025-08-05,S001,P0009,53,20,0
2025-08-05,S001,P0010,109,20,0
2025-08-05,S002,P0001,118,20,0
2025-08-05,S002,P0002,85,20,0
2025-08-05,S002,P0003,45,20,0
2025-08-05,S002,P0004,94,20,0
2025-08-05,S002,P0005,67,20,0
2025-08-05,S002,P0006,113,20,0
2025-08-05,S002,P0007,81,20,0
2025-08-05,S002,P0008,116,20,0
2025-08-05,S002,P0009,55,20,0
2025-08-05,S002,P0010,95,20,0
2025-08-05,S003,P0001,47,20,0
2025-08-05,S003,P0002,53,20,0
2025-08-05,S003,P0003,50,20,0
2025-08-05,S003,P0004,76,20,0
2025-08-05,S003,P0005,97,20,0
2025-08-05,S003,P0006,48,20,0
2025-08-05,S003,P0007,107,20,0
2025-08-05,S003,P0008,34,20,0
2025-08-05,S003,P0009,40,20,0
2025-08-05,S003,P0010,20,20,0
2025-08-05,S004,P0001,34,20,0
2025-08-05,S004,P0002,52,20,0
2025-08-05,S004,P0003,40,20,0
2025-08-05,S004,P0004,118,20,0
2025-08-05,S004,P0005,30,20,0
2025-08-05,S004,P0006,38,20,0
2025-08-05,S004,P0007,82,20,0
2025-08-05,S004,P0008,77,20,0
2025-08-05,S004,P0009,113,20,0
2025-08-05,S004,P0010,69,20,0
2025-08-05,S005,P0001,23,20,0
2025-08-05,S005,P0002,72,20,0
2025-08-05,S005,P0003,52,20,0
2025-08-05,S005,P0004,23,20,0
2025-08-05,S005,P0005,24,20,0
2025-08-05,S005,P0006,91,20,0
2025-08-05,S005,P0007,49,20,0
2025-08-05,S005,P0008,89,20,0
2025-08-05,S005,P0009,65,20,0
2025-08-05,S005,P0010,85,20,0
2025-08-06,S001,P0001,26,20,0
2025-08-06,S001,P0002,49,20,0
2025-08-06,S001,P0003,99,20,0
2025-08-06,S001,P0004,112,20,0
2025-08-06,S001,P0005,34,20,0
2025-08-06,S001,P0006,40,20,0
2025-08-06,S001,P0007,52,20,0
2025-08-06,S001,P0008,80,20,0
2025-08-06,S001,P0009,52,20,0
2025-08-06,S001,P0010,105,20,0
2025-08-06,S002,P0001,117,20,0
2025-08-06,S002,P0002,84,20,0
2025-08-06,S002,P0003,43,20,0
2025-08-06,S002,P0004,94,20,0
2025-08-06,S002,P0005,65,20,0
2025-08-06,S002,P0006,113,20,0
2025-08-06,S002,P0007,79,20,0
2025-08-06,S002,P0008,116,20,0
2025-08-06,S002,P0009,55,20,0
2025-08-06,S002,P0010,95,20,0
2025-08-06,S003,P0001,43,20,0
2025-08-06,S003,P0002,52,20,0
2025-08-06,S003,P0003,48,20,0
2025-08-06,S003,P0004,76,20,0
2025-08-06,S003,P0005,94,20,0
2025-08-06,S003,P0006,47,20,0
2025-08-06,S003,P0007,107,20,0
2025-08-06,S003,P0008,34,20,0
2025-08-06,S003,P0009,38,20,0
2025-08-06,S003,P0010,119,20,0
2025-08-06,S004,P0001,33,20,0
2025-08-06,S004,P0002,52,20,0
2025-08-06,S004,P0003,39,20,0
2025-08-06,S004,P0004,116,20,0
2025-08-06,S004,P0005,24,20,0
2025-08-06,S004,P0006,37,20,0
2025-08-06,S004,P0007,80,20,0
2025-08-06,S004,P0008,77,20,0
2025-08-06,S004,P0009,110,20,0
2025-08-06,S004,P0010,69,20,0
2025-08-06,S005,P0001,21,20,0
2025-08-06,S005,P0002,71,20,0
2025-08-06,S005,P0003,47,20,0
2025-08-06,S005,P0004,22,20,0
2025-08-06,S005,P0005,119,20,0
2025-08-06,S005,P0006,91,20,0
2025-08-06,S005,P0007,49,20,0
2025-08-06,S005,P0008,88,20,0
2025-08-06,S005,P0009,63,20,0
2025-08-06,S005,P0010,82,20,0
2025-08-07,S001,P0001,26,20,0
2025-08-07,S001,P0002,48,20,0
2025-08-07,S001,P0003,96,20,0
2025-08-07,S001,P0004,111,20,0
2025-08-07,S001,P0005,32,20,0
2025-08-07,S001,P0006,40,20,0
2025-08-07,S001,P0007,48,20,0
2025-08-07,S001,P0008,79,20,0
2025-08-07,S001,P0009,51,20,0
2025-08-07,S001,P0010,104,20,0
2025-08-07,S002,P0001,117,20,0
2025-08-07,S002,P0002,80,20,0
2025-08-07,S002,P0003,42,20,0
2025-08-07,S002,P0004,93,20,0
2025-08-07,S002,P0005,64,20,0
2025-08-07,S002,P0006,113,20,0
2025-08-07,S002,P0007,78,20,0
2025-08-07,S002,P0008,115,20,0
2025-08-07,S002,P0009,53,20,0
2025-08-07,S002,P0010,93,20,0
2025-08-07,S003,P0001,43,20,0
2025-08-07,S003,P0002,49,20,0
2025-08-07,S003,P0003,47,20,0
2025-08-07,S003,P0004,76,20,0
2025-08-07,S003,P0005,92,20,0
2025-08-07,S003,P0006,47,20,0
2025-08-07,S003,P0007,107,20,0
2025-08-07,S003,P0008,34,20,0
2025-08-07,S003,P0009,38,20,0
2025-08-07,S003,P0010,118,20,0
2025-08-07,S004,P0001,33,20,0
2025-08-07,S004,P0002,49,20,0
2025-08-07,S004,P0003,36,20,0
2025-08-07,S004,P0004,114,20,0
2025-08-07,S004,P0005,24,20,0
2025-08-07,S004,P0006,37,20,0
2025-08-07,S004,P0007,80,20,0
2025-08-07,S004,P0008,76,20,0
2025-08-07,S004,P0009,106,20,0
2025-08-07,S004,P0010,69,20,0
2025-08-07,S005,P0001,20,20,0
2025-08-07,S005,P0002,70,20,0
2025-08-07,S005,P0003,46,20,0
2025-08-07,S005,P0004,20,20,0
2025-08-07,S005,P0005,116,20,0
2025-08-07,S005,P0006,90,20,0
2025-08-07,S005,P0007,48,20,0
2025-08-07,S005,P0008,86,20,0
2025-08-07,S005,P0009,62,20,0
2025-08-07,S005,P0010,82,20,0
2025-08-08,S001,P0001,25,20,0
2025-08-08,S001,P0002,47,20,0
2025-08-08,S001,P0003,94,20,0
2025-08-08,S001,P0004,111,20,0
2025-08-08,S001,P0005,27,20,0
2025-08-08,S001,P0006,38,20,0
2025-08-08,S001,P0007,47,20,0
2025-08-08,S001,P0008,76,20,0
2025-08-08,S001,P0009,49,20,0
2025-08-08,S001,P0010,104,20,0
2025-08-08,S002,P0001,117,20,0
2025-08-08,S002,P0002,78,20,0
2025-08-08,S002,P0003,40,20,0
2025-08-08,S002,P0004,91,20,0
2025-08-08,S002,P0005,62,20,0
2025-08-08,S002,P0006,113,20,0
2025-08-08,S002,P0007,76,20,0
2025-08-08,S002,P0008,115,20,0
2025-08-08,S002,P0009,47,20,0
2025-08-08,S002,P0010,92,20,0
2025-08-08,S003,P0001,42,20,0
2025-08-08,S003,P0002,49,20,0
2025-08-08,S003,P0003,46,20,0
2025-08-08,S003,P0004,74,20,0
2025-08-08,S003,P0005,88,20,0
2025-08-08,S003,P0006,46,20,0
2025-08-08,S003,P0007,107,20,0
2025-08-08,S003,P0008,32,20,0
2025-08-08,S003,P0009,37,20,0
2025-08-08,S003,P0010,116,20,0
2025-08-08,S004,P0001,32,20,0
2025-08-08,S004,P0002,48,20,0
2025-08-08,S004,P0003,32,20,0
2025-08-08,S004,P0004,113,20,0
2025-08-08,S004,P0005,23,20,0
2025-08-08,S004,P0006,37,20,0
2025-08-08,S004,P0007,78,20,0
2025-08-08,S004,P0008,75,20,0
2025-08-08,S004,P0009,104,20,0
2025-08-08,S004,P0010,67,20,0
2025-08-08,S005,P0001,119,20,0
2025-08-08,S005,P0002,67,20,0
2025-08-08,S005,P0003,45,20,0
2025-08-08,S005,P0004,117,20,0
2025-08-08,S005,P0005,113,20,0
2025-08-08,S005,P0006,90,20,0
2025-08-08,S005,P0007,48,20,0
2025-08-08,S005,P0008,86,20,0
2025-08-08,S005,P0009,61,20,0
2025-08-08,S005,P0010,80,20,0
2025-08-09,S001,P0001,24,20,0
2025-08-09,S001,P0002,45,20,0
2025-08-09,S001,P0003,92,20,0
2025-08-09,S001,P0004,109,20,0
2025-08-09,S001,P0005,26,20,0
2025-08-09,S001,P0006,37,20,0
2025-08-09,S001,P0007,45,20,0
2025-08-09,S001,P0008,76,20,0
2025-08-09,S001,P0009,47,20,0
2025-08-09,S001,P0010,104,20,0
2025-08-09,S002,P0001,117,20,0
2025-08-09,S002,P0002,77,20,0
2025-08-09,S002,P0003,36,20,0
2025-08-09,S002,P0004,88,20,0
2025-08-09,S002,P0005,58,20,0
2025-08-09,S002,P0006,112,20,0
2025-08-09,S002,P0007,75,20,0
2025-08-09,S002,P0008,114,20,0
2025-08-09,S002,P0009,44,20,0
2025-08-09,S002,P0010,91,20,0
2025-08-09,S003,P0001,39,20,0
2025-08-09,S003,P0002,47,20,0
2025-08-09,S003,P0003,45,20,0
2025-08-09,S003,P0004,74,20,0
2025-08-09,S003,P0005,85,20,0
2025-08-09,S003,P0006,43,20,0
2025-08-09,S003,P0007,106,20,0
2025-08-09,S003,P0008,32,20,0
2025-08-09,S003,P0009,36,20,0
2025-08-09,S003,P0010,116,20,0
2025-08-09,S004,P0001,31,20,0
2025-08-09,S004,P0002,46,20,0
2025-08-09,S004,P0003,30,20,0
2025-08-09,S004,P0004,112,20,0
2025-08-09,S004,P0005,117,20,0
2025-08-09,S004,P0006,36,20,0
2025-08-09,S004,P0007,77,20,0
2025-08-09,S004,P0008,72,20,0
2025-08-09,S004,P0009,103,20,0
2025-08-09,S004,P0010,65,20,0
2025-08-09,S005,P0001,119,20,0
2025-08-09,S005,P0002,66,20,0
2025-08-09,S005,P0003,41,20,0
2025-08-09,S005,P0004,115,20,0
2025-08-09,S005,P0005,112,20,0
2025-08-09,S005,P0006,89,20,0
2025-08-09,S005,P0007,47,20,0
2025-08-09,S005,P0008,83,20,0
2025-08-09,S005,P0009,60,20,0
2025-08-09,S005,P0010,80,20,0
2025-08-10,S001,P0001,24,20,0
2025-08-10,S001,P0002,45,20,0
2025-08-10,S001,P0003,91,20,0
2025-08-10,S001,P0004,109,20,0
2025-08-10,S001,P0005,20,20,0
2025-08-10,S001,P0006,37,20,0
2025-08-10,S001,P0007,45,20,0
2025-08-10,S001,P0008,76,20,0
2025-08-10,S001,P0009,41,20,0
2025-08-10,S001,P0010,103,20,0
2025-08-10,S002,P0001,116,20,0
2025-08-10,S002,P0002,75,20,0
2025-08-10,S002,P0003,36,20,0
2025-08-10,S002,P0004,88,20,0
2025-08-10,S002,P0005,54,20,0
2025-08-10,S002,P0006,112,20,0
2025-08-10,S002,P0007,73,20,0
2025-08-10,S002,P0008,114,20,0
2025-08-10,S002,P0009,39,20,0
2025-08-10,S002,P0010,91,20,0
2025-08-10,S003,P0001,39,20,0
2025-08-10,S003,P0002,45,20,0
2025-08-10,S003,P0003,45,20,0
2025-08-10,S003,P0004,72,20,0
2025-08-10,S003,P0005,81,20,0
2025-08-10,S003,P0006,42,20,0
2025-08-10,S003,P0007,104,20,0
2025-08-10,S003,P0008,31,20,0
2025-08-10,S003,P0009,35,20,0
2025-08-10,S003,P0010,116,20,0
2025-08-10,S004,P0001,30,20,0
2025-08-10,S004,P0002,43,20,0
2025-08-10,S004,P0003,29,20,0
2025-08-10,S004,P0004,112,20,0
2025-08-10,S004,P0005,114,20,0
2025-08-10,S004,P0006,32,20,0
2025-08-10,S004,P0007,76,20,0
2025-08-10,S004,P0008,70,20,0
2025-08-10,S004,P0009,101,20,0
2025-08-10,S004,P0010,65,20,0
2025-08-10,S005,P0001,118,20,0
2025-08-10,S005,P0002,64,20,0
2025-08-10,S005,P0003,41,20,0
2025-08-10,S005,P0004,114,20,0
2025-08-10,S005,P0005,108,20,0
2025-08-10,S005,P0006,89,20,0
2025-08-10,S005,P0007,47,20,0
2025-08-10,S005,P0008,82,20,0
2025-08-10,S005,P0009,56,20,0
2025-08-10,S005,P0010,76,20,0
2025-08-11,S001,P0001,22,20,0
2025-08-11,S001,P0002,45,20,0
2025-08-11,S001,P0003,90,20,0
2025-08-11,S001,P0004,109,20,0
2025-08-11,S001,P0005,119,20,0
2025-08-11,S001,P0006,37,20,0
2025-08-11,S001,P0007,45,20,0
2025-08-11,S001,P0008,74,20,0
2025-08-11,S001,P0009,38,20,0
2025-08-11,S001,P0010,100,20,0
2025-08-11,S002,P0001,116,20,0
2025-08-11,S002,P0002,74,20,0
2025-08-11,S002,P0003,36,20,0
2025-08-11,S002,P0004,88,20,0
2025-08-11,S002,P0005,52,20,0
2025-08-11,S002,P0006,111,20,0
2025-08-11,S002,P0007,72,20,0
2025-08-11,S002,P0008,112,20,0
2025-08-11,S002,P0009,38,20,0
2025-08-11,S002,P0010,91,20,0
2025-08-11,S003,P0001,39,20,0
2025-08-11,S003,P0002,43,20,0
2025-08-11,S003,P0003,42,20,0
2025-08-11,S003,P0004,71,20,0
2025-08-11,S003,P0005,81,20,0
2025-08-11,S003,P0006,42,20,0
2025-08-11,S003,P0007,103,20,0
2025-08-11,S003,P0008,28,20,0
2025-08-11,S003,P0009,35,20,0
2025-08-11,S003,P0010,116,20,0
2025-08-11,S004,P0001,29,20,0
2025-08-11,S004,P0002,43,20,0
2025-08-11,S004,P0003,27,20,0
2025-08-11,S004,P0004,108,20,0
2025-08-11,S004,P0005,113,20,0
2025-08-11,S004,P0006,31,20,0
2025-08-11,S004,P0007,75,20,0
2025-08-11,S004,P0008,68,20,0
2025-08-11,S004,P0009,101,20,0
2025-08-11,S004,P0010,61,20,0
2025-08-11,S005,P0001,118,20,0
2025-08-11,S005,P0002,64,20,0
2025-08-11,S005,P0003,38,20,0
2025-08-11,S005,P0004,111,20,0
2025-08-11,S005,P0005,105,20,0
2025-08-11,S005,P0006,89,20,0
2025-08-11,S005,P0007,46,20,0
2025-08-11,S005,P0008,81,20,0
2025-08-11,S005,P0009,56,20,0
2025-08-11,S005,P0010,75,20,0
2025-08-12,S001,P0001,22,20,0
2025-08-12,S001,P0002,41,20,0
2025-08-12,S001,P0003,88,20,0
2025-08-12,S001,P0004,108,20,0
2025-08-12,S001,P0005,116,20,0
2025-08-12,S001,P0006,37,20,0
2025-08-12,S001,P0007,42,20,0
2025-08-12,S001,P0008,71,20,0
2025-08-12,S001,P0009,35,20,0
2025-08-12,S001,P0010,100,20,0
2025-08-12,S002,P0001,116,20,0
2025-08-12,S002,P0002,73,20,0
2025-08-12,S002,P0003,34,20,0
2025-08-12,S002,P0004,87,20,0
2025-08-12,S002,P0005,51,20,0
2025-08-12,S002,P0006,110,20,0
2025-08-12,S002,P0007,72,20,0
2025-08-12,S002,P0008,111,20,0
2025-08-12,S002,P0009,35,20,0
2025-08-12,S002,P0010,91,20,0
2025-08-12,S003,P0001,37,20,0
2025-08-12,S003,P0002,41,20,0
2025-08-12,S003,P0003,39,20,0
2025-08-12,S003,P0004,70,20,0
2025-08-12,S003,P0005,80,20,0
2025-08-12,S003,P0006,42,20,0
2025-08-12,S003,P0007,101,20,0
2025-08-12,S003,P0008,26,20,0
2025-08-12,S003,P0009,33,20,0
2025-08-12,S003,P0010,116,20,0
2025-08-12,S004,P0001,28,20,0
2025-08-12,S004,P0002,41,20,0
2025-08-12,S004,P0003,27,20,0
2025-08-12,S004,P0004,106,20,0
2025-08-12,S004,P0005,108,20,0
2025-08-12,S004,P0006,31,20,0
2025-08-12,S004,P0007,74,20,0
2025-08-12,S004,P0008,64,20,0
2025-08-12,S004,P0009,98,20,0
2025-08-12,S004,P0010,60,20,0
2025-08-12,S005,P0001,118,20,0
2025-08-12,S005,P0002,62,20,0
2025-08-12,S005,P0003,36,20,0
2025-08-12,S005,P0004,109,20,0
2025-08-12,S005,P0005,102,20,0
2025-08-12,S005,P0006,88,20,0
2025-08-12,S005,P0007,45,20,0
2025-08-12,S005,P0008,79,20,0
2025-08-12,S005,P0009,54,20,0
2025-08-12,S005,P0010,73,20,0
2025-08-13,S001,P0001,21,20,0
2025-08-13,S001,P0002,41,20,0
2025-08-13,S001,P0003,86,20,0
2025-08-13,S001,P0004,108,20,0
2025-08-13,S001,P0005,111,20,0
2025-08-13,S001,P0006,36,20,0
2025-08-13,S001,P0007,42,20,0
2025-08-13,S001,P0008,70,20,0
2025-08-13,S001,P0009,32,20,0
2025-08-13,S001,P0010,98,20,0
2025-08-13,S002,P0001,113,20,0
2025-08-13,S002,P0002,73,20,0
2025-08-13,S002,P0003,34,20,0
2025-08-13,S002,P0004,86,20,0
2025-08-13,S002,P0005,50,20,0
2025-08-13,S002,P0006,109,20,0
2025-08-13,S002,P0007,70,20,0
2025-08-13,S002,P0008,110,20,0
2025-08-13,S002,P0009,32,20,0
2025-08-13,S002,P0010,89,20,0
2025-08-13,S003,P0001,37,20,0
2025-08-13,S003,P0002,41,20,0
2025-08-13,S003,P0003,36,20,0
2025-08-13,S003,P0004,70,20,0
2025-08-13,S003,P0005,77,20,0
2025-08-13,S003,P0006,42,20,0
2025-08-13,S003,P0007,101,20,0
2025-08-13,S003,P0008,24,20,0
2025-08-13,S003,P0009,32,20,0
2025-08-13,S003,P0010,116,20,0
2025-08-13,S004,P0001,28,20,0
2025-08-13,S004,P0002,39,20,0
2025-08-13,S004,P0003,26,20,0
2025-08-13,S004,P0004,106,20,0
2025-08-13,S004,P0005,106,20,0
2025-08-13,S004,P0006,31,20,0
2025-08-13,S004,P0007,74,20,0
2025-08-13,S004,P0008,63,20,0
2025-08-13,S004,P0009,97,20,0
2025-08-13,S004,P0010,57,20,0
2025-08-13,S005,P0001,118,20,0
2025-08-13,S005,P0002,60,20,0
2025-08-13,S005,P0003,34,20,0
2025-08-13,S005,P0004,108,20,0
2025-08-13,S005,P0005,99,20,0
2025-08-13,S005,P0006,88,20,0
2025-08-13,S005,P0007,45,20,0
2025-08-13,S005,P0008,77,20,0
2025-08-13,S005,P0009,53,20,0
2025-08-13,S005,P0010,71,20,0
2025-08-14,S001,P0001,20,20,0
2025-08-14,S001,P0002,41,20,0
2025-08-14,S001,P0003,85,20,0
2025-08-14,S001,P0004,108,20,0
2025-08-14,S001,P0005,110,20,0
2025-08-14,S001,P0006,35,20,0
2025-08-14,S001,P0007,42,20,0
2025-08-14,S001,P0008,70,20,0
2025-08-14,S001,P0009,29,20,0
2025-08-14,S001,P0010,97,20,0
2025-08-14,S002,P0001,110,20,0
2025-08-14,S002,P0002,72,20,0
2025-08-14,S002,P0003,32,20,0
2025-08-14,S002,P0004,83,20,0
2025-08-14,S002,P0005,49,20,0
2025-08-14,S002,P0006,109,20,0
2025-08-14,S002,P0007,70,20,0
2025-08-14,S002,P0008,109,20,0
2025-08-14,S002,P0009,29,20,0
2025-08-14,S002,P0010,87,20,0
2025-08-14,S003,P0001,36,20,0
2025-08-14,S003,P0002,38,20,0
2025-08-14,S003,P0003,34,20,0
2025-08-14,S003,P0004,68,20,0
2025-08-14,S003,P0005,75,20,0
2025-08-14,S003,P0006,42,20,0
2025-08-14,S003,P0007,99,20,0
2025-08-14,S003,P0008,23,20,0
2025-08-14,S003,P0009,29,20,0
2025-08-14,S003,P0010,115,20,0
2025-08-14,S004,P0001,27,20,0
2025-08-14,S004,P0002,38,20,0
2025-08-14,S004,P0003,24,20,0
2025-08-14,S004,P0004,105,20,0
2025-08-14,S004,P0005,103,20,0
2025-08-14,S004,P0006,30,20,0
2025-08-14,S004,P0007,71,20,0
2025-08-14,S004,P0008,62,20,0
2025-08-14,S004,P0009,97,20,0
2025-08-14,S004,P0010,56,20,0
2025-08-14,S005,P0001,116,20,0
2025-08-14,S005,P0002,60,20,0
2025-08-14,S005,P0003,34,20,0
2025-08-14,S005,P0004,107,20,0
2025-08-14,S005,P0005,98,20,0
2025-08-14,S005,P0006,88,20,0
2025-08-14,S005,P0007,44,20,0
2025-08-14,S005,P0008,77,20,0
2025-08-14,S005,P0009,52,20,0
2025-08-14,S005,P0010,71,20,0
2025-08-15,S001,P0001,20,20,0
2025-08-15,S001,P0002,40,20,0
2025-08-15,S001,P0003,85,20,0
2025-08-15,S001,P0004,106,20,0
2025-08-15,S001,P0005,108,20,0
2025-08-15,S001,P0006,35,20,0
2025-08-15,S001,P0007,42,20,0
2025-08-15,S001,P0008,70,20,0
2025-08-15,S001,P0009,27,20,0
2025-08-15,S001,P0010,96,20,0
2025-08-15,S002,P0001,107,20,0
2025-08-15,S002,P0002,71,20,0
2025-08-15,S002,P0003,32,20,0
2025-08-15,S002,P0004,81,20,0
2025-08-15,S002,P0005,44,20,0
2025-08-15,S002,P0006,108,20,0
2025-08-15,S002,P0007,69,20,0
2025-08-15,S002,P0008,108,20,0
2025-08-15,S002,P0009,29,20,0
2025-08-15,S002,P0010,87,20,0
2025-08-15,S003,P0001,35,20,0
2025-08-15,S003,P0002,38,20,0
2025-08-15,S003,P0003,31,20,0
2025-08-15,S003,P0004,67,20,0
2025-08-15,S003,P0005,71,20,0
2025-08-15,S003,P0006,40,20,0
2025-08-15,S003,P0007,97,20,0
2025-08-15,S003,P0008,23,20,0
2025-08-15,S003,P0009,25,20,0
2025-08-15,S003,P0010,114,20,0
2025-08-15,S004,P0001,27,20,0
2025-08-15,S004,P0002,36,20,0
2025-08-15,S004,P0003,22,20,0
2025-08-15,S004,P0004,104,20,0
2025-08-15,S004,P0005,102,20,0
2025-08-15,S004,P0006,30,20,0
2025-08-15,S004,P0007,71,20,0
2025-08-15,S004,P0008,60,20,0
2025-08-15,S004,P0009,96,20,0
2025-08-15,S004,P0010,56,20,0
2025-08-15,S005,P0001,112,20,0
2025-08-15,S005,P0002,58,20,0
2025-08-15,S005,P0003,34,20,0
2025-08-15,S005,P0004,106,20,0
2025-08-15,S005,P0005,93,20,0
2025-08-15,S005,P0006,85,20,0
2025-08-15,S005,P0007,44,20,0
2025-08-15,S005,P0008,74,20,0
2025-08-15,S005,P0009,50,20,0
2025-08-15,S005,P0010,70,20,0
2025-08-16,S001,P0001,118,20,0
2025-08-16,S001,P0002,37,20,0
2025-08-16,S001,P0003,85,20,0
2025-08-16,S001,P0004,104,20,0
2025-08-16,S001,P0005,106,20,0
2025-08-16,S001,P0006,35,20,0
2025-08-16,S001,P0007,40,20,0
2025-08-16,S001,P0008,68,20,0
2025-08-16,S001,P0009,26,20,0
2025-08-16,S001,P0010,94,20,0
2025-08-16,S002,P0001,105,20,0
2025-08-16,S002,P0002,68,20,0
2025-08-16,S002,P0003,30,20,0
2025-08-16,S002,P0004,81,20,0
2025-08-16,S002,P0005,41,20,0
2025-08-16,S002,P0006,108,20,0
2025-08-16,S002,P0007,69,20,0
2025-08-16,S002,P0008,107,20,0
2025-08-16,S002,P0009,27,20,0
2025-08-16,S002,P0010,87,20,0
2025-08-16,S003,P0001,32,20,0
2025-08-16,S003,P0002,35,20,0
2025-08-16,S003,P0003,30,20,0
2025-08-16,S003,P0004,67,20,0
2025-08-16,S003,P0005,70,20,0
2025-08-16,S003,P0006,40,20,0
2025-08-16,S003,P0007,96,20,0
2025-08-16,S003,P0008,23,20,0
2025-08-16,S003,P0009,24,20,0
2025-08-16,S003,P0010,114,20,0
2025-08-16,S004,P0001,24,20,0
2025-08-16,S004,P0002,33,20,0
2025-08-16,S004,P0003,22,20,0
2025-08-16,S004,P0004,102,20,0
2025-08-16,S004,P0005,99,20,0
2025-08-16,S004,P0006,29,20,0
2025-08-16,S004,P0007,71,20,0
2025-08-16,S004,P0008,58,20,0
2025-08-16,S004,P0009,95,20,0
2025-08-16,S004,P0010,54,20,0
2025-08-16,S005,P0001,111,20,0
2025-08-16,S005,P0002,58,20,0
2025-08-16,S005,P0003,32,20,0
2025-08-16,S005,P0004,106,20,0
2025-08-16,S005,P0005,90,20,0
2025-08-16,S005,P0006,85,20,0
2025-08-16,S005,P0007,43,20,0
2025-08-16,S005,P0008,73,20,0
2025-08-16,S005,P0009,46,20,0
2025-08-16,S005,P0010,67,20,0
2025-08-17,S001,P0001,116,20,0
2025-08-17,S001,P0002,36,20,0
2025-08-17,S001,P0003,84,20,0
2025-08-17,S001,P0004,102,20,0
2025-08-17,S001,P0005,105,20,0
2025-08-17,S001,P0006,33,20,0
2025-08-17,S001,P0007,40,20,0
2025-08-17,S001,P0008,68,20,0
2025-08-17,S001,P0009,25,20,0
2025-08-17,S001,P0010,92,20,0
2025-08-17,S002,P0001,105,20,0
2025-08-17,S002,P0002,68,20,0
2025-08-17,S002,P0003,30,20,0
2025-08-17,S002,P0004,79,20,0
2025-08-17,S002,P0005,37,20,0
2025-08-17,S002,P0006,108,20,0
2025-08-17,S002,P0007,69,20,0
2025-08-17,S002,P0008,106,20,0
2025-08-17,S002,P0009,26,20,0
2025-08-17,S002,P0010,85,20,0
2025-08-17,S003,P0001,29,20,0
2025-08-17,S003,P0002,34,20,0
2025-08-17,S003,P0003,30,20,0
2025-08-17,S003,P0004,65,20,0
2025-08-17,S003,P0005,69,20,0
2025-08-17,S003,P0006,37,20,0
2025-08-17,S003,P0007,94,20,0
2025-08-17,S003,P0008,21,20,0
2025-08-17,S003,P0009,21,20,0
2025-08-17,S003,P0010,114,20,0
2025-08-17,S004,P0001,22,20,0
2025-08-17,S004,P0002,31,20,0
2025-08-17,S004,P0003,21,20,0
2025-08-17,S004,P0004,100,20,0
2025-08-17,S004,P0005,96,20,0
2025-08-17,S004,P0006,28,20,0
2025-08-17,S004,P0007,70,20,0
2025-08-17,S004,P0008,58,20,0
2025-08-17,S004,P0009,95,20,0
2025-08-17,S004,P0010,54,20,0
2025-08-17,S005,P0001,108,20,0
2025-08-17,S005,P0002,58,20,0
2025-08-17,S005,P0003,31,20,0
2025-08-17,S005,P0004,104,20,0
2025-08-17,S005,P0005,87,20,0
2025-08-17,S005,P0006,85,20,0
2025-08-17,S005,P0007,43,20,0
2025-08-17,S005,P0008,69,20,0
2025-08-17,S005,P0009,44,20,0
2025-08-17,S005,P0010,67,20,0
2025-08-18,S001,P0001,116,20,0
2025-08-18,S001,P0002,32,20,0
2025-08-18,S001,P0003,84,20,0
2025-08-18,S001,P0004,101,20,0
2025-08-18,S001,P0005,103,20,0
2025-08-18,S001,P0006,33,20,0
2025-08-18,S001,P0007,40,20,0
2025-08-18,S001,P0008,68,20,0
2025-08-18,S001,P0009,25,20,0
2025-08-18,S001,P0010,92,20,0
2025-08-18,S002,P0001,104,20,0
2025-08-18,S002,P0002,68,20,0
2025-08-18,S002,P0003,30,20,0
2025-08-18,S002,P0004,78,20,0
2025-08-18,S002,P0005,35,20,0
2025-08-18,S002,P0006,107,20,0
2025-08-18,S002,P0007,67,20,0
2025-08-18,S002,P0008,105,20,0
2025-08-18,S002,P0009,25,20,0
2025-08-18,S002,P0010,84,20,0
2025-08-18,S003,P0001,29,20,0
2025-08-18,S003,P0002,32,20,0
2025-08-18,S003,P0003,30,20,0
2025-08-18,S003,P0004,65,20,0
2025-08-18,S003,P0005,66,20,0
2025-08-18,S003,P0006,36,20,0
2025-08-18,S003,P0007,92,20,0
2025-08-18,S003,P0008,118,20,0
2025-08-18,S003,P0009,21,20,0
2025-08-18,S003,P0010,112,20,0
2025-08-18,S004,P0001,21,20,0
2025-08-18,S004,P0002,28,20,0
2025-08-18,S004,P0003,21,20,0
2025-08-18,S004,P0004,96,20,0
2025-08-18,S004,P0005,94,20,0
2025-08-18,S004,P0006,28,20,0
2025-08-18,S004,P0007,70,20,0
2025-08-18,S004,P0008,57,20,0
2025-08-18,S004,P0009,95,20,0
2025-08-18,S004,P0010,51,20,0
2025-08-18,S005,P0001,107,20,0
2025-08-18,S005,P0002,57,20,0
2025-08-18,S005,P0003,30,20,0
2025-08-18,S005,P0004,104,20,0
2025-08-18,S005,P0005,86,20,0
2025-08-18,S005,P0006,84,20,0
2025-08-18,S005,P0007,43,20,0
2025-08-18,S005,P0008,69,20,0
2025-08-18,S005,P0009,41,20,0
2025-08-18,S005,P0010,67,20,0
2025-08-19,S001,P0001,115,20,0
2025-08-19,S001,P0002,32,20,0
2025-08-19,S001,P0003,83,20,0
2025-08-19,S001,P0004,100,20,0
2025-08-19,S001,P0005,100,20,0
2025-08-19,S001,P0006,31,20,0
2025-08-19,S001,P0007,39,20,0
2025-08-19,S001,P0008,67,20,0
2025-08-19,S001,P0009,25,20,0
2025-08-19,S001,P0010,91,20,0
2025-08-19,S002,P0001,104,20,0
2025-08-19,S002,P0002,65,20,0
2025-08-19,S002,P0003,29,20,0
2025-08-19,S002,P0004,78,20,0
2025-08-19,S002,P0005,33,20,0
2025-08-19,S002,P0006,107,20,0
2025-08-19,S002,P0007,67,20,0
2025-08-19,S002,P0008,104,20,0
2025-08-19,S002,P0009,25,20,0
2025-08-19,S002,P0010,83,20,0
2025-08-19,S003,P0001,29,20,0
2025-08-19,S003,P0002,31,20,0
2025-08-19,S003,P0003,26,20,0
2025-08-19,S003,P0004,65,20,0
2025-08-19,S003,P0005,65,20,0
2025-08-19,S003,P0006,35,20,0
2025-08-19,S003,P0007,92,20,0
2025-08-19,S003,P0008,118,20,0
2025-08-19,S003,P0009,117,20,0
2025-08-19,S003,P0010,111,20,0
2025-08-19,S004,P0001,21,20,0
2025-08-19,S004,P0002,27,20,0
2025-08-19,S004,P0003,21,20,0
2025-08-19,S004,P0004,93,20,0
2025-08-19,S004,P0005,91,20,0
2025-08-19,S004,P0006,28,20,0
2025-08-19,S004,P0007,70,20,0
2025-08-19,S004,P0008,56,20,0
2025-08-19,S004,P0009,95,20,0
2025-08-19,S004,P0010,50,20,0
2025-08-19,S005,P0001,105,20,0
2025-08-19,S005,P0002,57,20,0
2025-08-19,S005,P0003,30,20,0
2025-08-19,S005,P0004,103,20,0
2025-08-19,S005,P0005,85,20,0
2025-08-19,S005,P0006,83,20,0
2025-08-19,S005,P0007,42,20,0
2025-08-19,S005,P0008,69,20,0
2025-08-19,S005,P0009,41,20,0
2025-08-19,S005,P0010,66,20,0
2025-08-20,S001,P0001,115,20,0
2025-08-20,S001,P0002,29,20,0
2025-08-20,S001,P0003,82,20,0
2025-08-20,S001,P0004,99,20,0
2025-08-20,S001,P0005,97,20,0
2025-08-20,S001,P0006,29,20,0
2025-08-20,S001,P0007,39,20,0
2025-08-20,S001,P0008,64,20,0
2025-08-20,S001,P0009,25,20,0
2025-08-20,S001,P0010,88,20,0
2025-08-20,S002,P0001,103,20,0
2025-08-20,S002,P0002,64,20,0
2025-08-20,S002,P0003,28,20,0
2025-08-20,S002,P0004,76,20,0
2025-08-20,S002,P0005,31,20,0
2025-08-20,S002,P0006,107,20,0
2025-08-20,S002,P0007,65,20,0
2025-08-20,S002,P0008,100,20,0
2025-08-20,S002,P0009,23,20,0
2025-08-20,S002,P0010,82,20,0
2025-08-20,S003,P0001,27,20,0
2025-08-20,S003,P0002,30,20,0
2025-08-20,S003,P0003,23,20,0
2025-08-20,S003,P0004,63,20,0
2025-08-20,S003,P0005,64,20,0
2025-08-20,S003,P0006,34,20,0
2025-08-20,S003,P0007,92,20,0
2025-08-20,S003,P0008,117,20,0
2025-08-20,S003,P0009,114,20,0
2025-08-20,S003,P0010,111,20,0
2025-08-20,S004,P0001,119,20,0
2025-08-20,S004,P0002,25,20,0
2025-08-20,S004,P0003,20,20,0
2025-08-20,S004,P0004,91,20,0
2025-08-20,S004,P0005,91,20,0
2025-08-20,S004,P0006,28,20,0
2025-08-20,S004,P0007,69,20,0
2025-08-20,S004,P0008,54,20,0
2025-08-20,S004,P0009,93,20,0
2025-08-20,S004,P0010,48,20,0
2025-08-20,S005,P0001,105,20,0
2025-08-20,S005,P0002,56,20,0
2025-08-20,S005,P0003,29,20,0
2025-08-20,S005,P0004,102,20,0
2025-08-20,S005,P0005,82,20,0
2025-08-20,S005,P0006,83,20,0
2025-08-20,S005,P0007,41,20,0
2025-08-20,S005,P0008,69,20,0
2025-08-20,S005,P0009,39,20,0
2025-08-20,S005,P0010,65,20,0
2025-08-21,S001,P0001,113,20,0
2025-08-21,S001,P0002,26,20,0
2025-08-21,S001,P0003,81,20,0
2025-08-21,S001,P0004,97,20,0
2025-08-21,S001,P0005,97,20,0
2025-08-21,S001,P0006,28,20,0
2025-08-21,S001,P0007,39,20,0
2025-08-21,S001,P0008,63,20,0
2025-08-21,S001,P0009,22,20,0
2025-08-21,S001,P0010,85,20,0
2025-08-21,S002,P0001,103,20,0
2025-08-21,S002,P0002,63,20,0
2025-08-21,S002,P0003,28,20,0
2025-08-21,S002,P0004,76,20,0
2025-08-21,S002,P0005,28,20,0
2025-08-21,S002,P0006,107,20,0
2025-08-21,S002,P0007,64,20,0
2025-08-21,S002,P0008,100,20,0
2025-08-21,S002,P0009,20,20,0
2025-08-21,S002,P0010,82,20,0
2025-08-21,S003,P0001,24,20,0
2025-08-21,S003,P0002,29,20,0
2025-08-21,S003,P0003,23,20,0
2025-08-21,S003,P0004,62,20,0
2025-08-21,S003,P0005,63,20,0
2025-08-21,S003,P0006,34,20,0
2025-08-21,S003,P0007,91,20,0
2025-08-21,S003,P0008,117,20,0
2025-08-21,S003,P0009,113,20,0
2025-08-21,S003,P0010,108,20,0
2025-08-21,S004,P0001,119,20,0
2025-08-21,S004,P0002,22,20,0
2025-08-21,S004,P0003,119,20,0
2025-08-21,S004,P0004,88,20,0
2025-08-21,S004,P0005,91,20,0
2025-08-21,S004,P0006,28,20,0
2025-08-21,S004,P0007,69,20,0
2025-08-21,S004,P0008,52,20,0
2025-08-21,S004,P0009,93,20,0
2025-08-21,S004,P0010,44,20,0
2025-08-21,S005,P0001,102,20,0
2025-08-21,S005,P0002,53,20,0
2025-08-21,S005,P0003,28,20,0
2025-08-21,S005,P0004,102,20,0
2025-08-21,S005,P0005,79,20,0
2025-08-21,S005,P0006,82,20,0
2025-08-21,S005,P0007,40,20,0
2025-08-21,S005,P0008,66,20,0
2025-08-21,S005,P0009,37,20,0
2025-08-21,S005,P0010,65,20,0
2025-08-22,S001,P0001,111,20,0
2025-08-22,S001,P0002,25,20,0
2025-08-22,S001,P0003,79,20,0
2025-08-22,S001,P0004,97,20,0
2025-08-22,S001,P0005,94,20,0
2025-08-22,S001,P0006,28,20,0
2025-08-22,S001,P0007,38,20,0
2025-08-22,S001,P0008,63,20,0
2025-08-22,S001,P0009,20,20,0
2025-08-22,S001,P0010,82,20,0
2025-08-22,S002,P0001,102,20,0
2025-08-22,S002,P0002,62,20,0
2025-08-22,S002,P0003,25,20,0
2025-08-22,S002,P0004,75,20,0
2025-08-22,S002,P0005,26,20,0
2025-08-22,S002,P0006,106,20,0
2025-08-22,S002,P0007,64,20,0
2025-08-22,S002,P0008,98,20,0
2025-08-22,S002,P0009,119,20,0
2025-08-22,S002,P0010,81,20,0
2025-08-22,S003,P0001,24,20,0
2025-08-22,S003,P0002,29,20,0
2025-08-22,S003,P0003,21,20,0
2025-08-22,S003,P0004,60,20,0
2025-08-22,S003,P0005,60,20,0
2025-08-22,S003,P0006,34,20,0
2025-08-22,S003,P0007,89,20,0
2025-08-22,S003,P0008,116,20,0
2025-08-22,S003,P0009,111,20,0
2025-08-22,S003,P0010,102,20,0
2025-08-22,S004,P0001,118,20,0
2025-08-22,S004,P0002,21,20,0
2025-08-22,S004,P0003,118,20,0
2025-08-22,S004,P0004,86,20,0
2025-08-22,S004,P0005,88,20,0
2025-08-22,S004,P0006,28,20,0
2025-08-22,S004,P0007,66,20,0
2025-08-22,S004,P0008,51,20,0
2025-08-22,S004,P0009,91,20,0
2025-08-22,S004,P0010,42,20,0
2025-08-22,S005,P0001,99,20,0
2025-08-22,S005,P0002,52,20,0
2025-08-22,S005,P0003,27,20,0
2025-08-22,S005,P0004,102,20,0
2025-08-22,S005,P0005,79,20,0
2025-08-22,S005,P0006,82,20,0
2025-08-22,S005,P0007,40,20,0
2025-08-22,S005,P0008,64,20,0
2025-08-22,S005,P0009,36,20,0
2025-08-22,S005,P0010,65,20,0
2025-08-23,S001,P0001,110,20,0
2025-08-23,S001,P0002,25,20,0
2025-08-23,S001,P0003,77,20,0
2025-08-23,S001,P0004,96,20,0
2025-08-23,S001,P0005,94,20,0
2025-08-23,S001,P0006,28,20,0
2025-08-23,S001,P0007,36,20,0
2025-08-23,S001,P0008,62,20,0
2025-08-23,S001,P0009,117,20,0
2025-08-23,S001,P0010,81,20,0
2025-08-23,S002,P0001,101,20,0
2025-08-23,S002,P0002,60,20,0
2025-08-23,S002,P0003,23,20,0
2025-08-23,S002,P0004,72,20,0
2025-08-23,S002,P0005,23,20,0
2025-08-23,S002,P0006,106,20,0
2025-08-23,S002,P0007,64,20,0
2025-08-23,S002,P0008,97,20,0
2025-08-23,S002,P0009,116,20,0
2025-08-23,S002,P0010,79,20,0
2025-08-23,S003,P0001,24,20,0
2025-08-23,S003,P0002,29,20,0
2025-08-23,S003,P0003,20,20,0
2025-08-23,S003,P0004,59,20,0
2025-08-23,S003,P0005,58,20,0
2025-08-23,S003,P0006,33,20,0
2025-08-23,S003,P0007,88,20,0
2025-08-23,S003,P0008,115,20,0
2025-08-23,S003,P0009,111,20,0
2025-08-23,S003,P0010,102,20,0
2025-08-23,S004,P0001,116,20,0
2025-08-23,S004,P0002,20,20,0
2025-08-23,S004,P0003,117,20,0
2025-08-23,S004,P0004,86,20,0
2025-08-23,S004,P0005,88,20,0
2025-08-23,S004,P0006,27,20,0
2025-08-23,S004,P0007,66,20,0
2025-08-23,S004,P0008,51,20,0
2025-08-23,S004,P0009,89,20,0
2025-08-23,S004,P0010,42,20,0
2025-08-23,S005,P0001,99,20,0
2025-08-23,S005,P0002,50,20,0
2025-08-23,S005,P0003,24,20,0
2025-08-23,S005,P0004,101,20,0
2025-08-23,S005,P0005,74,20,0
2025-08-23,S005,P0006,82,20,0
2025-08-23,S005,P0007,40,20,0
2025-08-23,S005,P0008,64,20,0
2025-08-23,S005,P0009,34,20,0
2025-08-23,S005,P0010,63,20,0
2025-08-24,S001,P0001,105,20,0
2025-08-24,S001,P0002,24,20,0
2025-08-24,S001,P0003,77,20,0
2025-08-24,S001,P0004,96,20,0
2025-08-24,S001,P0005,89,20,0
2025-08-24,S001,P0006,28,20,0
2025-08-24,S001,P0007,36,20,0
2025-08-24,S001,P0008,61,20,0
2025-08-24,S001,P0009,117,20,0
2025-08-24,S001,P0010,81,20,0
2025-08-24,S002,P0001,99,20,0
2025-08-24,S002,P0002,60,20,0
2025-08-24,S002,P0003,21,20,0
2025-08-24,S002,P0004,72,20,0
2025-08-24,S002,P0005,21,20,0
2025-08-24,S002,P0006,105,20,0
2025-08-24,S002,P0007,63,20,0
2025-08-24,S002,P0008,96,20,0
2025-08-24,S002,P0009,116,20,0
2025-08-24,S002,P0010,78,20,0
2025-08-24,S003,P0001,21,20,0
2025-08-24,S003,P0002,28,20,0
2025-08-24,S003,P0003,117,20,0
2025-08-24,S003,P0004,57,20,0
2025-08-24,S003,P0005,57,20,0
2025-08-24,S003,P0006,33,20,0
2025-08-24,S003,P0007,87,20,0
2025-08-24,S003,P0008,114,20,0
2025-08-24,S003,P0009,109,20,0
2025-08-24,S003,P0010,101,20,0
2025-08-24,S004,P0001,116,20,0
2025-08-24,S004,P0002,119,20,0
2025-08-24,S004,P0003,117,20,0
2025-08-24,S004,P0004,84,20,0
2025-08-24,S004,P0005,88,20,0
2025-08-24,S004,P0006,26,20,0
2025-08-24,S004,P0007,66,20,0
2025-08-24,S004,P0008,49,20,0
2025-08-24,S004,P0009,85,20,0
2025-08-24,S004,P0010,42,20,0
2025-08-24,S005,P0001,99,20,0
2025-08-24,S005,P0002,49,20,0
2025-08-24,S005,P0003,23,20,0
2025-08-24,S005,P0004,100,20,0
2025-08-24,S005,P0005,71,20,0
2025-08-24,S005,P0006,81,20,0
2025-08-24,S005,P0007,38,20,0
2025-08-24,S005,P0008,62,20,0
2025-08-24,S005,P0009,31,20,0
2025-08-24,S005,P0010,62,20,0
2025-08-25,S001,P0001,104,20,0
2025-08-25,S001,P0002,22,20,0
2025-08-25,S001,P0003,76,20,0
2025-08-25,S001,P0004,96,20,0
2025-08-25,S001,P0005,88,20,0
2025-08-25,S001,P0006,28,20,0
2025-08-25,S001,P0007,35,20,0
2025-08-25,S001,P0008,59,20,0
2025-08-25,S001,P0009,116,20,0
2025-08-25,S001,P0010,79,20,0
2025-08-25,S002,P0001,98,20,0
2025-08-25,S002,P0002,60,20,0
2025-08-25,S002,P0003,116,20,0
2025-08-25,S002,P0004,70,20,0
2025-08-25,S002,P0005,115,20,0
2025-08-25,S002,P0006,104,20,0
2025-08-25,S002,P0007,62,20,0
2025-08-25,S002,P0008,95,20,0
2025-08-25,S002,P0009,116,20,0
2025-08-25,S002,P0010,76,20,0
2025-08-25,S003,P0001,20,20,0
2025-08-25,S003,P0002,27,20,0
2025-08-25,S003,P0003,117,20,0
2025-08-25,S003,P0004,56,20,0
2025-08-25,S003,P0005,54,20,0
2025-08-25,S003,P0006,33,20,0
2025-08-25,S003,P0007,87,20,0
2025-08-25,S003,P0008,109,20,0
2025-08-25,S003,P0009,107,20,0
2025-08-25,S003,P0010,101,20,0
2025-08-25,S004,P0001,116,20,0
2025-08-25,S004,P0002,118,20,0
2025-08-25,S004,P0003,116,20,0
2025-08-25,S004,P0004,84,20,0
2025-08-25,S004,P0005,85,20,0
2025-08-25,S004,P0006,26,20,0
2025-08-25,S004,P0007,66,20,0
2025-08-25,S004,P0008,46,20,0
2025-08-25,S004,P0009,84,20,0
2025-08-25,S004,P0010,42,20,0
2025-08-25,S005,P0001,93,20,0
2025-08-25,S005,P0002,46,20,0
2025-08-25,S005,P0003,21,20,0
2025-08-25,S005,P0004,100,20,0
2025-08-25,S005,P0005,68,20,0
2025-08-25,S005,P0006,81,20,0
2025-08-25,S005,P0007,37,20,0
2025-08-25,S005,P0008,60,20,0
2025-08-25,S005,P0009,29,20,0
2025-08-25,S005,P0010,61,20,0
2025-08-26,S001,P0001,102,20,0
2025-08-26,S001,P0002,22,20,0
2025-08-26,S001,P0003,76,20,0
2025-08-26,S001,P0004,95,20,0
2025-08-26,S001,P0005,86,20,0
2025-08-26,S001,P0006,28,20,0
2025-08-26,S001,P0007,35,20,0
2025-08-26,S001,P0008,57,20,0
2025-08-26,S001,P0009,113,20,0
2025-08-26,S001,P0010,79,20,0
2025-08-26,S002,P0001,98,20,0
2025-08-26,S002,P0002,57,20,0
2025-08-26,S002,P0003,115,20,0
2025-08-26,S002,P0004,68,20,0
2025-08-26,S002,P0005,111,20,0
2025-08-26,S002,P0006,102,20,0
2025-08-26,S002,P0007,62,20,0
2025-08-26,S002,P0008,95,20,0
2025-08-26,S002,P0009,113,20,0
2025-08-26,S002,P0010,76,20,0
2025-08-26,S003,P0001,119,20,0
2025-08-26,S003,P0002,24,20,0
2025-08-26,S003,P0003,115,20,0
2025-08-26,S003,P0004,55,20,0
2025-08-26,S003,P0005,54,20,0
2025-08-26,S003,P0006,32,20,0
2025-08-26,S003,P0007,86,20,0
2025-08-26,S003,P0008,106,20,0
2025-08-26,S003,P0009,105,20,0
2025-08-26,S003,P0010,100,20,0
2025-08-26,S004,P0001,114,20,0
2025-08-26,S004,P0002,117,20,0
2025-08-26,S004,P0003,114,20,0
2025-08-26,S004,P0004,82,20,0
2025-08-26,S004,P0005,85,20,0
2025-08-26,S004,P0006,26,20,0
2025-08-26,S004,P0007,66,20,0
2025-08-26,S004,P0008,45,20,0
2025-08-26,S004,P0009,82,20,0
2025-08-26,S004,P0010,41,20,0
2025-08-26,S005,P0001,89,20,0
2025-08-26,S005,P0002,45,20,0
2025-08-26,S005,P0003,119,20,0
2025-08-26,S005,P0004,100,20,0
2025-08-26,S005,P0005,68,20,0
2025-08-26,S005,P0006,80,20,0
2025-08-26,S005,P0007,37,20,0
2025-08-26,S005,P0008,59,20,0
2025-08-26,S005,P0009,26,20,0
2025-08-26,S005,P0010,61,20,0
2025-08-27,S001,P0001,102,20,0
2025-08-27,S001,P0002,119,20,0
2025-08-27,S001,P0003,76,20,0
2025-08-27,S001,P0004,95,20,0
2025-08-27,S001,P0005,83,20,0
2025-08-27,S001,P0006,27,20,0
2025-08-27,S001,P0007,35,20,0
2025-08-27,S001,P0008,56,20,0
2025-08-27,S001,P0009,111,20,0
2025-08-27,S001,P0010,73,20,0
2025-08-27,S002,P0001,97,20,0
2025-08-27,S002,P0002,55,20,0
2025-08-27,S002,P0003,112,20,0
2025-08-27,S002,P0004,66,20,0
2025-08-27,S002,P0005,109,20,0
2025-08-27,S002,P0006,100,20,0
2025-08-27,S002,P0007,62,20,0
2025-08-27,S002,P0008,94,20,0
2025-08-27,S002,P0009,110,20,0
2025-08-27,S002,P0010,75,20,0
2025-08-27,S003,P0001,117,20,0
2025-08-27,S003,P0002,24,20,0
2025-08-27,S003,P0003,110,20,0
2025-08-27,S003,P0004,53,20,0
2025-08-27,S003,P0005,53,20,0
2025-08-27,S003,P0006,31,20,0
2025-08-27,S003,P0007,85,20,0
2025-08-27,S003,P0008,105,20,0
2025-08-27,S003,P0009,99,20,0
2025-08-27,S003,P0010,99,20,0
2025-08-27,S004,P0001,112,20,0
2025-08-27,S004,P0002,117,20,0
2025-08-27,S004,P0003,109,20,0
2025-08-27,S004,P0004,81,20,0
2025-08-27,S004,P0005,83,20,0
2025-08-27,S004,P0006,25,20,0
2025-08-27,S004,P0007,66,20,0
2025-08-27,S004,P0008,44,20,0
2025-08-27,S004,P0009,78,20,0
2025-08-27,S004,P0010,41,20,0
2025-08-27,S005,P0001,88,20,0
2025-08-27,S005,P0002,43,20,0
2025-08-27,S005,P0003,118,20,0
2025-08-27,S005,P0004,99,20,0
2025-08-27,S005,P0005,62,20,0
2025-08-27,S005,P0006,78,20,0
2025-08-27,S005,P0007,35,20,0
2025-08-27,S005,P0008,58,20,0
2025-08-27,S005,P0009,25,20,0
2025-08-27,S005,P0010,61,20,0
2025-08-28,S001,P0001,100,20,0
2025-08-28,S001,P0002,117,20,0
2025-08-28,S001,P0003,76,20,0
2025-08-28,S001,P0004,95,20,0
2025-08-28,S001,P0005,80,20,0
2025-08-28,S001,P0006,27,20,0
2025-08-28,S001,P0007,34,20,0
2025-08-28,S001,P0008,52,20,0
2025-08-28,S001,P0009,111,20,0
2025-08-28,S001,P0010,70,20,0
2025-08-28,S002,P0001,96,20,0
2025-08-28,S002,P0002,54,20,0
2025-08-28,S002,P0003,112,20,0
2025-08-28,S002,P0004,65,20,0
2025-08-28,S002,P0005,105,20,0
2025-08-28,S002,P0006,100,20,0
2025-08-28,S002,P0007,61,20,0
2025-08-28,S002,P0008,91,20,0
2025-08-28,S002,P0009,110,20,0
2025-08-28,S002,P0010,75,20,0
2025-08-28,S003,P0001,115,20,0
2025-08-28,S003,P0002,21,20,0
2025-08-28,S003,P0003,108,20,0
2025-08-28,S003,P0004,52,20,0
2025-08-28,S003,P0005,52,20,0
2025-08-28,S003,P0006,30,20,0
2025-08-28,S003,P0007,85,20,0
2025-08-28,S003,P0008,105,20,0
2025-08-28,S003,P0009,98,20,0
2025-08-28,S003,P0010,97,20,0
2025-08-28,S004,P0001,111,20,0
2025-08-28,S004,P0002,116,20,0
2025-08-28,S004,P0003,109,20,0
2025-08-28,S004,P0004,81,20,0
2025-08-28,S004,P0005,80,20,0
2025-08-28,S004,P0006,25,20,0
2025-08-28,S004,P0007,66,20,0
2025-08-28,S004,P0008,42,20,0
2025-08-28,S004,P0009,76,20,0
2025-08-28,S004,P0010,38,20,0
2025-08-28,S005,P0001,88,20,0
2025-08-28,S005,P0002,43,20,0
2025-08-28,S005,P0003,117,20,0
2025-08-28,S005,P0004,98,20,0
2025-08-28,S005,P0005,62,20,0
2025-08-28,S005,P0006,77,20,0
2025-08-28,S005,P0007,34,20,0
2025-08-28,S005,P0008,56,20,0
2025-08-28,S005,P0009,23,20,0
2025-08-28,S005,P0010,61,20,0
2025-08-29,S001,P0001,99,20,0
2025-08-29,S001,P0002,116,20,0
2025-08-29,S001,P0003,75,20,0
2025-08-29,S001,P0004,94,20,0
2025-08-29,S001,P0005,76,20,0
2025-08-29,S001,P0006,26,20,0
2025-08-29,S001,P0007,32,20,0
2025-08-29,S001,P0008,52,20,0
2025-08-29,S001,P0009,107,20,0
2025-08-29,S001,P0010,69,20,0
2025-08-29,S002,P0001,95,20,0
2025-08-29,S002,P0002,52,20,0
2025-08-29,S002,P0003,111,20,0
2025-08-29,S002,P0004,64,20,0
2025-08-29,S002,P0005,103,20,0
2025-08-29,S002,P0006,100,20,0
2025-08-29,S002,P0007,61,20,0
2025-08-29,S002,P0008,90,20,0
2025-08-29,S002,P0009,108,20,0
2025-08-29,S002,P0010,73,20,0
2025-08-29,S003,P0001,115,20,0
2025-08-29,S003,P0002,117,20,0
2025-08-29,S003,P0003,106,20,0
2025-08-29,S003,P0004,52,20,0
2025-08-29,S003,P0005,51,20,0
2025-08-29,S003,P0006,30,20,0
2025-08-29,S003,P0007,85,20,0
2025-08-29,S003,P0008,105,20,0
2025-08-29,S003,P0009,98,20,0
2025-08-29,S003,P0010,97,20,0
2025-08-29,S004,P0001,109,20,0
2025-08-29,S004,P0002,116,20,0
2025-08-29,S004,P0003,109,20,0
2025-08-29,S004,P0004,81,20,0
2025-08-29,S004,P0005,77,20,0
2025-08-29,S004,P0006,25,20,0
2025-08-29,S004,P0007,63,20,0
2025-08-29,S004,P0008,42,20,0
2025-08-29,S004,P0009,76,20,0
2025-08-29,S004,P0010,38,20,0
2025-08-29,S005,P0001,86,20,0
2025-08-29,S005,P0002,42,20,0
2025-08-29,S005,P0003,117,20,0
2025-08-29,S005,P0004,95,20,0
2025-08-29,S005,P0005,60,20,0
2025-08-29,S005,P0006,75,20,0
2025-08-29,S005,P0007,32,20,0
2025-08-29,S005,P0008,55,20,0
2025-08-29,S005,P0009,22,20,0
2025-08-29,S005,P0010,61,20,0
2025-08-30,S001,P0001,97,20,0
2025-08-30,S001,P0002,114,20,0
2025-08-30,S001,P0003,74,20,0
2025-08-30,S001,P0004,92,20,0
2025-08-30,S001,P0005,74,20,0
2025-08-30,S001,P0006,24,20,0
2025-08-30,S001,P0007,32,20,0
2025-08-30,S001,P0008,52,20,0
2025-08-30,S001,P0009,104,20,0
2025-08-30,S001,P0010,67,20,0
2025-08-30,S002,P0001,94,20,0
2025-08-30,S002,P0002,51,20,0
2025-08-30,S002,P0003,110,20,0
2025-08-30,S002,P0004,64,20,0
2025-08-30,S002,P0005,103,20,0
2025-08-30,S002,P0006,98,20,0
2025-08-30,S002,P0007,60,20,0
2025-08-30,S002,P0008,86,20,0
2025-08-30,S002,P0009,103,20,0
2025-08-30,S002,P0010,69,20,0
2025-08-30,S003,P0001,115,20,0
2025-08-30,S003,P0002,116,20,0
2025-08-30,S003,P0003,104,20,0
2025-08-30,S003,P0004,52,20,0
2025-08-30,S003,P0005,51,20,0
2025-08-30,S003,P0006,29,20,0
2025-08-30,S003,P0007,85,20,0
2025-08-30,S003,P0008,102,20,0
2025-08-30,S003,P0009,97,20,0
2025-08-30,S003,P0010,97,20,0
2025-08-30,S004,P0001,106,20,0
2025-08-30,S004,P0002,114,20,0
2025-08-30,S004,P0003,108,20,0
2025-08-30,S004,P0004,81,20,0
2025-08-30,S004,P0005,76,20,0
2025-08-30,S004,P0006,24,20,0
2025-08-30,S004,P0007,63,20,0
2025-08-30,S004,P0008,39,20,0
2025-08-30,S004,P0009,75,20,0
2025-08-30,S004,P0010,38,20,0
2025-08-30,S005,P0001,85,20,0
2025-08-30,S005,P0002,40,20,0
2025-08-30,S005,P0003,116,20,0
2025-08-30,S005,P0004,93,20,0
2025-08-30,S005,P0005,58,20,0
2025-08-30,S005,P0006,75,20,0
2025-08-30,S005,P0007,31,20,0
2025-08-30,S005,P0008,55,20,0
2025-08-30,S005,P0009,20,20,0
2025-08-30,S005,P0010,60,20,0
2025-08-31,S001,P0001,92,20,0
2025-08-31,S001,P0002,113,20,0
2025-08-31,S001,P0003,71,20,0
2025-08-31,S001,P0004,91,20,0
2025-08-31,S001,P0005,69,20,0
2025-08-31,S001,P0006,23,20,0
2025-08-31,S001,P0007,31,20,0
2025-08-31,S001,P0008,51,20,0
2025-08-31,S001,P0009,103,20,0
2025-08-31,S001,P0010,64,20,0
2025-08-31,S002,P0001,90,20,0
2025-08-31,S002,P0002,51,20,0
2025-08-31,S002,P0003,108,20,0
2025-08-31,S002,P0004,62,20,0
2025-08-31,S002,P0005,102,20,0
2025-08-31,S002,P0006,97,20,0
2025-08-31,S002,P0007,60,20,0
2025-08-31,S002,P0008,86,20,0
2025-08-31,S002,P0009,102,20,0
2025-08-31,S002,P0010,68,20,0
2025-08-31,S003,P0001,113,20,0
2025-08-31,S003,P0002,112,20,0
2025-08-31,S003,P0003,103,20,0
2025-08-31,S003,P0004,51,20,0
2025-08-31,S003,P0005,46,20,0
2025-08-31,S003,P0006,29,20,0
2025-08-31,S003,P0007,85,20,0
2025-08-31,S003,P0008,101,20,0
2025-08-31,S003,P0009,95,20,0
2025-08-31,S003,P0010,96,20,0
2025-08-31,S004,P0001,105,20,0
2025-08-31,S004,P0002,114,20,0
2025-08-31,S004,P0003,107,20,0
2025-08-31,S004,P0004,78,20,0
2025-08-31,S004,P0005,72,20,0
2025-08-31,S004,P0006,24,20,0
2025-08-31,S004,P0007,62,20,0
2025-08-31,S004,P0008,37,20,0
2025-08-31,S004,P0009,71,20,0
2025-08-31,S004,P0010,37,20,0
2025-08-31,S005,P0001,84,20,0
2025-08-31,S005,P0002,39,20,0
2025-08-31,S005,P0003,115,20,0
2025-08-31,S005,P0004,92,20,0
2025-08-31,S005,P0005,54,20,0
2025-08-31,S005,P0006,74,20,0
2025-08-31,S005,P0007,29,20,0
2025-08-31,S005,P0008,52,20,0
2025-08-31,S005,P0009,118,20,0
2025-08-31,S005,P0010,59,20,0
2025-09-01,S001,P0001,92,20,0
2025-09-01,S001,P0002,111,20,0
2025-09-01,S001,P0003,69,20,0
2025-09-01,S001,P0004,90,20,0
2025-09-01,S001,P0005,65,20,0
2025-09-01,S001,P0006,23,20,0
2025-09-01,S001,P0007,31,20,0
2025-09-01,S001,P0008,50,20,0
2025-09-01,S001,P0009,102,20,0
2025-09-01,S001,P0010,62,20,0
2025-09-01,S002,P0001,90,20,0
2025-09-01,S002,P0002,50,20,0
2025-09-01,S002,P0003,106,20,0
2025-09-01,S002,P0004,61,20,0
2025-09-01,S002,P0005,98,20,0
2025-09-01,S002,P0006,97,20,0
2025-09-01,S002,P0007,58,20,0
2025-09-01,S002,P0008,84,20,0
2025-09-01,S002,P0009,101,20,0
2025-09-01,S002,P0010,67,20,0
2025-09-01,S003,P0001,110,20,0
2025-09-01,S003,P0002,110,20,0
2025-09-01,S003,P0003,103,20,0
2025-09-01,S003,P0004,51,20,0
2025-09-01,S003,P0005,46,20,0
2025-09-01,S003,P0006,28,20,0
2025-09-01,S003,P0007,85,20,0
2025-09-01,S003,P0008,99,20,0
2025-09-01,S003,P0009,91,20,0
2025-09-01,S003,P0010,93,20,0
2025-09-01,S004,P0001,104,20,0
2025-09-01,S004,P0002,111,20,0
2025-09-01,S004,P0003,103,20,0
2025-09-01,S004,P0004,78,20,0
2025-09-01,S004,P0005,70,20,0
2025-09-01,S004,P0006,24,20,0
2025-09-01,S004,P0007,62,20,0
2025-09-01,S004,P0008,36,20,0
2025-09-01,S004,P0009,70,20,0
2025-09-01,S004,P0010,37,20,0
2025-09-01,S005,P0001,82,20,0
2025-09-01,S005,P0002,37,20,0
2025-09-01,S005,P0003,114,20,0
2025-09-01,S005,P0004,91,20,0
2025-09-01,S005,P0005,53,20,0
2025-09-01,S005,P0006,72,20,0
2025-09-01,S005,P0007,28,20,0
2025-09-01,S005,P0008,52,20,0
2025-09-01,S005,P0009,117,20,0
2025-09-01,S005,P0010,59,20,0
2025-09-02,S001,P0001,92,20,0
2025-09-02,S001,P0002,109,20,0
2025-09-02,S001,P0003,67,20,0
2025-09-02,S001,P0004,89,20,0
2025-09-02,S001,P0005,62,20,0
2025-09-02,S001,P0006,23,20,0
2025-09-02,S001,P0007,28,20,0
2025-09-02,S001,P0008,48,20,0
2025-09-02,S001,P0009,99,20,0
2025-09-02,S001,P0010,62,20,0
2025-09-02,S002,P0001,89,20,0
2025-09-02,S002,P0002,50,20,0
2025-09-02,S002,P0003,105,20,0
2025-09-02,S002,P0004,61,20,0
2025-09-02,S002,P0005,92,20,0
2025-09-02,S002,P0006,97,20,0
2025-09-02,S002,P0007,58,20,0
2025-09-02,S002,P0008,83,20,0
2025-09-02,S002,P0009,99,20,0
2025-09-02,S002,P0010,65,20,0
2025-09-02,S003,P0001,108,20,0
2025-09-02,S003,P0002,109,20,0
2025-09-02,S003,P0003,103,20,0
2025-09-02,S003,P0004,50,20,0
2025-09-02,S003,P0005,45,20,0
2025-09-02,S003,P0006,27,20,0
2025-09-02,S003,P0007,84,20,0
2025-09-02,S003,P0008,99,20,0
2025-09-02,S003,P0009,91,20,0
2025-09-02,S003,P0010,93,20,0
2025-09-02,S004,P0001,104,20,0
2025-09-02,S004,P0002,110,20,0
2025-09-02,S004,P0003,100,20,0
2025-09-02,S004,P0004,76,20,0
2025-09-02,S004,P0005,70,20,0
2025-09-02,S004,P0006,23,20,0
2025-09-02,S004,P0007,62,20,0
2025-09-02,S004,P0008,35,20,0
2025-09-02,S004,P0009,69,20,0
2025-09-02,S004,P0010,37,20,0
2025-09-02,S005,P0001,82,20,0
2025-09-02,S005,P0002,35,20,0
2025-09-02,S005,P0003,113,20,0
2025-09-02,S005,P0004,91,20,0
2025-09-02,S005,P0005,51,20,0
2025-09-02,S005,P0006,71,20,0
2025-09-02,S005,P0007,27,20,0
2025-09-02,S005,P0008,52,20,0
2025-09-02,S005,P0009,115,20,0
2025-09-02,S005,P0010,56,20,0
2025-09-03,S001,P0001,87,20,0
2025-09-03,S001,P0002,108,20,0
2025-09-03,S001,P0003,65,20,0
2025-09-03,S001,P0004,87,20,0
2025-09-03,S001,P0005,62,20,0
2025-09-03,S001,P0006,22,20,0
2025-09-03,S001,P0007,28,20,0
2025-09-03,S001,P0008,45,20,0
2025-09-03,S001,P0009,99,20,0
2025-09-03,S001,P0010,62,20,0
2025-09-03,S002,P0001,88,20,0
2025-09-03,S002,P0002,49,20,0
2025-09-03,S002,P0003,104,20,0
2025-09-03,S002,P0004,61,20,0
2025-09-03,S002,P0005,87,20,0
2025-09-03,S002,P0006,96,20,0
2025-09-03,S002,P0007,58,20,0
2025-09-03,S002,P0008,82,20,0
2025-09-03,S002,P0009,99,20,0
2025-09-03,S002,P0010,62,20,0
2025-09-03,S003,P0001,108,20,0
2025-09-03,S003,P0002,108,20,0
2025-09-03,S003,P0003,101,20,0
2025-09-03,S003,P0004,49,20,0
2025-09-03,S003,P0005,42,20,0
2025-09-03,S003,P0006,27,20,0
2025-09-03,S003,P0007,81,20,0
2025-09-03,S003,P0008,97,20,0
2025-09-03,S003,P0009,91,20,0
2025-09-03,S003,P0010,93,20,0
2025-09-03,S004,P0001,103,20,0
2025-09-03,S004,P0002,108,20,0
2025-09-03,S004,P0003,99,20,0
2025-09-03,S004,P0004,75,20,0
2025-09-03,S004,P0005,69,20,0
2025-09-03,S004,P0006,23,20,0
2025-09-03,S004,P0007,60,20,0
2025-09-03,S004,P0008,34,20,0
2025-09-03,S004,P0009,67,20,0
2025-09-03,S004,P0010,37,20,0
2025-09-03,S005,P0001,81,20,0
2025-09-03,S005,P0002,34,20,0
2025-09-03,S005,P0003,113,20,0
2025-09-03,S005,P0004,90,20,0
2025-09-03,S005,P0005,48,20,0
2025-09-03,S005,P0006,71,20,0
2025-09-03,S005,P0007,27,20,0
2025-09-03,S005,P0008,49,20,0
2025-09-03,S005,P0009,114,20,0
2025-09-03,S005,P0010,55,20,0
2025-09-04,S001,P0001,86,20,0
2025-09-04,S001,P0002,105,20,0
2025-09-04,S001,P0003,65,20,0
2025-09-04,S001,P0004,87,20,0
2025-09-04,S001,P0005,58,20,0
2025-09-04,S001,P0006,119,20,0
2025-09-04,S001,P0007,28,20,0
2025-09-04,S001,P0008,43,20,0
2025-09-04,S001,P0009,97,20,0
2025-09-04,S001,P0010,60,20,0
2025-09-04,S002,P0001,88,20,0
2025-09-04,S002,P0002,48,20,0
2025-09-04,S002,P0003,103,20,0
2025-09-04,S002,P0004,60,20,0
2025-09-04,S002,P0005,83,20,0
2025-09-04,S002,P0006,96,20,0
2025-09-04,S002,P0007,57,20,0
2025-09-04,S002,P0008,81,20,0
2025-09-04,S002,P0009,98,20,0
2025-09-04,S002,P0010,62,20,0
2025-09-04,S003,P0001,103,20,0
2025-09-04,S003,P0002,106,20,0
2025-09-04,S003,P0003,100,20,0
2025-09-04,S003,P0004,49,20,0
2025-09-04,S003,P0005,41,20,0
2025-09-04,S003,P0006,27,20,0
2025-09-04,S003,P0007,81,20,0
2025-09-04,S003,P0008,96,20,0
2025-09-04,S003,P0009,90,20,0
2025-09-04,S003,P0010,93,20,0
2025-09-04,S004,P0001,102,20,0
2025-09-04,S004,P0002,107,20,0
2025-09-04,S004,P0003,97,20,0
2025-09-04,S004,P0004,74,20,0
2025-09-04,S004,P0005,67,20,0
2025-09-04,S004,P0006,23,20,0
2025-09-04,S004,P0007,58,20,0
2025-09-04,S004,P0008,33,20,0
2025-09-04,S004,P0009,67,20,0
2025-09-04,S004,P0010,37,20,0
2025-09-04,S005,P0001,80,20,0
2025-09-04,S005,P0002,29,20,0
2025-09-04,S005,P0003,112,20,0
2025-09-04,S005,P0004,85,20,0
2025-09-04,S005,P0005,45,20,0
2025-09-04,S005,P0006,71,20,0
2025-09-04,S005,P0007,27,20,0
2025-09-04,S005,P0008,48,20,0
2025-09-04,S005,P0009,112,20,0
2025-09-04,S005,P0010,55,20,0
2025-09-05,S001,P0001,86,20,0
2025-09-05,S001,P0002,103,20,0
2025-09-05,S001,P0003,60,20,0
2025-09-05,S001,P0004,87,20,0
2025-09-05,S001,P0005,55,20,0
2025-09-05,S001,P0006,119,20,0
2025-09-05,S001,P0007,28,20,0
2025-09-05,S001,P0008,42,20,0
2025-09-05,S001,P0009,95,20,0
2025-09-05,S001,P0010,60,20,0
2025-09-05,S002,P0001,83,20,0
2025-09-05,S002,P0002,45,20,0
2025-09-05,S002,P0003,101,20,0
2025-09-05,S002,P0004,57,20,0
2025-09-05,S002,P0005,83,20,0
2025-09-05,S002,P0006,95,20,0
2025-09-05,S002,P0007,55,20,0
2025-09-05,S002,P0008,78,20,0
2025-09-05,S002,P0009,96,20,0
2025-09-05,S002,P0010,61,20,0
2025-09-05,S003,P0001,103,20,0
2025-09-05,S003,P0002,105,20,0
2025-09-05,S003,P0003,99,20,0
2025-09-05,S003,P0004,49,20,0
2025-09-05,S003,P0005,41,20,0
2025-09-05,S003,P0006,26,20,0
2025-09-05,S003,P0007,80,20,0
2025-09-05,S003,P0008,92,20,0
2025-09-05,S003,P0009,88,20,0
2025-09-05,S003,P0010,92,20,0
2025-09-05,S004,P0001,101,20,0
2025-09-05,S004,P0002,106,20,0
2025-09-05,S004,P0003,95,20,0
2025-09-05,S004,P0004,74,20,0
2025-09-05,S004,P0005,65,20,0
2025-09-05,S004,P0006,22,20,0
2025-09-05,S004,P0007,56,20,0
2025-09-05,S004,P0008,33,20,0
2025-09-05,S004,P0009,65,20,0
2025-09-05,S004,P0010,35,20,0
2025-09-05,S005,P0001,80,20,0
2025-09-05,S005,P0002,27,20,0
2025-09-05,S005,P0003,111,20,0
2025-09-05,S005,P0004,83,20,0
2025-09-05,S005,P0005,42,20,0
2025-09-05,S005,P0006,68,20,0
2025-09-05,S005,P0007,26,20,0
2025-09-05,S005,P0008,48,20,0
2025-09-05,S005,P0009,109,20,0
2025-09-05,S005,P0010,54,20,0
2025-09-06,S001,P0001,86,20,0
2025-09-06,S001,P0002,101,20,0
2025-09-06,S001,P0003,60,20,0
2025-09-06,S001,P0004,87,20,0
2025-09-06,S001,P0005,53,20,0
2025-09-06,S001,P0006,117,20,0
2025-09-06,S001,P0007,28,20,0
2025-09-06,S001,P0008,40,20,0
2025-09-06,S001,P0009,94,20,0
2025-09-06,S001,P0010,60,20,0
2025-09-06,S002,P0001,81,20,0
2025-09-06,S002,P0002,45,20,0
2025-09-06,S002,P0003,99,20,0
2025-09-06,S002,P0004,57,20,0
2025-09-06,S002,P0005,81,20,0
2025-09-06,S002,P0006,95,20,0
2025-09-06,S002,P0007,55,20,0
2025-09-06,S002,P0008,76,20,0
2025-09-06,S002,P0009,94,20,0
2025-09-06,S002,P0010,61,20,0
2025-09-06,S003,P0001,100,20,0
2025-09-06,S003,P0002,104,20,0
2025-09-06,S003,P0003,98,20,0
2025-09-06,S003,P0004,49,20,0
2025-09-06,S003,P0005,33,20,0
2025-09-06,S003,P0006,25,20,0
2025-09-06,S003,P0007,80,20,0
2025-09-06,S003,P0008,92,20,0
2025-09-06,S003,P0009,86,20,0
2025-09-06,S003,P0010,92,20,0
2025-09-06,S004,P0001,100,20,0
2025-09-06,S004,P0002,103,20,0
2025-09-06,S004,P0003,95,20,0
2025-09-06,S004,P0004,74,20,0
2025-09-06,S004,P0005,62,20,0
2025-09-06,S004,P0006,22,20,0
2025-09-06,S004,P0007,56,20,0
2025-09-06,S004,P0008,32,20,0
2025-09-06,S004,P0009,65,20,0
2025-09-06,S004,P0010,29,20,0
2025-09-06,S005,P0001,78,20,0
2025-09-06,S005,P0002,24,20,0
2025-09-06,S005,P0003,107,20,0
2025-09-06,S005,P0004,82,20,0
2025-09-06,S005,P0005,42,20,0
2025-09-06,S005,P0006,66,20,0
2025-09-06,S005,P0007,25,20,0
2025-09-06,S005,P0008,46,20,0
2025-09-06,S005,P0009,107,20,0
2025-09-06,S005,P0010,52,20,0
2025-09-07,S001,P0001,85,20,0
2025-09-07,S001,P0002,100,20,0
2025-09-07,S001,P0003,58,20,0
2025-09-07,S001,P0004,86,20,0
2025-09-07,S001,P0005,53,20,0
2025-09-07,S001,P0006,116,20,0
2025-09-07,S001,P0007,27,20,0
2025-09-07,S001,P0008,40,20,0
2025-09-07,S001,P0009,90,20,0
2025-09-07,S001,P0010,59,20,0
2025-09-07,S002,P0001,78,20,0
2025-09-07,S002,P0002,44,20,0
2025-09-07,S002,P0003,95,20,0
2025-09-07,S002,P0004,56,20,0
2025-09-07,S002,P0005,80,20,0
2025-09-07,S002,P0006,94,20,0
2025-09-07,S002,P0007,55,20,0
2025-09-07,S002,P0008,74,20,0
2025-09-07,S002,P0009,91,20,0
2025-09-07,S002,P0010,61,20,0
2025-09-07,S003,P0001,99,20,0
2025-09-07,S003,P0002,102,20,0
2025-09-07,S003,P0003,98,20,0
2025-09-07,S003,P0004,49,20,0
2025-09-07,S003,P0005,32,20,0
2025-09-07,S003,P0006,24,20,0
2025-09-07,S003,P0007,79,20,0
2025-09-07,S003,P0008,92,20,0
2025-09-07,S003,P0009,84,20,0
2025-09-07,S003,P0010,89,20,0
2025-09-07,S004,P0001,98,20,0
2025-09-07,S004,P0002,103,20,0
2025-09-07,S004,P0003,91,20,0
2025-09-07,S004,P0004,73,20,0
2025-09-07,S004,P0005,61,20,0
2025-09-07,S004,P0006,20,20,0
2025-09-07,S004,P0007,55,20,0
2025-09-07,S004,P0008,31,20,0
2025-09-07,S004,P0009,63,20,0
2025-09-07,S004,P0010,27,20,0
2025-09-07,S005,P0001,77,20,0
2025-09-07,S005,P0002,22,20,0
2025-09-07,S005,P0003,106,20,0
2025-09-07,S005,P0004,79,20,0
2025-09-07,S005,P0005,39,20,0
2025-09-07,S005,P0006,66,20,0
2025-09-07,S005,P0007,24,20,0
2025-09-07,S005,P0008,46,20,0
2025-09-07,S005,P0009,107,20,0
2025-09-07,S005,P0010,52,20,0
2025-09-08,S001,P0001,83,20,0
2025-09-08,S001,P0002,97,20,0
2025-09-08,S001,P0003,57,20,0
2025-09-08,S001,P0004,83,20,0
2025-09-08,S001,P0005,50,20,0
2025-09-08,S001,P0006,115,20,0
2025-09-08,S001,P0007,26,20,0
2025-09-08,S001,P0008,40,20,0
2025-09-08,S001,P0009,89,20,0
2025-09-08,S001,P0010,57,20,0
2025-09-08,S002,P0001,74,20,0
2025-09-08,S002,P0002,44,20,0
2025-09-08,S002,P0003,95,20,0
2025-09-08,S002,P0004,54,20,0
2025-09-08,S002,P0005,77,20,0
2025-09-08,S002,P0006,91,20,0
2025-09-08,S002,P0007,54,20,0
2025-09-08,S002,P0008,74,20,0
2025-09-08,S002,P0009,91,20,0
2025-09-08,S002,P0010,59,20,0
2025-09-08,S003,P0001,97,20,0
2025-09-08,S003,P0002,99,20,0
2025-09-08,S003,P0003,98,20,0
2025-09-08,S003,P0004,48,20,0
2025-09-08,S003,P0005,30,20,0
2025-09-08,S003,P0006,24,20,0
2025-09-08,S003,P0007,77,20,0
2025-09-08,S003,P0008,92,20,0
2025-09-08,S003,P0009,84,20,0
2025-09-08,S003,P0010,89,20,0
2025-09-08,S004,P0001,96,20,0
2025-09-08,S004,P0002,101,20,0
2025-09-08,S004,P0003,89,20,0
2025-09-08,S004,P0004,72,20,0
2025-09-08,S004,P0005,59,20,0
2025-09-08,S004,P0006,20,20,0
2025-09-08,S004,P0007,55,20,0
2025-09-08,S004,P0008,30,20,0
2025-09-08,S004,P0009,60,20,0
2025-09-08,S004,P0010,25,20,0
2025-09-08,S005,P0001,75,20,0
2025-09-08,S005,P0002,20,20,0
2025-09-08,S005,P0003,101,20,0
2025-09-08,S005,P0004,78,20,0
2025-09-08,S005,P0005,36,20,0
2025-09-08,S005,P0006,65,20,0
2025-09-08,S005,P0007,24,20,0
2025-09-08,S005,P0008,45,20,0
2025-09-08,S005,P0009,107,20,0
2025-09-08,S005,P0010,51,20,0
2025-09-09,S001,P0001,82,20,0
2025-09-09,S001,P0002,96,20,0
2025-09-09,S001,P0003,57,20,0
2025-09-09,S001,P0004,83,20,0
2025-09-09,S001,P0005,46,20,0
2025-09-09,S001,P0006,113,20,0
2025-09-09,S001,P0007,25,20,0
2025-09-09,S001,P0008,40,20,0
2025-09-09,S001,P0009,88,20,0
2025-09-09,S001,P0010,55,20,0
2025-09-09,S002,P0001,71,20,0
2025-09-09,S002,P0002,43,20,0
2025-09-09,S002,P0003,94,20,0
2025-09-09,S002,P0004,53,20,0
2025-09-09,S002,P0005,75,20,0
2025-09-09,S002,P0006,91,20,0
2025-09-09,S002,P0007,54,20,0
2025-09-09,S002,P0008,73,20,0
2025-09-09,S002,P0009,88,20,0
2025-09-09,S002,P0010,57,20,0
2025-09-09,S003,P0001,94,20,0
2025-09-09,S003,P0002,98,20,0
2025-09-09,S003,P0003,97,20,0
2025-09-09,S003,P0004,48,20,0
2025-09-09,S003,P0005,27,20,0
2025-09-09,S003,P0006,23,20,0
2025-09-09,S003,P0007,76,20,0
2025-09-09,S003,P0008,92,20,0
2025-09-09,S003,P0009,84,20,0
2025-09-09,S003,P0010,88,20,0
2025-09-09,S004,P0001,94,20,0
2025-09-09,S004,P0002,101,20,0
2025-09-09,S004,P0003,87,20,0
2025-09-09,S004,P0004,71,20,0
2025-09-09,S004,P0005,57,20,0
2025-09-09,S004,P0006,20,20,0
2025-09-09,S004,P0007,54,20,0
2025-09-09,S004,P0008,29,20,0
2025-09-09,S004,P0009,60,20,0
2025-09-09,S004,P0010,25,20,0
2025-09-09,S005,P0001,74,20,0
2025-09-09,S005,P0002,115,20,0
2025-09-09,S005,P0003,100,20,0
2025-09-09,S005,P0004,78,20,0
2025-09-09,S005,P0005,33,20,0
2025-09-09,S005,P0006,64,20,0
2025-09-09,S005,P0007,24,20,0
2025-09-09,S005,P0008,44,20,0
2025-09-09,S005,P0009,106,20,0
2025-09-09,S005,P0010,48,20,0
2025-09-10,S001,P0001,82,20,0
2025-09-10,S001,P0002,95,20,0
2025-09-10,S001,P0003,53,20,0
2025-09-10,S001,P0004,83,20,0
2025-09-10,S001,P0005,39,20,0
2025-09-10,S001,P0006,112,20,0
2025-09-10,S001,P0007,25,20,0
2025-09-10,S001,P0008,40,20,0
2025-09-10,S001,P0009,87,20,0
2025-09-10,S001,P0010,54,20,0
2025-09-10,S002,P0001,70,20,0
2025-09-10,S002,P0002,41,20,0
2025-09-10,S002,P0003,93,20,0
2025-09-10,S002,P0004,52,20,0
2025-09-10,S002,P0005,75,20,0
2025-09-10,S002,P0006,90,20,0
2025-09-10,S002,P0007,53,20,0
2025-09-10,S002,P0008,72,20,0
2025-09-10,S002,P0009,85,20,0
2025-09-10,S002,P0010,56,20,0
2025-09-10,S003,P0001,93,20,0
2025-09-10,S003,P0002,97,20,0
2025-09-10,S003,P0003,94,20,0
2025-09-10,S003,P0004,48,20,0
2025-09-10,S003,P0005,26,20,0
2025-09-10,S003,P0006,22,20,0
2025-09-10,S003,P0007,75,20,0
2025-09-10,S003,P0008,90,20,0
2025-09-10,S003,P0009,83,20,0
2025-09-10,S003,P0010,86,20,0
2025-09-10,S004,P0001,93,20,0
2025-09-10,S004,P0002,99,20,0
2025-09-10,S004,P0003,85,20,0
2025-09-10,S004,P0004,69,20,0
2025-09-10,S004,P0005,54,20,0
2025-09-10,S004,P0006,118,20,0
2025-09-10,S004,P0007,54,20,0
2025-09-10,S004,P0008,25,20,0
2025-09-10,S004,P0009,59,20,0
2025-09-10,S004,P0010,24,20,0
2025-09-10,S005,P0001,74,20,0
2025-09-10,S005,P0002,115,20,0
2025-09-10,S005,P0003,98,20,0
2025-09-10,S005,P0004,78,20,0
2025-09-10,S005,P0005,32,20,0
2025-09-10,S005,P0006,64,20,0
2025-09-10,S005,P0007,20,20,0
2025-09-10,S005,P0008,43,20,0
2025-09-10,S005,P0009,104,20,0
2025-09-10,S005,P0010,47,20,0
2025-09-11,S001,P0001,80,20,0
2025-09-11,S001,P0002,94,20,0
2025-09-11,S001,P0003,53,20,0
2025-09-11,S001,P0004,83,20,0
2025-09-11,S001,P0005,36,20,0
2025-09-11,S001,P0006,112,20,0
2025-09-11,S001,P0007,24,20,0
2025-09-11,S001,P0008,40,20,0
2025-09-11,S001,P0009,87,20,0
2025-09-11,S001,P0010,53,20,0
2025-09-11,S002,P0001,69,20,0
2025-09-11,S002,P0002,40,20,0
2025-09-11,S002,P0003,91,20,0
2025-09-11,S002,P0004,52,20,0
2025-09-11,S002,P0005,70,20,0
2025-09-11,S002,P0006,89,20,0
2025-09-11,S002,P0007,51,20,0
2025-09-11,S002,P0008,72,20,0
2025-09-11,S002,P0009,82,20,0
2025-09-11,S002,P0010,54,20,0
2025-09-11,S003,P0001,91,20,0
2025-09-11,S003,P0002,96,20,0
2025-09-11,S003,P0003,93,20,0
2025-09-11,S003,P0004,47,20,0
2025-09-11,S003,P0005,23,20,0
2025-09-11,S003,P0006,22,20,0
2025-09-11,S003,P0007,74,20,0
2025-09-11,S003,P0008,89,20,0
2025-09-11,S003,P0009,80,20,0
2025-09-11,S003,P0010,86,20,0
2025-09-11,S004,P0001,89,20,0
2025-09-11,S004,P0002,97,20,0
2025-09-11,S004,P0003,84,20,0
2025-09-11,S004,P0004,69,20,0
2025-09-11,S004,P0005,50,20,0
2025-09-11,S004,P0006,116,20,0
2025-09-11,S004,P0007,53,20,0
2025-09-11,S004,P0008,23,20,0
2025-09-11,S004,P0009,56,20,0
2025-09-11,S004,P0010,24,20,0
2025-09-11,S005,P0001,72,20,0
2025-09-11,S005,P0002,112,20,0
2025-09-11,S005,P0003,97,20,0
2025-09-11,S005,P0004,77,20,0
2025-09-11,S005,P0005,31,20,0
2025-09-11,S005,P0006,64,20,0
2025-09-11,S005,P0007,20,20,0
2025-09-11,S005,P0008,43,20,0
2025-09-11,S005,P0009,100,20,0
2025-09-11,S005,P0010,47,20,0
2025-09-12,S001,P0001,78,20,0
2025-09-12,S001,P0002,92,20,0
2025-09-12,S001,P0003,51,20,0
2025-09-12,S001,P0004,80,20,0
2025-09-12,S001,P0005,34,20,0
2025-09-12,S001,P0006,112,20,0
2025-09-12,S001,P0007,20,20,0
2025-09-12,S001,P0008,37,20,0
2025-09-12,S001,P0009,83,20,0
2025-09-12,S001,P0010,52,20,0
2025-09-12,S002,P0001,66,20,0
2025-09-12,S002,P0002,39,20,0
2025-09-12,S002,P0003,88,20,0
2025-09-12,S002,P0004,49,20,0
2025-09-12,S002,P0005,67,20,0
2025-09-12,S002,P0006,89,20,0
2025-09-12,S002,P0007,50,20,0
2025-09-12,S002,P0008,71,20,0
2025-09-12,S002,P0009,81,20,0
2025-09-12,S002,P0010,54,20,0
2025-09-12,S003,P0001,89,20,0
2025-09-12,S003,P0002,93,20,0
2025-09-12,S003,P0003,91,20,0
2025-09-12,S003,P0004,45,20,0
2025-09-12,S003,P0005,21,20,0
2025-09-12,S003,P0006,21,20,0
2025-09-12,S003,P0007,74,20,0
2025-09-12,S003,P0008,86,20,0
2025-09-12,S003,P0009,76,20,0
2025-09-12,S003,P0010,85,20,0
2025-09-12,S004,P0001,87,20,0
2025-09-12,S004,P0002,97,20,0
2025-09-12,S004,P0003,82,20,0
2025-09-12,S004,P0004,68,20,0
2025-09-12,S004,P0005,45,20,0
2025-09-12,S004,P0006,114,20,0
2025-09-12,S004,P0007,52,20,0
2025-09-12,S004,P0008,21,20,0
2025-09-12,S004,P0009,54,20,0
2025-09-12,S004,P0010,22,20,0
2025-09-12,S005,P0001,71,20,0
2025-09-12,S005,P0002,112,20,0
2025-09-12,S005,P0003,97,20,0
2025-09-12,S005,P0004,77,20,0
2025-09-12,S005,P0005,29,20,0
2025-09-12,S005,P0006,63,20,0
2025-09-12,S005,P0007,20,20,0
2025-09-12,S005,P0008,42,20,0
2025-09-12,S005,P0009,94,20,0
2025-09-12,S005,P0010,45,20,0
2025-09-13,S001,P0001,76,20,0
2025-09-13,S001,P0002,91,20,0
2025-09-13,S001,P0003,49,20,0
2025-09-13,S001,P0004,80,20,0
2025-09-13,S001,P0005,31,20,0
2025-09-13,S001,P0006,109,20,0
2025-09-13,S001,P0007,20,20,0
2025-09-13,S001,P0008,37,20,0
2025-09-13,S001,P0009,81,20,0
2025-09-13,S001,P0010,52,20,0
2025-09-13,S002,P0001,64,20,0
2025-09-13,S002,P0002,38,20,0
2025-09-13,S002,P0003,87,20,0
2025-09-13,S002,P0004,47,20,0
2025-09-13,S002,P0005,64,20,0
2025-09-13,S002,P0006,88,20,0
2025-09-13,S002,P0007,50,20,0
2025-09-13,S002,P0008,70,20,0
2025-09-13,S002,P0009,79,20,0
2025-09-13,S002,P0010,54,20,0
2025-09-13,S003,P0001,89,20,0
2025-09-13,S003,P0002,91,20,0
2025-09-13,S003,P0003,88,20,0
2025-09-13,S003,P0004,43,20,0
2025-09-13,S003,P0005,116,20,0
2025-09-13,S003,P0006,20,20,0
2025-09-13,S003,P0007,73,20,0
2025-09-13,S003,P0008,85,20,0
2025-09-13,S003,P0009,73,20,0
2025-09-13,S003,P0010,83,20,0
2025-09-13,S004,P0001,86,20,0
2025-09-13,S004,P0002,94,20,0
2025-09-13,S004,P0003,82,20,0
2025-09-13,S004,P0004,66,20,0
2025-09-13,S004,P0005,45,20,0
2025-09-13,S004,P0006,114,20,0
2025-09-13,S004,P0007,52,20,0
2025-09-13,S004,P0008,21,20,0
2025-09-13,S004,P0009,51,20,0
2025-09-13,S004,P0010,118,20,0
2025-09-13,S005,P0001,69,20,0
2025-09-13,S005,P0002,112,20,0
2025-09-13,S005,P0003,95,20,0
2025-09-13,S005,P0004,77,20,0
2025-09-13,S005,P0005,28,20,0
2025-09-13,S005,P0006,63,20,0
2025-09-13,S005,P0007,118,20,0
2025-09-13,S005,P0008,42,20,0
2025-09-13,S005,P0009,92,20,0
2025-09-13,S005,P0010,44,20,0
2025-09-14,S001,P0001,75,20,0
2025-09-14,S001,P0002,90,20,0
2025-09-14,S001,P0003,48,20,0
2025-09-14,S001,P0004,78,20,0
2025-09-14,S001,P0005,30,20,0
2025-09-14,S001,P0006,107,20,0
2025-09-14,S001,P0007,20,20,0
2025-09-14,S001,P0008,36,20,0
2025-09-14,S001,P0009,80,20,0
2025-09-14,S001,P0010,52,20,0
2025-09-14,S002,P0001,63,20,0
2025-09-14,S002,P0002,35,20,0
2025-09-14,S002,P0003,87,20,0
2025-09-14,S002,P0004,46,20,0
2025-09-14,S002,P0005,62,20,0
2025-09-14,S002,P0006,88,20,0
2025-09-14,S002,P0007,50,20,0
2025-09-14,S002,P0008,70,20,0
2025-09-14,S002,P0009,79,20,0
2025-09-14,S002,P0010,50,20,0
2025-09-14,S003,P0001,87,20,0
2025-09-14,S003,P0002,91,20,0
2025-09-14,S003,P0003,87,20,0
2025-09-14,S003,P0004,41,20,0
2025-09-14,S003,P0005,114,20,0
2025-09-14,S003,P0006,118,20,0
2025-09-14,S003,P0007,72,20,0
2025-09-14,S003,P0008,84,20,0
2025-09-14,S003,P0009,71,20,0
2025-09-14,S003,P0010,82,20,0
2025-09-14,S004,P0001,85,20,0
2025-09-14,S004,P0002,93,20,0
2025-09-14,S004,P0003,82,20,0
2025-09-14,S004,P0004,66,20,0
2025-09-14,S004,P0005,37,20,0
2025-09-14,S004,P0006,113,20,0
2025-09-14,S004,P0007,50,20,0
2025-09-14,S004,P0008,20,20,0
2025-09-14,S004,P0009,51,20,0
2025-09-14,S004,P0010,117,20,0
2025-09-14,S005,P0001,67,20,0
2025-09-14,S005,P0002,111,20,0
2025-09-14,S005,P0003,92,20,0
2025-09-14,S005,P0004,76,20,0
2025-09-14,S005,P0005,27,20,0
2025-09-14,S005,P0006,62,20,0
2025-09-14,S005,P0007,118,20,0
2025-09-14,S005,P0008,42,20,0
2025-09-14,S005,P0009,89,20,0
2025-09-14,S005,P0010,43,20,0
2025-09-15,S001,P0001,74,20,0
2025-09-15,S001,P0002,87,20,0
2025-09-15,S001,P0003,47,20,0
2025-09-15,S001,P0004,76,20,0
2025-09-15,S001,P0005,28,20,0
2025-09-15,S001,P0006,105,20,0
2025-09-15,S001,P0007,119,20,0
2025-09-15,S001,P0008,35,20,0
2025-09-15,S001,P0009,78,20,0
2025-09-15,S001,P0010,49,20,0
2025-09-15,S002,P0001,62,20,0
2025-09-15,S002,P0002,32,20,0
2025-09-15,S002,P0003,86,20,0
2025-09-15,S002,P0004,46,20,0
2025-09-15,S002,P0005,60,20,0
2025-09-15,S002,P0006,88,20,0
2025-09-15,S002,P0007,49,20,0
2025-09-15,S002,P0008,69,20,0
2025-09-15,S002,P0009,79,20,0
2025-09-15,S002,P0010,48,20,0
2025-09-15,S003,P0001,86,20,0
2025-09-15,S003,P0002,89,20,0
2025-09-15,S003,P0003,84,20,0
2025-09-15,S003,P0004,41,20,0
2025-09-15,S003,P0005,112,20,0
2025-09-15,S003,P0006,117,20,0
2025-09-15,S003,P0007,72,20,0
2025-09-15,S003,P0008,82,20,0
2025-09-15,S003,P0009,70,20,0
2025-09-15,S003,P0010,81,20,0
2025-09-15,S004,P0001,83,20,0
2025-09-15,S004,P0002,92,20,0
2025-09-15,S004,P0003,81,20,0
2025-09-15,S004,P0004,64,20,0
2025-09-15,S004,P0005,36,20,0
2025-09-15,S004,P0006,112,20,0
2025-09-15,S004,P0007,49,20,0
2025-09-15,S004,P0008,119,20,0
2025-09-15,S004,P0009,51,20,0
2025-09-15,S004,P0010,116,20,0
2025-09-15,S005,P0001,65,20,0
2025-09-15,S005,P0002,110,20,0
2025-09-15,S005,P0003,92,20,0
2025-09-15,S005,P0004,76,20,0
2025-09-15,S005,P0005,27,20,0
2025-09-15,S005,P0006,59,20,0
2025-09-15,S005,P0007,117,20,0
2025-09-15,S005,P0008,41,20,0
2025-09-15,S005,P0009,87,20,0
2025-09-15,S005,P0010,42,20,0
2025-09-16,S001,P0001,73,20,0
2025-09-16,S001,P0002,87,20,0
2025-09-16,S001,P0003,47,20,0
2025-09-16,S001,P0004,74,20,0
2025-09-16,S001,P0005,24,20,0
2025-09-16,S001,P0006,105,20,0
2025-09-16,S001,P0007,119,20,0
2025-09-16,S001,P0008,33,20,0
2025-09-16,S001,P0009,75,20,0
2025-09-16,S001,P0010,47,20,0
2025-09-16,S002,P0001,61,20,0
2025-09-16,S002,P0002,31,20,0
2025-09-16,S002,P0003,84,20,0
2025-09-16,S002,P0004,43,20,0
2025-09-16,S002,P0005,59,20,0
2025-09-16,S002,P0006,88,20,0
2025-09-16,S002,P0007,48,20,0
2025-09-16,S002,P0008,68,20,0
2025-09-16,S002,P0009,77,20,0
2025-09-16,S002,P0010,46,20,0
2025-09-16,S003,P0001,85,20,0
2025-09-16,S003,P0002,86,20,0
2025-09-16,S003,P0003,81,20,0
2025-09-16,S003,P0004,40,20,0
2025-09-16,S003,P0005,110,20,0
2025-09-16,S003,P0006,112,20,0
2025-09-16,S003,P0007,72,20,0
2025-09-16,S003,P0008,82,20,0
2025-09-16,S003,P0009,68,20,0
2025-09-16,S003,P0010,76,20,0
2025-09-16,S004,P0001,81,20,0
2025-09-16,S004,P0002,89,20,0
2025-09-16,S004,P0003,81,20,0
2025-09-16,S004,P0004,62,20,0
2025-09-16,S004,P0005,32,20,0
2025-09-16,S004,P0006,111,20,0
2025-09-16,S004,P0007,49,20,0
2025-09-16,S004,P0008,119,20,0
2025-09-16,S004,P0009,50,20,0
2025-09-16,S004,P0010,113,20,0
2025-09-16,S005,P0001,61,20,0
2025-09-16,S005,P0002,106,20,0
2025-09-16,S005,P0003,92,20,0
2025-09-16,S005,P0004,74,20,0
2025-09-16,S005,P0005,24,20,0
2025-09-16,S005,P0006,59,20,0
2025-09-16,S005,P0007,117,20,0
2025-09-16,S005,P0008,39,20,0
2025-09-16,S005,P0009,85,20,0
2025-09-16,S005,P0010,41,20,0
2025-09-17,S001,P0001,73,20,0
2025-09-17,S001,P0002,86,20,0
2025-09-17,S001,P0003,45,20,0
2025-09-17,S001,P0004,72,20,0
2025-09-17,S001,P0005,21,20,0
2025-09-17,S001,P0006,104,20,0
2025-09-17,S001,P0007,115,20,0
2025-09-17,S001,P0008,32,20,0
2025-09-17,S001,P0009,73,20,0
2025-09-17,S001,P0010,47,20,0
2025-09-17,S002,P0001,61,20,0
2025-09-17,S002,P0002,30,20,0
2025-09-17,S002,P0003,80,20,0
2025-09-17,S002,P0004,42,20,0
2025-09-17,S002,P0005,56,20,0
2025-09-17,S002,P0006,88,20,0
2025-09-17,S002,P0007,46,20,0
2025-09-17,S002,P0008,67,20,0
2025-09-17,S002,P0009,76,20,0
2025-09-17,S002,P0010,45,20,0
2025-09-17,S003,P0001,82,20,0
2025-09-17,S003,P0002,85,20,0
2025-09-17,S003,P0003,80,20,0
2025-09-17,S003,P0004,39,20,0
2025-09-17,S003,P0005,109,20,0
2025-09-17,S003,P0006,112,20,0
2025-09-17,S003,P0007,68,20,0
2025-09-17,S003,P0008,81,20,0
2025-09-17,S003,P0009,67,20,0
2025-09-17,S003,P0010,75,20,0
2025-09-17,S004,P0001,81,20,0
2025-09-17,S004,P0002,87,20,0
2025-09-17,S004,P0003,79,20,0
2025-09-17,S004,P0004,62,20,0
2025-09-17,S004,P0005,29,20,0
2025-09-17,S004,P0006,111,20,0
2025-09-17,S004,P0007,48,20,0
2025-09-17,S004,P0008,117,20,0
2025-09-17,S004,P0009,47,20,0
2025-09-17,S004,P0010,112,20,0
2025-09-17,S005,P0001,59,20,0
2025-09-17,S005,P0002,104,20,0
2025-09-17,S005,P0003,91,20,0
2025-09-17,S005,P0004,74,20,0
2025-09-17,S005,P0005,22,20,0
2025-09-17,S005,P0006,58,20,0
2025-09-17,S005,P0007,117,20,0
2025-09-17,S005,P0008,37,20,0
2025-09-17,S005,P0009,84,20,0
2025-09-17,S005,P0010,40,20,0
2025-09-18,S001,P0001,73,20,0
2025-09-18,S001,P0002,84,20,0
2025-09-18,S001,P0003,45,20,0
2025-09-18,S001,P0004,71,20,0
2025-09-18,S001,P0005,20,20,0
2025-09-18,S001,P0006,104,20,0
2025-09-18,S001,P0007,115,20,0
2025-09-18,S001,P0008,31,20,0
2025-09-18,S001,P0009,70,20,0
2025-09-18,S001,P0010,45,20,0
2025-09-18,S002,P0001,59,20,0
2025-09-18,S002,P0002,30,20,0
2025-09-18,S002,P0003,77,20,0
2025-09-18,S002,P0004,39,20,0
2025-09-18,S002,P0005,50,20,0
2025-09-18,S002,P0006,86,20,0
2025-09-18,S002,P0007,45,20,0
2025-09-18,S002,P0008,65,20,0
2025-09-18,S002,P0009,74,20,0
2025-09-18,S002,P0010,43,20,0
2025-09-18,S003,P0001,80,20,0
2025-09-18,S003,P0002,84,20,0
2025-09-18,S003,P0003,79,20,0
2025-09-18,S003,P0004,39,20,0
2025-09-18,S003,P0005,106,20,0
2025-09-18,S003,P0006,112,20,0
2025-09-18,S003,P0007,67,20,0
2025-09-18,S003,P0008,81,20,0
2025-09-18,S003,P0009,63,20,0
2025-09-18,S003,P0010,75,20,0
2025-09-18,S004,P0001,77,20,0
2025-09-18,S004,P0002,86,20,0
2025-09-18,S004,P0003,78,20,0
2025-09-18,S004,P0004,61,20,0
2025-09-18,S004,P0005,27,20,0
2025-09-18,S004,P0006,110,20,0
2025-09-18,S004,P0007,48,20,0
2025-09-18,S004,P0008,117,20,0
2025-09-18,S004,P0009,46,20,0
2025-09-18,S004,P0010,111,20,0
2025-09-18,S005,P0001,59,20,0
2025-09-18,S005,P0002,103,20,0
2025-09-18,S005,P0003,91,20,0
2025-09-18,S005,P0004,74,20,0
2025-09-18,S005,P0005,21,20,0
2025-09-18,S005,P0006,56,20,0
2025-09-18,S005,P0007,117,20,0
2025-09-18,S005,P0008,37,20,0
2025-09-18,S005,P0009,80,20,0
2025-09-18,S005,P0010,37,20,0
2025-09-19,S001,P0001,71,20,0
2025-09-19,S001,P0002,81,20,0
2025-09-19,S001,P0003,43,20,0
2025-09-19,S001,P0004,70,20,0
2025-09-19,S001,P0005,20,20,0
2025-09-19,S001,P0006,104,20,0
2025-09-19,S001,P0007,115,20,0
2025-09-19,S001,P0008,29,20,0
2025-09-19,S001,P0009,69,20,0
2025-09-19,S001,P0010,42,20,0
2025-09-19,S002,P0001,57,20,0
2025-09-19,S002,P0002,29,20,0
2025-09-19,S002,P0003,77,20,0
2025-09-19,S002,P0004,38,20,0
2025-09-19,S002,P0005,47,20,0
2025-09-19,S002,P0006,86,20,0
2025-09-19,S002,P0007,44,20,0
2025-09-19,S002,P0008,65,20,0
2025-09-19,S002,P0009,73,20,0
2025-09-19,S002,P0010,43,20,0
2025-09-19,S003,P0001,79,20,0
2025-09-19,S003,P0002,81,20,0
2025-09-19,S003,P0003,77,20,0
2025-09-19,S003,P0004,39,20,0
2025-09-19,S003,P0005,100,20,0
2025-09-19,S003,P0006,111,20,0
2025-09-19,S003,P0007,67,20,0
2025-09-19,S003,P0008,80,20,0
2025-09-19,S003,P0009,61,20,0
2025-09-19,S003,P0010,74,20,0
2025-09-19,S004,P0001,77,20,0
2025-09-19,S004,P0002,83,20,0
2025-09-19,S004,P0003,77,20,0
2025-09-19,S004,P0004,58,20,0
2025-09-19,S004,P0005,25,20,0
2025-09-19,S004,P0006,110,20,0
2025-09-19,S004,P0007,48,20,0
2025-09-19,S004,P0008,117,20,0
2025-09-19,S004,P0009,44,20,0
2025-09-19,S004,P0010,110,20,0
2025-09-19,S005,P0001,58,20,0
2025-09-19,S005,P0002,102,20,0
2025-09-19,S005,P0003,90,20,0
2025-09-19,S005,P0004,73,20,0
2025-09-19,S005,P0005,118,20,0
2025-09-19,S005,P0006,56,20,0
2025-09-19,S005,P0007,116,20,0
2025-09-19,S005,P0008,35,20,0
2025-09-19,S005,P0009,78,20,0
2025-09-19,S005,P0010,36,20,0
2025-09-20,S001,P0001,69,20,0
2025-09-20,S001,P0002,80,20,0
2025-09-20,S001,P0003,43,20,0
2025-09-20,S001,P0004,69,20,0
2025-09-20,S001,P0005,119,20,0
2025-09-20,S001,P0006,103,20,0
2025-09-20,S001,P0007,113,20,0
2025-09-20,S001,P0008,29,20,0
2025-09-20,S001,P0009,66,20,0
2025-09-20,S001,P0010,41,20,0
2025-09-20,S002,P0001,56,20,0
2025-09-20,S002,P0002,28,20,0
2025-09-20,S002,P0003,72,20,0
2025-09-20,S002,P0004,36,20,0
2025-09-20,S002,P0005,45,20,0
2025-09-20,S002,P0006,85,20,0
2025-09-20,S002,P0007,42,20,0
2025-09-20,S002,P0008,61,20,0
2025-09-20,S002,P0009,73,20,0
2025-09-20,S002,P0010,42,20,0
2025-09-20,S003,P0001,78,20,0
2025-09-20,S003,P0002,80,20,0
2025-09-20,S003,P0003,77,20,0
2025-09-20,S003,P0004,38,20,0
2025-09-20,S003,P0005,97,20,0
2025-09-20,S003,P0006,110,20,0
2025-09-20,S003,P0007,67,20,0
2025-09-20,S003,P0008,77,20,0
2025-09-20,S003,P0009,59,20,0
2025-09-20,S003,P0010,72,20,0
2025-09-20,S004,P0001,76,20,0
2025-09-20,S004,P0002,83,20,0
2025-09-20,S004,P0003,76,20,0
2025-09-20,S004,P0004,58,20,0
2025-09-20,S004,P0005,24,20,0
2025-09-20,S004,P0006,110,20,0
2025-09-20,S004,P0007,48,20,0
2025-09-20,S004,P0008,117,20,0
2025-09-20,S004,P0009,42,20,0
2025-09-20,S004,P0010,110,20,0
2025-09-20,S005,P0001,57,20,0
2025-09-20,S005,P0002,100,20,0
2025-09-20,S005,P0003,89,20,0
2025-09-20,S005,P0004,71,20,0
2025-09-20,S005,P0005,118,20,0
2025-09-20,S005,P0006,55,20,0
2025-09-20,S005,P0007,116,20,0
2025-09-20,S005,P0008,35,20,0
2025-09-20,S005,P0009,75,20,0
2025-09-20,S005,P0010,32,20,0
2025-09-21,S001,P0001,68,20,0
2025-09-21,S001,P0002,77,20,0
2025-09-21,S001,P0003,43,20,0
2025-09-21,S001,P0004,67,20,0
2025-09-21,S001,P0005,117,20,0
2025-09-21,S001,P0006,103,20,0
2025-09-21,S001,P0007,113,20,0
2025-09-21,S001,P0008,28,20,0
2025-09-21,S001,P0009,62,20,0
2025-09-21,S001,P0010,38,20,0
2025-09-21,S002,P0001,54,20,0
2025-09-21,S002,P0002,25,20,0
2025-09-21,S002,P0003,71,20,0
2025-09-21,S002,P0004,34,20,0
2025-09-21,S002,P0005,42,20,0
2025-09-21,S002,P0006,84,20,0
2025-09-21,S002,P0007,41,20,0
2025-09-21,S002,P0008,60,20,0
2025-09-21,S002,P0009,71,20,0
2025-09-21,S002,P0010,40,20,0
2025-09-21,S003,P0001,77,20,0
2025-09-21,S003,P0002,80,20,0
2025-09-21,S003,P0003,76,20,0
2025-09-21,S003,P0004,37,20,0
2025-09-21,S003,P0005,92,20,0
2025-09-21,S003,P0006,110,20,0
2025-09-21,S003,P0007,65,20,0
2025-09-21,S003,P0008,76,20,0
2025-09-21,S003,P0009,57,20,0
2025-09-21,S003,P0010,69,20,0
2025-09-21,S004,P0001,75,20,0
2025-09-21,S004,P0002,80,20,0
2025-09-21,S004,P0003,76,20,0
2025-09-21,S004,P0004,58,20,0
2025-09-21,S004,P0005,23,20,0
2025-09-21,S004,P0006,110,20,0
2025-09-21,S004,P0007,47,20,0
2025-09-21,S004,P0008,115,20,0
2025-09-21,S004,P0009,42,20,0
2025-09-21,S004,P0010,108,20,0
2025-09-21,S005,P0001,56,20,0
2025-09-21,S005,P0002,97,20,0
2025-09-21,S005,P0003,88,20,0
2025-09-21,S005,P0004,68,20,0
2025-09-21,S005,P0005,115,20,0
2025-09-21,S005,P0006,55,20,0
2025-09-21,S005,P0007,114,20,0
2025-09-21,S005,P0008,35,20,0
2025-09-21,S005,P0009,75,20,0
2025-09-21,S005,P0010,29,20,0
2025-09-22,S001,P0001,67,20,0
2025-09-22,S001,P0002,76,20,0
2025-09-22,S001,P0003,43,20,0
2025-09-22,S001,P0004,67,20,0
2025-09-22,S001,P0005,113,20,0
2025-09-22,S001,P0006,102,20,0
2025-09-22,S001,P0007,113,20,0
2025-09-22,S001,P0008,28,20,0
2025-09-22,S001,P0009,62,20,0
2025-09-22,S001,P0010,36,20,0
2025-09-22,S002,P0001,53,20,0
2025-09-22,S002,P0002,23,20,0
2025-09-22,S002,P0003,69,20,0
2025-09-22,S002,P0004,32,20,0
2025-09-22,S002,P0005,42,20,0
2025-09-22,S002,P0006,84,20,0
2025-09-22,S002,P0007,39,20,0
2025-09-22,S002,P0008,58,20,0
2025-09-22,S002,P0009,70,20,0
2025-09-22,S002,P0010,39,20,0
2025-09-22,S003,P0001,73,20,0
2025-09-22,S003,P0002,78,20,0
2025-09-22,S003,P0003,74,20,0
2025-09-22,S003,P0004,36,20,0
2025-09-22,S003,P0005,91,20,0
2025-09-22,S003,P0006,109,20,0
2025-09-22,S003,P0007,64,20,0
2025-09-22,S003,P0008,76,20,0
2025-09-22,S003,P0009,56,20,0
2025-09-22,S003,P0010,69,20,0
2025-09-22,S004,P0001,73,20,0
2025-09-22,S004,P0002,80,20,0
2025-09-22,S004,P0003,75,20,0
2025-09-22,S004,P0004,56,20,0
2025-09-22,S004,P0005,21,20,0
2025-09-22,S004,P0006,109,20,0
2025-09-22,S004,P0007,46,20,0
2025-09-22,S004,P0008,115,20,0
2025-09-22,S004,P0009,38,20,0
2025-09-22,S004,P0010,107,20,0
2025-09-22,S005,P0001,56,20,0
2025-09-22,S005,P0002,94,20,0
2025-09-22,S005,P0003,87,20,0
2025-09-22,S005,P0004,66,20,0
2025-09-22,S005,P0005,112,20,0
2025-09-22,S005,P0006,53,20,0
2025-09-22,S005,P0007,114,20,0
2025-09-22,S005,P0008,35,20,0
2025-09-22,S005,P0009,74,20,0
2025-09-22,S005,P0010,27,20,0
2025-09-23,S001,P0001,67,20,0
2025-09-23,S001,P0002,74,20,0
2025-09-23,S001,P0003,42,20,0
2025-09-23,S001,P0004,64,20,0
2025-09-23,S001,P0005,110,20,0
2025-09-23,S001,P0006,102,20,0
2025-09-23,S001,P0007,111,20,0
2025-09-23,S001,P0008,28,20,0
2025-09-23,S001,P0009,61,20,0
2025-09-23,S001,P0010,34,20,0
2025-09-23,S002,P0001,52,20,0
2025-09-23,S002,P0002,22,20,0
2025-09-23,S002,P0003,68,20,0
2025-09-23,S002,P0004,29,20,0
2025-09-23,S002,P0005,39,20,0
2025-09-23,S002,P0006,83,20,0
2025-09-23,S002,P0007,37,20,0
2025-09-23,S002,P0008,57,20,0
2025-09-23,S002,P0009,69,20,0
2025-09-23,S002,P0010,38,20,0
2025-09-23,S003,P0001,71,20,0
2025-09-23,S003,P0002,76,20,0
2025-09-23,S003,P0003,73,20,0
2025-09-23,S003,P0004,36,20,0
2025-09-23,S003,P0005,90,20,0
2025-09-23,S003,P0006,109,20,0
2025-09-23,S003,P0007,64,20,0
2025-09-23,S003,P0008,75,20,0
2025-09-23,S003,P0009,56,20,0
2025-09-23,S003,P0010,68,20,0
2025-09-23,S004,P0001,69,20,0
2025-09-23,S004,P0002,79,20,0
2025-09-23,S004,P0003,74,20,0
2025-09-23,S004,P0004,55,20,0
2025-09-23,S004,P0005,116,20,0
2025-09-23,S004,P0006,105,20,0
2025-09-23,S004,P0007,45,20,0
2025-09-23,S004,P0008,114,20,0
2025-09-23,S004,P0009,36,20,0
2025-09-23,S004,P0010,106,20,0
2025-09-23,S005,P0001,55,20,0
2025-09-23,S005,P0002,91,20,0
2025-09-23,S005,P0003,86,20,0
2025-09-23,S005,P0004,65,20,0
2025-09-23,S005,P0005,108,20,0
2025-09-23,S005,P0006,53,20,0
2025-09-23,S005,P0007,113,20,0
2025-09-23,S005,P0008,34,20,0
2025-09-23,S005,P0009,74,20,0
2025-09-23,S005,P0010,25,20,0
2025-09-24,S001,P0001,64,20,0
2025-09-24,S001,P0002,73,20,0
2025-09-24,S001,P0003,42,20,0
2025-09-24,S001,P0004,64,20,0
2025-09-24,S001,P0005,106,20,0
2025-09-24,S001,P0006,99,20,0
2025-09-24,S001,P0007,110,20,0
2025-09-24,S001,P0008,26,20,0
2025-09-24,S001,P0009,60,20,0
2025-09-24,S001,P0010,33,20,0
2025-09-24,S002,P0001,51,20,0
2025-09-24,S002,P0002,20,20,0
2025-09-24,S002,P0003,67,20,0
2025-09-24,S002,P0004,28,20,0
2025-09-24,S002,P0005,37,20,0
2025-09-24,S002,P0006,83,20,0
2025-09-24,S002,P0007,37,20,0
2025-09-24,S002,P0008,54,20,0
2025-09-24,S002,P0009,68,20,0
2025-09-24,S002,P0010,35,20,0
2025-09-24,S003,P0001,71,20,0
2025-09-24,S003,P0002,72,20,0
2025-09-24,S003,P0003,71,20,0
2025-09-24,S003,P0004,36,20,0
2025-09-24,S003,P0005,89,20,0
2025-09-24,S003,P0006,109,20,0
2025-09-24,S003,P0007,63,20,0
2025-09-24,S003,P0008,74,20,0
2025-09-24,S003,P0009,56,20,0
2025-09-24,S003,P0010,66,20,0
2025-09-24,S004,P0001,69,20,0
2025-09-24,S004,P0002,78,20,0
2025-09-24,S004,P0003,72,20,0
2025-09-24,S004,P0004,53,20,0
2025-09-24,S004,P0005,111,20,0
2025-09-24,S004,P0006,104,20,0
2025-09-24,S004,P0007,45,20,0
2025-09-24,S004,P0008,114,20,0
2025-09-24,S004,P0009,34,20,0
2025-09-24,S004,P0010,103,20,0
2025-09-24,S005,P0001,55,20,0
2025-09-24,S005,P0002,89,20,0
2025-09-24,S005,P0003,84,20,0
2025-09-24,S005,P0004,63,20,0
2025-09-24,S005,P0005,108,20,0
2025-09-24,S005,P0006,51,20,0
2025-09-24,S005,P0007,111,20,0
2025-09-24,S005,P0008,33,20,0
2025-09-24,S005,P0009,73,20,0
2025-09-24,S005,P0010,25,20,0
2025-09-25,S001,P0001,63,20,0
2025-09-25,S001,P0002,72,20,0
2025-09-25,S001,P0003,40,20,0
2025-09-25,S001,P0004,63,20,0
2025-09-25,S001,P0005,104,20,0
2025-09-25,S001,P0006,99,20,0
2025-09-25,S001,P0007,109,20,0
2025-09-25,S001,P0008,25,20,0
2025-09-25,S001,P0009,58,20,0
2025-09-25,S001,P0010,33,20,0
2025-09-25,S002,P0001,49,20,0
2025-09-25,S002,P0002,118,20,0
2025-09-25,S002,P0003,65,20,0
2025-09-25,S002,P0004,26,20,0
2025-09-25,S002,P0005,36,20,0
2025-09-25,S002,P0006,82,20,0
2025-09-25,S002,P0007,36,20,0
2025-09-25,S002,P0008,54,20,0
2025-09-25,S002,P0009,67,20,0
2025-09-25,S002,P0010,35,20,0
2025-09-25,S003,P0001,69,20,0
2025-09-25,S003,P0002,70,20,0
2025-09-25,S003,P0003,70,20,0
2025-09-25,S003,P0004,35,20,0
2025-09-25,S003,P0005,84,20,0
2025-09-25,S003,P0006,108,20,0
2025-09-25,S003,P0007,62,20,0
2025-09-25,S003,P0008,74,20,0
2025-09-25,S003,P0009,56,20,0
2025-09-25,S003,P0010,66,20,0
2025-09-25,S004,P0001,63,20,0
2025-09-25,S004,P0002,76,20,0
2025-09-25,S004,P0003,71,20,0
2025-09-25,S004,P0004,53,20,0
2025-09-25,S004,P0005,108,20,0
2025-09-25,S004,P0006,103,20,0
2025-09-25,S004,P0007,44,20,0
2025-09-25,S004,P0008,114,20,0
2025-09-25,S004,P0009,32,20,0
2025-09-25,S004,P0010,103,20,0
2025-09-25,S005,P0001,54,20,0
2025-09-25,S005,P0002,88,20,0
2025-09-25,S005,P0003,83,20,0
2025-09-25,S005,P0004,63,20,0
2025-09-25,S005,P0005,106,20,0
2025-09-25,S005,P0006,51,20,0
2025-09-25,S005,P0007,109,20,0
2025-09-25,S005,P0008,32,20,0
2025-09-25,S005,P0009,71,20,0
2025-09-25,S005,P0010,25,20,0
2025-09-26,S001,P0001,62,20,0
2025-09-26,S001,P0002,71,20,0
2025-09-26,S001,P0003,39,20,0
2025-09-26,S001,P0004,62,20,0
2025-09-26,S001,P0005,101,20,0
2025-09-26,S001,P0006,98,20,0
2025-09-26,S001,P0007,108,20,0
2025-09-26,S001,P0008,24,20,0
2025-09-26,S001,P0009,58,20,0
2025-09-26,S001,P0010,33,20,0
2025-09-26,S002,P0001,45,20,0
2025-09-26,S002,P0002,118,20,0
2025-09-26,S002,P0003,64,20,0
2025-09-26,S002,P0004,24,20,0
2025-09-26,S002,P0005,32,20,0
2025-09-26,S002,P0006,79,20,0
2025-09-26,S002,P0007,36,20,0
2025-09-26,S002,P0008,54,20,0
2025-09-26,S002,P0009,66,20,0
2025-09-26,S002,P0010,31,20,0
2025-09-26,S003,P0001,68,20,0
2025-09-26,S003,P0002,69,20,0
2025-09-26,S003,P0003,70,20,0
2025-09-26,S003,P0004,35,20,0
2025-09-26,S003,P0005,81,20,0
2025-09-26,S003,P0006,108,20,0
2025-09-26,S003,P0007,60,20,0
2025-09-26,S003,P0008,72,20,0
2025-09-26,S003,P0009,54,20,0
2025-09-26,S003,P0010,64,20,0
2025-09-26,S004,P0001,62,20,0
2025-09-26,S004,P0002,73,20,0
2025-09-26,S004,P0003,68,20,0
2025-09-26,S004,P0004,53,20,0
2025-09-26,S004,P0005,106,20,0
2025-09-26,S004,P0006,101,20,0
2025-09-26,S004,P0007,43,20,0
2025-09-26,S004,P0008,113,20,0
2025-09-26,S004,P0009,31,20,0
2025-09-26,S004,P0010,101,20,0
2025-09-26,S005,P0001,52,20,0
2025-09-26,S005,P0002,87,20,0
2025-09-26,S005,P0003,83,20,0
2025-09-26,S005,P0004,62,20,0
2025-09-26,S005,P0005,105,20,0
2025-09-26,S005,P0006,51,20,0
2025-09-26,S005,P0007,108,20,0
2025-09-26,S005,P0008,31,20,0
2025-09-26,S005,P0009,70,20,0
2025-09-26,S005,P0010,25,20,0
2025-09-27,S001,P0001,61,20,0
2025-09-27,S001,P0002,69,20,0
2025-09-27,S001,P0003,39,20,0
2025-09-27,S001,P0004,62,20,0
2025-09-27,S001,P0005,100,20,0
2025-09-27,S001,P0006,98,20,0
2025-09-27,S001,P0007,107,20,0
2025-09-27,S001,P0008,22,20,0
2025-09-27,S001,P0009,58,20,0
2025-09-27,S001,P0010,32,20,0
2025-09-27,S002,P0001,45,20,0
2025-09-27,S002,P0002,117,20,0
2025-09-27,S002,P0003,64,20,0
2025-09-27,S002,P0004,24,20,0
2025-09-27,S002,P0005,28,20,0
2025-09-27,S002,P0006,79,20,0
2025-09-27,S002,P0007,36,20,0
2025-09-27,S002,P0008,52,20,0
2025-09-27,S002,P0009,65,20,0
2025-09-27,S002,P0010,25,20,0
2025-09-27,S003,P0001,68,20,0
2025-09-27,S003,P0002,68,20,0
2025-09-27,S003,P0003,70,20,0
2025-09-27,S003,P0004,34,20,0
2025-09-27,S003,P0005,79,20,0
2025-09-27,S003,P0006,107,20,0
2025-09-27,S003,P0007,58,20,0
2025-09-27,S003,P0008,69,20,0
2025-09-27,S003,P0009,51,20,0
2025-09-27,S003,P0010,63,20,0
2025-09-27,S004,P0001,61,20,0
2025-09-27,S004,P0002,71,20,0
2025-09-27,S004,P0003,66,20,0
2025-09-27,S004,P0004,51,20,0
2025-09-27,S004,P0005,103,20,0
2025-09-27,S004,P0006,101,20,0
2025-09-27,S004,P0007,43,20,0
2025-09-27,S004,P0008,110,20,0
2025-09-27,S004,P0009,29,20,0
2025-09-27,S004,P0010,101,20,0
2025-09-27,S005,P0001,50,20,0
2025-09-27,S005,P0002,85,20,0
2025-09-27,S005,P0003,81,20,0
2025-09-27,S005,P0004,62,20,0
2025-09-27,S005,P0005,101,20,0
2025-09-27,S005,P0006,49,20,0
2025-09-27,S005,P0007,105,20,0
2025-09-27,S005,P0008,29,20,0
2025-09-27,S005,P0009,67,20,0
2025-09-27,S005,P0010,23,20,0
2025-09-28,S001,P0001,61,20,0
2025-09-28,S001,P0002,64,20,0
2025-09-28,S001,P0003,39,20,0
2025-09-28,S001,P0004,61,20,0
2025-09-28,S001,P0005,97,20,0
2025-09-28,S001,P0006,98,20,0
2025-09-28,S001,P0007,106,20,0
2025-09-28,S001,P0008,21,20,0
2025-09-28,S001,P0009,53,20,0
2025-09-28,S001,P0010,30,20,0
2025-09-28,S002,P0001,42,20,0
2025-09-28,S002,P0002,115,20,0
2025-09-28,S002,P0003,64,20,0
2025-09-28,S002,P0004,24,20,0
2025-09-28,S002,P0005,28,20,0
2025-09-28,S002,P0006,79,20,0
2025-09-28,S002,P0007,34,20,0
2025-09-28,S002,P0008,51,20,0
2025-09-28,S002,P0009,64,20,0
2025-09-28,S002,P0010,24,20,0
2025-09-28,S003,P0001,66,20,0
2025-09-28,S003,P0002,68,20,0
2025-09-28,S003,P0003,70,20,0
2025-09-28,S003,P0004,33,20,0
2025-09-28,S003,P0005,78,20,0
2025-09-28,S003,P0006,107,20,0
2025-09-28,S003,P0007,57,20,0
2025-09-28,S003,P0008,68,20,0
2025-09-28,S003,P0009,45,20,0
2025-09-28,S003,P0010,61,20,0
2025-09-28,S004,P0001,60,20,0
2025-09-28,S004,P0002,70,20,0
2025-09-28,S004,P0003,63,20,0
2025-09-28,S004,P0004,51,20,0
2025-09-28,S004,P0005,102,20,0
2025-09-28,S004,P0006,101,20,0
2025-09-28,S004,P0007,43,20,0
2025-09-28,S004,P0008,110,20,0
2025-09-28,S004,P0009,27,20,0
2025-09-28,S004,P0010,101,20,0
2025-09-28,S005,P0001,50,20,0
2025-09-28,S005,P0002,83,20,0
2025-09-28,S005,P0003,81,20,0
2025-09-28,S005,P0004,62,20,0
2025-09-28,S005,P0005,98,20,0
2025-09-28,S005,P0006,48,20,0
2025-09-28,S005,P0007,103,20,0
2025-09-28,S005,P0008,27,20,0
2025-09-28,S005,P0009,66,20,0
2025-09-28,S005,P0010,23,20,0
2025-09-29,S001,P0001,61,20,0
2025-09-29,S001,P0002,62,20,0
2025-09-29,S001,P0003,39,20,0
2025-09-29,S001,P0004,60,20,0
2025-09-29,S001,P0005,92,20,0
2025-09-29,S001,P0006,97,20,0
2025-09-29,S001,P0007,106,20,0
2025-09-29,S001,P0008,117,20,0
2025-09-29,S001,P0009,50,20,0
2025-09-29,S001,P0010,29,20,0
2025-09-29,S002,P0001,41,20,0
2025-09-29,S002,P0002,111,20,0
2025-09-29,S002,P0003,61,20,0
2025-09-29,S002,P0004,23,20,0
2025-09-29,S002,P0005,21,20,0
2025-09-29,S002,P0006,77,20,0
2025-09-29,S002,P0007,33,20,0
2025-09-29,S002,P0008,50,20,0
2025-09-29,S002,P0009,62,20,0
2025-09-29,S002,P0010,21,20,0
2025-09-29,S003,P0001,65,20,0
2025-09-29,S003,P0002,67,20,0
2025-09-29,S003,P0003,70,20,0
2025-09-29,S003,P0004,32,20,0
2025-09-29,S003,P0005,77,20,0
2025-09-29,S003,P0006,106,20,0
2025-09-29,S003,P0007,56,20,0
2025-09-29,S003,P0008,66,20,0
2025-09-29,S003,P0009,41,20,0
2025-09-29,S003,P0010,60,20,0
2025-09-29,S004,P0001,56,20,0
2025-09-29,S004,P0002,69,20,0
2025-09-29,S004,P0003,62,20,0
2025-09-29,S004,P0004,49,20,0
2025-09-29,S004,P0005,100,20,0
2025-09-29,S004,P0006,100,20,0
2025-09-29,S004,P0007,43,20,0
2025-09-29,S004,P0008,107,20,0
2025-09-29,S004,P0009,24,20,0
2025-09-29,S004,P0010,99,20,0
2025-09-29,S005,P0001,50,20,0
2025-09-29,S005,P0002,80,20,0
2025-09-29,S005,P0003,80,20,0
2025-09-29,S005,P0004,59,20,0
2025-09-29,S005,P0005,96,20,0
2025-09-29,S005,P0006,48,20,0
2025-09-29,S005,P0007,102,20,0
2025-09-29,S005,P0008,27,20,0
2025-09-29,S005,P0009,65,20,0
2025-09-29,S005,P0010,21,20,0
2025-09-30,S001,P0001,60,20,0
2025-09-30,S001,P0002,59,20,0
2025-09-30,S001,P0003,39,20,0
2025-09-30,S001,P0004,59,20,0
2025-09-30,S001,P0005,86,20,0
2025-09-30,S001,P0006,97,20,0
2025-09-30,S001,P0007,105,20,0
2025-09-30,S001,P0008,117,20,0
2025-09-30,S001,P0009,49,20,0
2025-09-30,S001,P0010,29,20,0
2025-09-30,S002,P0001,39,20,0
2025-09-30,S002,P0002,111,20,0
2025-09-30,S002,P0003,60,20,0
2025-09-30,S002,P0004,21,20,0
2025-09-30,S002,P0005,117,20,0
2025-09-30,S002,P0006,75,20,0
2025-09-30,S002,P0007,33,20,0
2025-09-30,S002,P0008,50,20,0
2025-09-30,S002,P0009,57,20,0
2025-09-30,S002,P0010,20,20,0
2025-09-30,S003,P0001,63,20,0
2025-09-30,S003,P0002,65,20,0
2025-09-30,S003,P0003,67,20,0
2025-09-30,S003,P0004,31,20,0
2025-09-30,S003,P0005,73,20,0
2025-09-30,S003,P0006,106,20,0
2025-09-30,S003,P0007,55,20,0
2025-09-30,S003,P0008,65,20,0
2025-09-30,S003,P0009,41,20,0
2025-09-30,S003,P0010,55,20,0
2025-09-30,S004,P0001,55,20,0
2025-09-30,S004,P0002,68,20,0
2025-09-30,S004,P0003,61,20,0
2025-09-30,S004,P0004,49,20,0
2025-09-30,S004,P0005,95,20,0
2025-09-30,S004,P0006,99,20,0
2025-09-30,S004,P0007,42,20,0
2025-09-30,S004,P0008,106,20,0
2025-09-30,S004,P0009,22,20,0
2025-09-30,S004,P0010,98,20,0
2025-09-30,S005,P0001,49,20,0
2025-09-30,S005,P0002,79,20,0
2025-09-30,S005,P0003,79,20,0
2025-09-30,S005,P0004,57,20,0
2025-09-30,S005,P0005,93,20,0
2025-09-30,S005,P0006,48,20,0
2025-09-30,S005,P0007,102,20,0
2025-09-30,S005,P0008,26,20,0
2025-09-30,S005,P0009,65,20,0
2025-09-30,S005,P0010,20,20,0
2025-10-01,S001,P0001,59,20,0
2025-10-01,S001,P0002,57,20,0
2025-10-01,S001,P0003,36,20,0
2025-10-01,S001,P0004,57,20,0
2025-10-01,S001,P0005,85,20,0
2025-10-01,S001,P0006,97,20,0
2025-10-01,S001,P0007,105,20,0
2025-10-01,S001,P0008,117,20,0
2025-10-01,S001,P0009,48,20,0
2025-10-01,S001,P0010,27,20,0
2025-10-01,S002,P0001,37,20,0
2025-10-01,S002,P0002,110,20,0
2025-10-01,S002,P0003,59,20,0
2025-10-01,S002,P0004,21,20,0
2025-10-01,S002,P0005,111,20,0
2025-10-01,S002,P0006,75,20,0
2025-10-01,S002,P0007,32,20,0
2025-10-01,S002,P0008,49,20,0
2025-10-01,S002,P0009,56,20,0
2025-10-01,S002,P0010,20,20,0
2025-10-01,S003,P0001,59,20,0
2025-10-01,S003,P0002,63,20,0
2025-10-01,S003,P0003,65,20,0
2025-10-01,S003,P0004,30,20,0
2025-10-01,S003,P0005,67,20,0
2025-10-01,S003,P0006,106,20,0
2025-10-01,S003,P0007,55,20,0
2025-10-01,S003,P0008,62,20,0
2025-10-01,S003,P0009,39,20,0
2025-10-01,S003,P0010,55,20,0
2025-10-01,S004,P0001,54,20,0
2025-10-01,S004,P0002,66,20,0
2025-10-01,S004,P0003,57,20,0
2025-10-01,S004,P0004,48,20,0
2025-10-01,S004,P0005,93,20,0
2025-10-01,S004,P0006,99,20,0
2025-10-01,S004,P0007,42,20,0
2025-10-01,S004,P0008,106,20,0
2025-10-01,S004,P0009,20,20,0
2025-10-01,S004,P0010,97,20,0
2025-10-01,S005,P0001,48,20,0
2025-10-01,S005,P0002,78,20,0
2025-10-01,S005,P0003,79,20,0
2025-10-01,S005,P0004,56,20,0
2025-10-01,S005,P0005,91,20,0
2025-10-01,S005,P0006,48,20,0
2025-10-01,S005,P0007,100,20,0
2025-10-01,S005,P0008,24,20,0
2025-10-01,S005,P0009,63,20,0
2025-10-01,S005,P0010,119,20,0
2025-10-02,S001,P0001,58,20,0
2025-10-02,S001,P0002,57,20,0
2025-10-02,S001,P0003,36,20,0
2025-10-02,S001,P0004,57,20,0
2025-10-02,S001,P0005,80,20,0
2025-10-02,S001,P0006,97,20,0
2025-10-02,S001,P0007,103,20,0
2025-10-02,S001,P0008,116,20,0
2025-10-02,S001,P0009,43,20,0
2025-10-02,S001,P0010,25,20,0
2025-10-02,S002,P0001,33,20,0
2025-10-02,S002,P0002,109,20,0
2025-10-02,S002,P0003,57,20,0
2025-10-02,S002,P0004,20,20,0
2025-10-02,S002,P0005,108,20,0
2025-10-02,S002,P0006,75,20,0
2025-10-02,S002,P0007,30,20,0
2025-10-02,S002,P0008,49,20,0
2025-10-02,S002,P0009,55,20,0
2025-10-02,S002,P0010,118,20,0
2025-10-02,S003,P0001,58,20,0
2025-10-02,S003,P0002,61,20,0
2025-10-02,S003,P0003,65,20,0
2025-10-02,S003,P0004,29,20,0
2025-10-02,S003,P0005,65,20,0
2025-10-02,S003,P0006,105,20,0
2025-10-02,S003,P0007,54,20,0
2025-10-02,S003,P0008,62,20,0
2025-10-02,S003,P0009,37,20,0
2025-10-02,S003,P0010,54,20,0
2025-10-02,S004,P0001,53,20,0
2025-10-02,S004,P0002,65,20,0
2025-10-02,S004,P0003,54,20,0
2025-10-02,S004,P0004,48,20,0
2025-10-02,S004,P0005,92,20,0
2025-10-02,S004,P0006,98,20,0
2025-10-02,S004,P0007,41,20,0
2025-10-02,S004,P0008,106,20,0
2025-10-02,S004,P0009,119,20,0
2025-10-02,S004,P0010,93,20,0
2025-10-02,S005,P0001,48,20,0
2025-10-02,S005,P0002,75,20,0
2025-10-02,S005,P0003,78,20,0
2025-10-02,S005,P0004,54,20,0
2025-10-02,S005,P0005,90,20,0
2025-10-02,S005,P0006,48,20,0
2025-10-02,S005,P0007,99,20,0
2025-10-02,S005,P0008,24,20,0
2025-10-02,S005,P0009,62,20,0
2025-10-02,S005,P0010,118,20,0
2025-10-03,S001,P0001,56,20,0
2025-10-03,S001,P0002,53,20,0
2025-10-03,S001,P0003,36,20,0
2025-10-03,S001,P0004,57,20,0
2025-10-03,S001,P0005,79,20,0
2025-10-03,S001,P0006,97,20,0
2025-10-03,S001,P0007,102,20,0
2025-10-03,S001,P0008,113,20,0
2025-10-03,S001,P0009,39,20,0
2025-10-03,S001,P0010,24,20,0
2025-10-03,S002,P0001,33,20,0
2025-10-03,S002,P0002,109,20,0
2025-10-03,S002,P0003,57,20,0
2025-10-03,S002,P0004,119,20,0
2025-10-03,S002,P0005,104,20,0
2025-10-03,S002,P0006,73,20,0
2025-10-03,S002,P0007,30,20,0
2025-10-03,S002,P0008,48,20,0
2025-10-03,S002,P0009,51,20,0
2025-10-03,S002,P0010,116,20,0
2025-10-03,S003,P0001,55,20,0
2025-10-03,S003,P0002,58,20,0
2025-10-03,S003,P0003,64,20,0
2025-10-03,S003,P0004,28,20,0
2025-10-03,S003,P0005,63,20,0
2025-10-03,S003,P0006,105,20,0
2025-10-03,S003,P0007,53,20,0
2025-10-03,S003,P0008,59,20,0
2025-10-03,S003,P0009,37,20,0
2025-10-03,S003,P0010,53,20,0
2025-10-03,S004,P0001,50,20,0
2025-10-03,S004,P0002,64,20,0
2025-10-03,S004,P0003,54,20,0
2025-10-03,S004,P0004,48,20,0
2025-10-03,S004,P0005,90,20,0
2025-10-03,S004,P0006,97,20,0
2025-10-03,S004,P0007,39,20,0
2025-10-03,S004,P0008,104,20,0
2025-10-03,S004,P0009,117,20,0
2025-10-03,S004,P0010,93,20,0
2025-10-03,S005,P0001,46,20,0
2025-10-03,S005,P0002,70,20,0
2025-10-03,S005,P0003,75,20,0
2025-10-03,S005,P0004,52,20,0
2025-10-03,S005,P0005,86,20,0
2025-10-03,S005,P0006,47,20,0
2025-10-03,S005,P0007,95,20,0
2025-10-03,S005,P0008,22,20,0
2025-10-03,S005,P0009,61,20,0
2025-10-03,S005,P0010,118,20,0
2025-10-04,S001,P0001,55,20,0
2025-10-04,S001,P0002,50,20,0
2025-10-04,S001,P0003,36,20,0
2025-10-04,S001,P0004,54,20,0
2025-10-04,S001,P0005,78,20,0
2025-10-04,S001,P0006,96,20,0
2025-10-04,S001,P0007,101,20,0
2025-10-04,S001,P0008,113,20,0
2025-10-04,S001,P0009,38,20,0
2025-10-04,S001,P0010,23,20,0
2025-10-04,S002,P0001,30,20,0
2025-10-04,S002,P0002,107,20,0
2025-10-04,S002,P0003,53,20,0
2025-10-04,S002,P0004,119,20,0
2025-10-04,S002,P0005,102,20,0
2025-10-04,S002,P0006,72,20,0
2025-10-04,S002,P0007,28,20,0
2025-10-04,S002,P0008,45,20,0
2025-10-04,S002,P0009,50,20,0
2025-10-04,S002,P0010,116,20,0
2025-10-04,S003,P0001,53,20,0
2025-10-04,S003,P0002,58,20,0
2025-10-04,S003,P0003,62,20,0
2025-10-04,S003,P0004,27,20,0
2025-10-04,S003,P0005,60,20,0
2025-10-04,S003,P0006,103,20,0
2025-10-04,S003,P0007,51,20,0
2025-10-04,S003,P0008,58,20,0
2025-10-04,S003,P0009,34,20,0
2025-10-04,S003,P0010,52,20,0
2025-10-04,S004,P0001,48,20,0
2025-10-04,S004,P0002,63,20,0
2025-10-04,S004,P0003,54,20,0
2025-10-04,S004,P0004,47,20,0
2025-10-04,S004,P0005,89,20,0
2025-10-04,S004,P0006,96,20,0
2025-10-04,S004,P0007,38,20,0
2025-10-04,S004,P0008,103,20,0
2025-10-04,S004,P0009,116,20,0
2025-10-04,S004,P0010,92,20,0
2025-10-04,S005,P0001,43,20,0
2025-10-04,S005,P0002,66,20,0
2025-10-04,S005,P0003,75,20,0
2025-10-04,S005,P0004,50,20,0
2025-10-04,S005,P0005,83,20,0
2025-10-04,S005,P0006,47,20,0
2025-10-04,S005,P0007,95,20,0
2025-10-04,S005,P0008,119,20,0
2025-10-04,S005,P0009,60,20,0
2025-10-04,S005,P0010,115,20,0
2025-10-05,S001,P0001,53,20,0
2025-10-05,S001,P0002,50,20,0
2025-10-05,S001,P0003,36,20,0
2025-10-05,S001,P0004,52,20,0
2025-10-05,S001,P0005,74,20,0
2025-10-05,S001,P0006,96,20,0
2025-10-05,S001,P0007,101,20,0
2025-10-05,S001,P0008,112,20,0
2025-10-05,S001,P0009,37,20,0
2025-10-05,S001,P0010,21,20,0
2025-10-05,S002,P0001,28,20,0
2025-10-05,S002,P0002,105,20,0
2025-10-05,S002,P0003,52,20,0
2025-10-05,S002,P0004,119,20,0
2025-10-05,S002,P0005,97,20,0
2025-10-05,S002,P0006,72,20,0
2025-10-05,S002,P0007,28,20,0
2025-10-05,S002,P0008,44,20,0
2025-10-05,S002,P0009,49,20,0
2025-10-05,S002,P0010,114,20,0
2025-10-05,S003,P0001,53,20,0
2025-10-05,S003,P0002,58,20,0
2025-10-05,S003,P0003,62,20,0
2025-10-05,S003,P0004,26,20,0
2025-10-05,S003,P0005,56,20,0
2025-10-05,S003,P0006,103,20,0
2025-10-05,S003,P0007,51,20,0
2025-10-05,S003,P0008,58,20,0
2025-10-05,S003,P0009,33,20,0
2025-10-05,S003,P0010,52,20,0
2025-10-05,S004,P0001,48,20,0
2025-10-05,S004,P0002,61,20,0
2025-10-05,S004,P0003,52,20,0
2025-10-05,S004,P0004,45,20,0
2025-10-05,S004,P0005,87,20,0
2025-10-05,S004,P0006,95,20,0
2025-10-05,S004,P0007,37,20,0
2025-10-05,S004,P0008,103,20,0
2025-10-05,S004,P0009,115,20,0
2025-10-05,S004,P0010,91,20,0
2025-10-05,S005,P0001,42,20,0
2025-10-05,S005,P0002,65,20,0
2025-10-05,S005,P0003,74,20,0
2025-10-05,S005,P0004,47,20,0
2025-10-05,S005,P0005,82,20,0
2025-10-05,S005,P0006,45,20,0
2025-10-05,S005,P0007,95,20,0
2025-10-05,S005,P0008,119,20,0
2025-10-05,S005,P0009,58,20,0
2025-10-05,S005,P0010,112,20,0
2025-10-06,S001,P0001,52,20,0
2025-10-06,S001,P0002,49,20,0
2025-10-06,S001,P0003,36,20,0
2025-10-06,S001,P0004,52,20,0
2025-10-06,S001,P0005,71,20,0
2025-10-06,S001,P0006,95,20,0
2025-10-06,S001,P0007,100,20,0
2025-10-06,S001,P0008,112,20,0
2025-10-06,S001,P0009,36,20,0
2025-10-06,S001,P0010,20,20,0
2025-10-06,S002,P0001,27,20,0
2025-10-06,S002,P0002,104,20,0
2025-10-06,S002,P0003,52,20,0
2025-10-06,S002,P0004,119,20,0
2025-10-06,S002,P0005,93,20,0
2025-10-06,S002,P0006,72,20,0
2025-10-06,S002,P0007,27,20,0
2025-10-06,S002,P0008,44,20,0
2025-10-06,S002,P0009,47,20,0
2025-10-06,S002,P0010,113,20,0
2025-10-06,S003,P0001,52,20,0
2025-10-06,S003,P0002,58,20,0
2025-10-06,S003,P0003,61,20,0
2025-10-06,S003,P0004,23,20,0
2025-10-06,S003,P0005,53,20,0
2025-10-06,S003,P0006,102,20,0
2025-10-06,S003,P0007,50,20,0
2025-10-06,S003,P0008,58,20,0
2025-10-06,S003,P0009,31,20,0
2025-10-06,S003,P0010,50,20,0
2025-10-06,S004,P0001,47,20,0
2025-10-06,S004,P0002,58,20,0
2025-10-06,S004,P0003,52,20,0
2025-10-06,S004,P0004,43,20,0
2025-10-06,S004,P0005,85,20,0
2025-10-06,S004,P0006,95,20,0
2025-10-06,S004,P0007,37,20,0
2025-10-06,S004,P0008,101,20,0
2025-10-06,S004,P0009,114,20,0
2025-10-06,S004,P0010,87,20,0
2025-10-06,S005,P0001,40,20,0
2025-10-06,S005,P0002,64,20,0
2025-10-06,S005,P0003,74,20,0
2025-10-06,S005,P0004,44,20,0
2025-10-06,S005,P0005,79,20,0
2025-10-06,S005,P0006,44,20,0
2025-10-06,S005,P0007,95,20,0
2025-10-06,S005,P0008,119,20,0
2025-10-06,S005,P0009,56,20,0
2025-10-06,S005,P0010,112,20,0
2025-10-07,S001,P0001,51,20,0
2025-10-07,S001,P0002,49,20,0
2025-10-07,S001,P0003,36,20,0
2025-10-07,S001,P0004,50,20,0
2025-10-07,S001,P0005,70,20,0
2025-10-07,S001,P0006,95,20,0
2025-10-07,S001,P0007,100,20,0
2025-10-07,S001,P0008,112,20,0
2025-10-07,S001,P0009,35,20,0
2025-10-07,S001,P0010,20,20,0
2025-10-07,S002,P0001,27,20,0
2025-10-07,S002,P0002,101,20,0
2025-10-07,S002,P0003,52,20,0
2025-10-07,S002,P0004,119,20,0
2025-10-07,S002,P0005,93,20,0
2025-10-07,S002,P0006,72,20,0
2025-10-07,S002,P0007,25,20,0
2025-10-07,S002,P0008,44,20,0
2025-10-07,S002,P0009,45,20,0
2025-10-07,S002,P0010,109,20,0
2025-10-07,S003,P0001,49,20,0
2025-10-07,S003,P0002,56,20,0
2025-10-07,S003,P0003,60,20,0
2025-10-07,S003,P0004,20,20,0
2025-10-07,S003,P0005,51,20,0
2025-10-07,S003,P0006,102,20,0
2025-10-07,S003,P0007,50,20,0
2025-10-07,S003,P0008,57,20,0
2025-10-07,S003,P0009,29,20,0
2025-10-07,S003,P0010,49,20,0
2025-10-07,S004,P0001,47,20,0
2025-10-07,S004,P0002,55,20,0
2025-10-07,S004,P0003,49,20,0
2025-10-07,S004,P0004,43,20,0
2025-10-07,S004,P0005,82,20,0
2025-10-07,S004,P0006,95,20,0
2025-10-07,S004,P0007,37,20,0
2025-10-07,S004,P0008,99,20,0
2025-10-07,S004,P0009,113,20,0
2025-10-07,S004,P0010,87,20,0
2025-10-07,S005,P0001,40,20,0
2025-10-07,S005,P0002,63,20,0
2025-10-07,S005,P0003,71,20,0
2025-10-07,S005,P0004,42,20,0
2025-10-07,S005,P0005,78,20,0
2025-10-07,S005,P0006,44,20,0
2025-10-07,S005,P0007,93,20,0
2025-10-07,S005,P0008,119,20,0
2025-10-07,S005,P0009,54,20,0
2025-10-07,S005,P0010,111,20,0
2025-10-08,S001,P0001,49,20,0
2025-10-08,S001,P0002,47,20,0
2025-10-08,S001,P0003,33,20,0
2025-10-08,S001,P0004,50,20,0
2025-10-08,S001,P0005,69,20,0
2025-10-08,S001,P0006,95,20,0
2025-10-08,S001,P0007,100,20,0
2025-10-08,S001,P0008,111,20,0
2025-10-08,S001,P0009,33,20,0
2025-10-08,S001,P0010,119,20,0
2025-10-08,S002,P0001,27,20,0
2025-10-08,S002,P0002,99,20,0
2025-10-08,S002,P0003,51,20,0
2025-10-08,S002,P0004,118,20,0
2025-10-08,S002,P0005,91,20,0
2025-10-08,S002,P0006,72,20,0
2025-10-08,S002,P0007,24,20,0
2025-10-08,S002,P0008,40,20,0
2025-10-08,S002,P0009,45,20,0
2025-10-08,S002,P0010,108,20,0
2025-10-08,S003,P0001,47,20,0
2025-10-08,S003,P0002,54,20,0
2025-10-08,S003,P0003,60,20,0
2025-10-08,S003,P0004,119,20,0
2025-10-08,S003,P0005,49,20,0
2025-10-08,S003,P0006,102,20,0
2025-10-08,S003,P0007,49,20,0
2025-10-08,S003,P0008,55,20,0
2025-10-08,S003,P0009,26,20,0
2025-10-08,S003,P0010,49,20,0
2025-10-08,S004,P0001,44,20,0
2025-10-08,S004,P0002,53,20,0
2025-10-08,S004,P0003,48,20,0
2025-10-08,S004,P0004,42,20,0
2025-10-08,S004,P0005,80,20,0
2025-10-08,S004,P0006,95,20,0
2025-10-08,S004,P0007,36,20,0
2025-10-08,S004,P0008,97,20,0
2025-10-08,S004,P0009,111,20,0
2025-10-08,S004,P0010,86,20,0
2025-10-08,S005,P0001,38,20,0
2025-10-08,S005,P0002,61,20,0
2025-10-08,S005,P0003,69,20,0
2025-10-08,S005,P0004,42,20,0
2025-10-08,S005,P0005,75,20,0
2025-10-08,S005,P0006,44,20,0
2025-10-08,S005,P0007,92,20,0
2025-10-08,S005,P0008,115,20,0
2025-10-08,S005,P0009,53,20,0
2025-10-08,S005,P0010,110,20,0
2025-10-09,S001,P0001,49,20,0
2025-10-09,S001,P0002,47,20,0
2025-10-09,S001,P0003,33,20,0
2025-10-09,S001,P0004,50,20,0
2025-10-09,S001,P0005,68,20,0
2025-10-09,S001,P0006,94,20,0
2025-10-09,S001,P0007,100,20,0
2025-10-09,S001,P0008,109,20,0
2025-10-09,S001,P0009,31,20,0
2025-10-09,S001,P0010,119,20,0
2025-10-09,S002,P0001,25,20,0
2025-10-09,S002,P0002,98,20,0
2025-10-09,S002,P0003,50,20,0
2025-10-09,S002,P0004,117,20,0
2025-10-09,S002,P0005,91,20,0
2025-10-09,S002,P0006,69,20,0
2025-10-09,S002,P0007,21,20,0
2025-10-09,S002,P0008,39,20,0
2025-10-09,S002,P0009,43,20,0
2025-10-09,S002,P0010,104,20,0
2025-10-09,S003,P0001,47,20,0
2025-10-09,S003,P0002,53,20,0
2025-10-09,S003,P0003,59,20,0
2025-10-09,S003,P0004,119,20,0
2025-10-09,S003,P0005,43,20,0
2025-10-09,S003,P0006,102,20,0
2025-10-09,S003,P0007,48,20,0
2025-10-09,S003,P0008,55,20,0
2025-10-09,S003,P0009,24,20,0
2025-10-09,S003,P0010,48,20,0
2025-10-09,S004,P0001,43,20,0
2025-10-09,S004,P0002,53,20,0
2025-10-09,S004,P0003,48,20,0
2025-10-09,S004,P0004,39,20,0
2025-10-09,S004,P0005,78,20,0
2025-10-09,S004,P0006,95,20,0
2025-10-09,S004,P0007,35,20,0
2025-10-09,S004,P0008,91,20,0
2025-10-09,S004,P0009,109,20,0
2025-10-09,S004,P0010,85,20,0
2025-10-09,S005,P0001,38,20,0
2025-10-09,S005,P0002,60,20,0
2025-10-09,S005,P0003,69,20,0
2025-10-09,S005,P0004,42,20,0
2025-10-09,S005,P0005,74,20,0
2025-10-09,S005,P0006,43,20,0
2025-10-09,S005,P0007,90,20,0
2025-10-09,S005,P0008,113,20,0
2025-10-09,S005,P0009,51,20,0
2025-10-09,S005,P0010,108,20,0
2025-10-10,S001,P0001,49,20,0
2025-10-10,S001,P0002,46,20,0
2025-10-10,S001,P0003,32,20,0
2025-10-10,S001,P0004,50,20,0
2025-10-10,S001,P0005,64,20,0
2025-10-10,S001,P0006,94,20,0
2025-10-10,S001,P0007,100,20,0
2025-10-10,S001,P0008,108,20,0
2025-10-10,S001,P0009,28,20,0
2025-10-10,S001,P0010,118,20,0
2025-10-10,S002,P0001,23,20,0
2025-10-10,S002,P0002,96,20,0
2025-10-10,S002,P0003,48,20,0
2025-10-10,S002,P0004,117,20,0
2025-10-10,S002,P0005,90,20,0
2025-10-10,S002,P0006,68,20,0
2025-10-10,S002,P0007,117,20,0
2025-10-10,S002,P0008,38,20,0
2025-10-10,S002,P0009,41,20,0
2025-10-10,S002,P0010,100,20,0
2025-10-10,S003,P0001,44,20,0
2025-10-10,S003,P0002,51,20,0
2025-10-10,S003,P0003,58,20,0
2025-10-10,S003,P0004,117,20,0
2025-10-10,S003,P0005,41,20,0
2025-10-10,S003,P0006,101,20,0
2025-10-10,S003,P0007,48,20,0
2025-10-10,S003,P0008,53,20,0
2025-10-10,S003,P0009,20,20,0
2025-10-10,S003,P0010,47,20,0
2025-10-10,S004,P0001,40,20,0
2025-10-10,S004,P0002,52,20,0
2025-10-10,S004,P0003,47,20,0
2025-10-10,S004,P0004,38,20,0
2025-10-10,S004,P0005,75,20,0
2025-10-10,S004,P0006,95,20,0
2025-10-10,S004,P0007,34,20,0
2025-10-10,S004,P0008,90,20,0
2025-10-10,S004,P0009,109,20,0
2025-10-10,S004,P0010,84,20,0
2025-10-10,S005,P0001,33,20,0
2025-10-10,S005,P0002,59,20,0
2025-10-10,S005,P0003,68,20,0
2025-10-10,S005,P0004,42,20,0
2025-10-10,S005,P0005,72,20,0
2025-10-10,S005,P0006,43,20,0
2025-10-10,S005,P0007,88,20,0
2025-10-10,S005,P0008,113,20,0
2025-10-10,S005,P0009,48,20,0
2025-10-10,S005,P0010,108,20,0
2025-10-11,S001,P0001,44,20,0
2025-10-11,S001,P0002,42,20,0
2025-10-11,S001,P0003,30,20,0
2025-10-11,S001,P0004,47,20,0
2025-10-11,S001,P0005,63,20,0
2025-10-11,S001,P0006,94,20,0
2025-10-11,S001,P0007,98,20,0
2025-10-11,S001,P0008,107,20,0
2025-10-11,S001,P0009,24,20,0
2025-10-11,S001,P0010,118,20,0
2025-10-11,S002,P0001,21,20,0
2025-10-11,S002,P0002,93,20,0
2025-10-11,S002,P0003,47,20,0
2025-10-11,S002,P0004,115,20,0
2025-10-11,S002,P0005,88,20,0
2025-10-11,S002,P0006,68,20,0
2025-10-11,S002,P0007,116,20,0
2025-10-11,S002,P0008,37,20,0
2025-10-11,S002,P0009,38,20,0
2025-10-11,S002,P0010,95,20,0
2025-10-11,S003,P0001,43,20,0
2025-10-11,S003,P0002,45,20,0
2025-10-11,S003,P0003,56,20,0
2025-10-11,S003,P0004,115,20,0
2025-10-11,S003,P0005,40,20,0
2025-10-11,S003,P0006,101,20,0
2025-10-11,S003,P0007,48,20,0
2025-10-11,S003,P0008,52,20,0
2025-10-11,S003,P0009,119,20,0
2025-10-11,S003,P0010,47,20,0
2025-10-11,S004,P0001,37,20,0
2025-10-11,S004,P0002,52,20,0
2025-10-11,S004,P0003,46,20,0
2025-10-11,S004,P0004,38,20,0
2025-10-11,S004,P0005,73,20,0
2025-10-11,S004,P0006,95,20,0
2025-10-11,S004,P0007,33,20,0
2025-10-11,S004,P0008,89,20,0
2025-10-11,S004,P0009,107,20,0
2025-10-11,S004,P0010,80,20,0
2025-10-11,S005,P0001,31,20,0
2025-10-11,S005,P0002,58,20,0
2025-10-11,S005,P0003,66,20,0
2025-10-11,S005,P0004,41,20,0
2025-10-11,S005,P0005,70,20,0
2025-10-11,S005,P0006,43,20,0
2025-10-11,S005,P0007,87,20,0
2025-10-11,S005,P0008,112,20,0
2025-10-11,S005,P0009,46,20,0
2025-10-11,S005,P0010,108,20,0
2025-10-12,S001,P0001,43,20,0
2025-10-12,S001,P0002,41,20,0
2025-10-12,S001,P0003,29,20,0
2025-10-12,S001,P0004,47,20,0
2025-10-12,S001,P0005,59,20,0
2025-10-12,S001,P0006,93,20,0
2025-10-12,S001,P0007,98,20,0
2025-10-12,S001,P0008,107,20,0
2025-10-12,S001,P0009,24,20,0
2025-10-12,S001,P0010,116,20,0
2025-10-12,S002,P0001,119,20,0
2025-10-12,S002,P0002,93,20,0
2025-10-12,S002,P0003,45,20,0
2025-10-12,S002,P0004,114,20,0
2025-10-12,S002,P0005,84,20,0
2025-10-12,S002,P0006,68,20,0
2025-10-12,S002,P0007,115,20,0
2025-10-12,S002,P0008,36,20,0
2025-10-12,S002,P0009,34,20,0
2025-10-12,S002,P0010,93,20,0
2025-10-12,S003,P0001,42,20,0
2025-10-12,S003,P0002,44,20,0
2025-10-12,S003,P0003,55,20,0
2025-10-12,S003,P0004,115,20,0
2025-10-12,S003,P0005,39,20,0
2025-10-12,S003,P0006,100,20,0
2025-10-12,S003,P0007,47,20,0
2025-10-12,S003,P0008,51,20,0
2025-10-12,S003,P0009,115,20,0
2025-10-12,S003,P0010,46,20,0
2025-10-12,S004,P0001,36,20,0
2025-10-12,S004,P0002,51,20,0
2025-10-12,S004,P0003,46,20,0
2025-10-12,S004,P0004,36,20,0
2025-10-12,S004,P0005,72,20,0
2025-10-12,S004,P0006,94,20,0
2025-10-12,S004,P0007,32,20,0
2025-10-12,S004,P0008,87,20,0
2025-10-12,S004,P0009,105,20,0
2025-10-12,S004,P0010,79,20,0
2025-10-12,S005,P0001,30,20,0
2025-10-12,S005,P0002,58,20,0
2025-10-12,S005,P0003,64,20,0
2025-10-12,S005,P0004,40,20,0
2025-10-12,S005,P0005,69,20,0
2025-10-12,S005,P0006,42,20,0
2025-10-12,S005,P0007,87,20,0
2025-10-12,S005,P0008,110,20,0
2025-10-12,S005,P0009,46,20,0
2025-10-12,S005,P0010,105,20,0
2025-10-13,S001,P0001,43,20,0
2025-10-13,S001,P0002,40,20,0
2025-10-13,S001,P0003,29,20,0
2025-10-13,S001,P0004,46,20,0
2025-10-13,S001,P0005,57,20,0
2025-10-13,S001,P0006,91,20,0
2025-10-13,S001,P0007,98,20,0
2025-10-13,S001,P0008,107,20,0
2025-10-13,S001,P0009,22,20,0
2025-10-13,S001,P0010,116,20,0
2025-10-13,S002,P0001,118,20,0
2025-10-13,S002,P0002,90,20,0
2025-10-13,S002,P0003,43,20,0
2025-10-13,S002,P0004,114,20,0
2025-10-13,S002,P0005,84,20,0
2025-10-13,S002,P0006,65,20,0
2025-10-13,S002,P0007,114,20,0
2025-10-13,S002,P0008,35,20,0
2025-10-13,S002,P0009,32,20,0
2025-10-13,S002,P0010,91,20,0
2025-10-13,S003,P0001,41,20,0
2025-10-13,S003,P0002,44,20,0
2025-10-13,S003,P0003,53,20,0
2025-10-13,S003,P0004,115,20,0
2025-10-13,S003,P0005,38,20,0
2025-10-13,S003,P0006,98,20,0
2025-10-13,S003,P0007,46,20,0
2025-10-13,S003,P0008,50,20,0
2025-10-13,S003,P0009,113,20,0
2025-10-13,S003,P0010,45,20,0
2025-10-13,S004,P0001,35,20,0
2025-10-13,S004,P0002,48,20,0
2025-10-13,S004,P0003,44,20,0
2025-10-13,S004,P0004,36,20,0
2025-10-13,S004,P0005,71,20,0
2025-10-13,S004,P0006,94,20,0
2025-10-13,S004,P0007,32,20,0
2025-10-13,S004,P0008,86,20,0
2025-10-13,S004,P0009,104,20,0
2025-10-13,S004,P0010,78,20,0
2025-10-13,S005,P0001,30,20,0
2025-10-13,S005,P0002,56,20,0
2025-10-13,S005,P0003,62,20,0
2025-10-13,S005,P0004,39,20,0
2025-10-13,S005,P0005,69,20,0
2025-10-13,S005,P0006,42,20,0
2025-10-13,S005,P0007,87,20,0
2025-10-13,S005,P0008,109,20,0
2025-10-13,S005,P0009,44,20,0
2025-10-13,S005,P0010,103,20,0
2025-10-14,S001,P0001,41,20,0
2025-10-14,S001,P0002,38,20,0
2025-10-14,S001,P0003,28,20,0
2025-10-14,S001,P0004,45,20,0
2025-10-14,S001,P0005,54,20,0
2025-10-14,S001,P0006,91,20,0
2025-10-14,S001,P0007,97,20,0
2025-10-14,S001,P0008,103,20,0
2025-10-14,S001,P0009,21,20,0
2025-10-14,S001,P0010,116,20,0
2025-10-14,S002,P0001,118,20,0
2025-10-14,S002,P0002,90,20,0
2025-10-14,S002,P0003,43,20,0
2025-10-14,S002,P0004,113,20,0
2025-10-14,S002,P0005,82,20,0
2025-10-14,S002,P0006,64,20,0
2025-10-14,S002,P0007,113,20,0
2025-10-14,S002,P0008,33,20,0
2025-10-14,S002,P0009,30,20,0
2025-10-14,S002,P0010,89,20,0
2025-10-14,S003,P0001,41,20,0
2025-10-14,S003,P0002,44,20,0
2025-10-14,S003,P0003,52,20,0
2025-10-14,S003,P0004,114,20,0
2025-10-14,S003,P0005,35,20,0
2025-10-14,S003,P0006,98,20,0
2025-10-14,S003,P0007,46,20,0
2025-10-14,S003,P0008,48,20,0
2025-10-14,S003,P0009,112,20,0
2025-10-14,S003,P0010,45,20,0
2025-10-14,S004,P0001,35,20,0
2025-10-14,S004,P0002,46,20,0
2025-10-14,S004,P0003,44,20,0
2025-10-14,S004,P0004,34,20,0
2025-10-14,S004,P0005,70,20,0
2025-10-14,S004,P0006,94,20,0
2025-10-14,S004,P0007,31,20,0
2025-10-14,S004,P0008,86,20,0
2025-10-14,S004,P0009,103,20,0
2025-10-14,S004,P0010,74,20,0
2025-10-14,S005,P0001,29,20,0
2025-10-14,S005,P0002,53,20,0
2025-10-14,S005,P0003,60,20,0
2025-10-14,S005,P0004,39,20,0
2025-10-14,S005,P0005,67,20,0
2025-10-14,S005,P0006,42,20,0
2025-10-14,S005,P0007,86,20,0
2025-10-14,S005,P0008,108,20,0
2025-10-14,S005,P0009,43,20,0
2025-10-14,S005,P0010,102,20,0
2025-10-15,S001,P0001,39,20,0
2025-10-15,S001,P0002,36,20,0
2025-10-15,S001,P0003,25,20,0
2025-10-15,S001,P0004,44,20,0
2025-10-15,S001,P0005,50,20,0
2025-10-15,S001,P0006,89,20,0
2025-10-15,S001,P0007,95,20,0
2025-10-15,S001,P0008,102,20,0
2025-10-15,S001,P0009,21,20,0
2025-10-15,S001,P0010,113,20,0
2025-10-15,S002,P0001,118,20,0
2025-10-15,S002,P0002,85,20,0
2025-10-15,S002,P0003,41,20,0
2025-10-15,S002,P0004,111,20,0
2025-10-15,S002,P0005,77,20,0
2025-10-15,S002,P0006,64,20,0
2025-10-15,S002,P0007,113,20,0
2025-10-15,S002,P0008,30,20,0
2025-10-15,S002,P0009,29,20,0
2025-10-15,S002,P0010,87,20,0
2025-10-15,S003,P0001,40,20,0
2025-10-15,S003,P0002,42,20,0
2025-10-15,S003,P0003,51,20,0
2025-10-15,S003,P0004,114,20,0
2025-10-15,S003,P0005,34,20,0
2025-10-15,S003,P0006,97,20,0
2025-10-15,S003,P0007,45,20,0
2025-10-15,S003,P0008,47,20,0
2025-10-15,S003,P0009,108,20,0
2025-10-15,S003,P0010,45,20,0
2025-10-15,S004,P0001,34,20,0
2025-10-15,S004,P0002,46,20,0
2025-10-15,S004,P0003,43,20,0
2025-10-15,S004,P0004,33,20,0
2025-10-15,S004,P0005,67,20,0
2025-10-15,S004,P0006,94,20,0
2025-10-15,S004,P0007,30,20,0
2025-10-15,S004,P0008,86,20,0
2025-10-15,S004,P0009,103,20,0
2025-10-15,S004,P0010,74,20,0
2025-10-15,S005,P0001,28,20,0
2025-10-15,S005,P0002,53,20,0
2025-10-15,S005,P0003,58,20,0
2025-10-15,S005,P0004,37,20,0
2025-10-15,S005,P0005,63,20,0
2025-10-15,S005,P0006,41,20,0
2025-10-15,S005,P0007,84,20,0
2025-10-15,S005,P0008,107,20,0
2025-10-15,S005,P0009,40,20,0
2025-10-15,S005,P0010,100,20,0
2025-10-16,S001,P0001,36,20,0
2025-10-16,S001,P0002,36,20,0
2025-10-16,S001,P0003,24,20,0
2025-10-16,S001,P0004,44,20,0
2025-10-16,S001,P0005,49,20,0
2025-10-16,S001,P0006,89,20,0
2025-10-16,S001,P0007,94,20,0
2025-10-16,S001,P0008,100,20,0
2025-10-16,S001,P0009,20,20,0
2025-10-16,S001,P0010,112,20,0
2025-10-16,S002,P0001,116,20,0
2025-10-16,S002,P0002,83,20,0
2025-10-16,S002,P0003,40,20,0
2025-10-16,S002,P0004,111,20,0
2025-10-16,S002,P0005,75,20,0
2025-10-16,S002,P0006,63,20,0
2025-10-16,S002,P0007,111,20,0
2025-10-16,S002,P0008,30,20,0
2025-10-16,S002,P0009,29,20,0
2025-10-16,S002,P0010,85,20,0
2025-10-16,S003,P0001,40,20,0
2025-10-16,S003,P0002,39,20,0
2025-10-16,S003,P0003,50,20,0
2025-10-16,S003,P0004,111,20,0
2025-10-16,S003,P0005,32,20,0
2025-10-16,S003,P0006,97,20,0
2025-10-16,S003,P0007,45,20,0
2025-10-16,S003,P0008,47,20,0
2025-10-16,S003,P0009,106,20,0
2025-10-16,S003,P0010,45,20,0
2025-10-16,S004,P0001,34,20,0
2025-10-16,S004,P0002,43,20,0
2025-10-16,S004,P0003,41,20,0
2025-10-16,S004,P0004,33,20,0
2025-10-16,S004,P0005,67,20,0
2025-10-16,S004,P0006,94,20,0
2025-10-16,S004,P0007,29,20,0
2025-10-16,S004,P0008,83,20,0
2025-10-16,S004,P0009,103,20,0
2025-10-16,S004,P0010,73,20,0
2025-10-16,S005,P0001,25,20,0
2025-10-16,S005,P0002,49,20,0
2025-10-16,S005,P0003,57,20,0
2025-10-16,S005,P0004,31,20,0
2025-10-16,S005,P0005,61,20,0
2025-10-16,S005,P0006,41,20,0
2025-10-16,S005,P0007,84,20,0
2025-10-16,S005,P0008,106,20,0
2025-10-16,S005,P0009,35,20,0
2025-10-16,S005,P0010,99,20,0
2025-10-17,S001,P0001,35,20,0
2025-10-17,S001,P0002,36,20,0
2025-10-17,S001,P0003,24,20,0
2025-10-17,S001,P0004,43,20,0
2025-10-17,S001,P0005,46,20,0
2025-10-17,S001,P0006,89,20,0
2025-10-17,S001,P0007,92,20,0
2025-10-17,S001,P0008,100,20,0
2025-10-17,S001,P0009,116,20,0
2025-10-17,S001,P0010,112,20,0
2025-10-17,S002,P0001,116,20,0
2025-10-17,S002,P0002,82,20,0
2025-10-17,S002,P0003,38,20,0
2025-10-17,S002,P0004,109,20,0
2025-10-17,S002,P0005,73,20,0
2025-10-17,S002,P0006,63,20,0
2025-10-17,S002,P0007,110,20,0
2025-10-17,S002,P0008,29,20,0
2025-10-17,S002,P0009,26,20,0
2025-10-17,S002,P0010,84,20,0
2025-10-17,S003,P0001,39,20,0
2025-10-17,S003,P0002,34,20,0
2025-10-17,S003,P0003,49,20,0
2025-10-17,S003,P0004,110,20,0
2025-10-17,S003,P0005,28,20,0
2025-10-17,S003,P0006,97,20,0
2025-10-17,S003,P0007,42,20,0
2025-10-17,S003,P0008,44,20,0
2025-10-17,S003,P0009,105,20,0
2025-10-17,S003,P0010,44,20,0
2025-10-17,S004,P0001,34,20,0
2025-10-17,S004,P0002,43,20,0
2025-10-17,S004,P0003,39,20,0
2025-10-17,S004,P0004,32,20,0
2025-10-17,S004,P0005,63,20,0
2025-10-17,S004,P0006,94,20,0
2025-10-17,S004,P0007,28,20,0
2025-10-17,S004,P0008,82,20,0
2025-10-17,S004,P0009,103,20,0
2025-10-17,S004,P0010,73,20,0
2025-10-17,S005,P0001,24,20,0
2025-10-17,S005,P0002,48,20,0
2025-10-17,S005,P0003,56,20,0
2025-10-17,S005,P0004,30,20,0
2025-10-17,S005,P0005,57,20,0
2025-10-17,S005,P0006,41,20,0
2025-10-17,S005,P0007,84,20,0
2025-10-17,S005,P0008,105,20,0
2025-10-17,S005,P0009,33,20,0
2025-10-17,S005,P0010,99,20,0
2025-10-18,S001,P0001,35,20,0
2025-10-18,S001,P0002,30,20,0
2025-10-18,S001,P0003,24,20,0
2025-10-18,S001,P0004,41,20,0
2025-10-18,S001,P0005,44,20,0
2025-10-18,S001,P0006,89,20,0
2025-10-18,S001,P0007,91,20,0
2025-10-18,S001,P0008,99,20,0
2025-10-18,S001,P0009,115,20,0
2025-10-18,S001,P0010,109,20,0
2025-10-18,S002,P0001,114,20,0
2025-10-18,S002,P0002,81,20,0
2025-10-18,S002,P0003,36,20,0
2025-10-18,S002,P0004,109,20,0
2025-10-18,S002,P0005,70,20,0
2025-10-18,S002,P0006,62,20,0
2025-10-18,S002,P0007,109,20,0
2025-10-18,S002,P0008,29,20,0
2025-10-18,S002,P0009,24,20,0
2025-10-18,S002,P0010,83,20,0
2025-10-18,S003,P0001,38,20,0
2025-10-18,S003,P0002,30,20,0
2025-10-18,S003,P0003,47,20,0
2025-10-18,S003,P0004,108,20,0
2025-10-18,S003,P0005,26,20,0
2025-10-18,S003,P0006,97,20,0
2025-10-18,S003,P0007,41,20,0
2025-10-18,S003,P0008,44,20,0
2025-10-18,S003,P0009,103,20,0
2025-10-18,S003,P0010,44,20,0
2025-10-18,S004,P0001,32,20,0
2025-10-18,S004,P0002,42,20,0
2025-10-18,S004,P0003,37,20,0
2025-10-18,S004,P0004,30,20,0
2025-10-18,S004,P0005,62,20,0
2025-10-18,S004,P0006,94,20,0
2025-10-18,S004,P0007,28,20,0
2025-10-18,S004,P0008,79,20,0
2025-10-18,S004,P0009,99,20,0
2025-10-18,S004,P0010,71,20,0
2025-10-18,S005,P0001,23,20,0
2025-10-18,S005,P0002,47,20,0
2025-10-18,S005,P0003,55,20,0
2025-10-18,S005,P0004,27,20,0
2025-10-18,S005,P0005,55,20,0
2025-10-18,S005,P0006,41,20,0
2025-10-18,S005,P0007,82,20,0
2025-10-18,S005,P0008,105,20,0
2025-10-18,S005,P0009,32,20,0
2025-10-18,S005,P0010,97,20,0
2025-10-19,S001,P0001,34,20,0
2025-10-19,S001,P0002,30,20,0
2025-10-19,S001,P0003,23,20,0
2025-10-19,S001,P0004,41,20,0
2025-10-19,S001,P0005,43,20,0
2025-10-19,S001,P0006,88,20,0
2025-10-19,S001,P0007,91,20,0
2025-10-19,S001,P0008,99,20,0
2025-10-19,S001,P0009,112,20,0
2025-10-19,S001,P0010,108,20,0
2025-10-19,S002,P0001,114,20,0
2025-10-19,S002,P0002,78,20,0
2025-10-19,S002,P0003,35,20,0
2025-10-19,S002,P0004,109,20,0
2025-10-19,S002,P0005,69,20,0
2025-10-19,S002,P0006,62,20,0
2025-10-19,S002,P0007,108,20,0
2025-10-19,S002,P0008,28,20,0
2025-10-19,S002,P0009,119,20,0
2025-10-19,S002,P0010,82,20,0
2025-10-19,S003,P0001,36,20,0
2025-10-19,S003,P0002,29,20,0
2025-10-19,S003,P0003,46,20,0
2025-10-19,S003,P0004,108,20,0
2025-10-19,S003,P0005,23,20,0
2025-10-19,S003,P0006,97,20,0
2025-10-19,S003,P0007,40,20,0
2025-10-19,S003,P0008,43,20,0
2025-10-19,S003,P0009,102,20,0
2025-10-19,S003,P0010,43,20,0
2025-10-19,S004,P0001,30,20,0
2025-10-19,S004,P0002,41,20,0
2025-10-19,S004,P0003,37,20,0
2025-10-19,S004,P0004,29,20,0
2025-10-19,S004,P0005,61,20,0
2025-10-19,S004,P0006,94,20,0
2025-10-19,S004,P0007,27,20,0
2025-10-19,S004,P0008,78,20,0
2025-10-19,S004,P0009,99,20,0
2025-10-19,S004,P0010,69,20,0
2025-10-19,S005,P0001,22,20,0
2025-10-19,S005,P0002,46,20,0
2025-10-19,S005,P0003,54,20,0
2025-10-19,S005,P0004,26,20,0
2025-10-19,S005,P0005,53,20,0
2025-10-19,S005,P0006,41,20,0
2025-10-19,S005,P0007,81,20,0
2025-10-19,S005,P0008,105,20,0
2025-10-19,S005,P0009,31,20,0
2025-10-19,S005,P0010,93,20,0
2025-10-20,S001,P0001,34,20,0
2025-10-20,S001,P0002,27,20,0
2025-10-20,S001,P0003,21,20,0
2025-10-20,S001,P0004,39,20,0
2025-10-20,S001,P0005,37,20,0
2025-10-20,S001,P0006,88,20,0
2025-10-20,S001,P0007,91,20,0
2025-10-20,S001,P0008,98,20,0
2025-10-20,S001,P0009,110,20,0
2025-10-20,S001,P0010,105,20,0
2025-10-20,S002,P0001,112,20,0
2025-10-20,S002,P0002,77,20,0
2025-10-20,S002,P0003,33,20,0
2025-10-20,S002,P0004,108,20,0
2025-10-20,S002,P0005,66,20,0
2025-10-20,S002,P0006,60,20,0
2025-10-20,S002,P0007,107,20,0
2025-10-20,S002,P0008,27,20,0
2025-10-20,S002,P0009,114,20,0
2025-10-20,S002,P0010,77,20,0
2025-10-20,S003,P0001,33,20,0
2025-10-20,S003,P0002,29,20,0
2025-10-20,S003,P0003,46,20,0
2025-10-20,S003,P0004,107,20,0
2025-10-20,S003,P0005,22,20,0
2025-10-20,S003,P0006,96,20,0
2025-10-20,S003,P0007,38,20,0
2025-10-20,S003,P0008,42,20,0
2025-10-20,S003,P0009,101,20,0
2025-10-20,S003,P0010,41,20,0
2025-10-20,S004,P0001,27,20,0
2025-10-20,S004,P0002,39,20,0
2025-10-20,S004,P0003,36,20,0
2025-10-20,S004,P0004,28,20,0
2025-10-20,S004,P0005,55,20,0
2025-10-20,S004,P0006,93,20,0
2025-10-20,S004,P0007,27,20,0
2025-10-20,S004,P0008,77,20,0
2025-10-20,S004,P0009,95,20,0
2025-10-20,S004,P0010,66,20,0
2025-10-20,S005,P0001,22,20,0
2025-10-20,S005,P0002,45,20,0
2025-10-20,S005,P0003,54,20,0
2025-10-20,S005,P0004,23,20,0
2025-10-20,S005,P0005,53,20,0
2025-10-20,S005,P0006,41,20,0
2025-10-20,S005,P0007,79,20,0
2025-10-20,S005,P0008,103,20,0
2025-10-20,S005,P0009,28,20,0
2025-10-20,S005,P0010,92,20,0
2025-10-21,S001,P0001,33,20,0
2025-10-21,S001,P0002,24,20,0
2025-10-21,S001,P0003,119,20,0
2025-10-21,S001,P0004,38,20,0
2025-10-21,S001,P0005,33,20,0
2025-10-21,S001,P0006,88,20,0
2025-10-21,S001,P0007,91,20,0
2025-10-21,S001,P0008,98,20,0
2025-10-21,S001,P0009,109,20,0
2025-10-21,S001,P0010,104,20,0
2025-10-21,S002,P0001,111,20,0
2025-10-21,S002,P0002,74,20,0
2025-10-21,S002,P0003,30,20,0
2025-10-21,S002,P0004,105,20,0
2025-10-21,S002,P0005,64,20,0
2025-10-21,S002,P0006,58,20,0
2025-10-21,S002,P0007,106,20,0
2025-10-21,S002,P0008,26,20,0
2025-10-21,S002,P0009,114,20,0
2025-10-21,S002,P0010,77,20,0
2025-10-21,S003,P0001,31,20,0
2025-10-21,S003,P0002,27,20,0
2025-10-21,S003,P0003,43,20,0
2025-10-21,S003,P0004,106,20,0
2025-10-21,S003,P0005,119,20,0
2025-10-21,S003,P0006,95,20,0
2025-10-21,S003,P0007,38,20,0
2025-10-21,S003,P0008,41,20,0
2025-10-21,S003,P0009,101,20,0
2025-10-21,S003,P0010,40,20,0
2025-10-21,S004,P0001,26,20,0
2025-10-21,S004,P0002,35,20,0
2025-10-21,S004,P0003,35,20,0
2025-10-21,S004,P0004,27,20,0
2025-10-21,S004,P0005,52,20,0
2025-10-21,S004,P0006,93,20,0
2025-10-21,S004,P0007,27,20,0
2025-10-21,S004,P0008,76,20,0
2025-10-21,S004,P0009,90,20,0
2025-10-21,S004,P0010,62,20,0
2025-10-21,S005,P0001,21,20,0
2025-10-21,S005,P0002,42,20,0
2025-10-21,S005,P0003,54,20,0
2025-10-21,S005,P0004,21,20,0
2025-10-21,S005,P0005,52,20,0
2025-10-21,S005,P0006,41,20,0
2025-10-21,S005,P0007,78,20,0
2025-10-21,S005,P0008,100,20,0
2025-10-21,S005,P0009,25,20,0
2025-10-21,S005,P0010,91,20,0
2025-10-22,S001,P0001,33,20,0
2025-10-22,S001,P0002,23,20,0
2025-10-22,S001,P0003,117,20,0
2025-10-22,S001,P0004,38,20,0
2025-10-22,S001,P0005,30,20,0
2025-10-22,S001,P0006,88,20,0
2025-10-22,S001,P0007,89,20,0
2025-10-22,S001,P0008,97,20,0
2025-10-22,S001,P0009,107,20,0
2025-10-22,S001,P0010,102,20,0
2025-10-22,S002,P0001,107,20,0
2025-10-22,S002,P0002,73,20,0
2025-10-22,S002,P0003,29,20,0
2025-10-22,S002,P0004,104,20,0
2025-10-22,S002,P0005,61,20,0
2025-10-22,S002,P0006,58,20,0
2025-10-22,S002,P0007,106,20,0
2025-10-22,S002,P0008,25,20,0
2025-10-22,S002,P0009,112,20,0
2025-10-22,S002,P0010,77,20,0
2025-10-22,S003,P0001,30,20,0
2025-10-22,S003,P0002,25,20,0
2025-10-22,S003,P0003,43,20,0
2025-10-22,S003,P0004,106,20,0
2025-10-22,S003,P0005,116,20,0
2025-10-22,S003,P0006,95,20,0
2025-10-22,S003,P0007,37,20,0
2025-10-22,S003,P0008,39,20,0
2025-10-22,S003,P0009,101,20,0
2025-10-22,S003,P0010,39,20,0
2025-10-22,S004,P0001,26,20,0
2025-10-22,S004,P0002,33,20,0
2025-10-22,S004,P0003,33,20,0
2025-10-22,S004,P0004,27,20,0
2025-10-22,S004,P0005,50,20,0
2025-10-22,S004,P0006,93,20,0
2025-10-22,S004,P0007,27,20,0
2025-10-22,S004,P0008,76,20,0
2025-10-22,S004,P0009,87,20,0
2025-10-22,S004,P0010,61,20,0
2025-10-22,S005,P0001,118,20,0
2025-10-22,S005,P0002,41,20,0
2025-10-22,S005,P0003,51,20,0
2025-10-22,S005,P0004,119,20,0
2025-10-22,S005,P0005,51,20,0
2025-10-22,S005,P0006,41,20,0
2025-10-22,S005,P0007,77,20,0
2025-10-22,S005,P0008,100,20,0
2025-10-22,S005,P0009,25,20,0
2025-10-22,S005,P0010,90,20,0
2025-10-23,S001,P0001,30,20,0
2025-10-23,S001,P0002,22,20,0
2025-10-23,S001,P0003,114,20,0
2025-10-23,S001,P0004,36,20,0
2025-10-23,S001,P0005,30,20,0
2025-10-23,S001,P0006,86,20,0
2025-10-23,S001,P0007,87,20,0
2025-10-23,S001,P0008,96,20,0
2025-10-23,S001,P0009,103,20,0
2025-10-23,S001,P0010,102,20,0
2025-10-23,S002,P0001,105,20,0
2025-10-23,S002,P0002,71,20,0
2025-10-23,S002,P0003,28,20,0
2025-10-23,S002,P0004,104,20,0
2025-10-23,S002,P0005,58,20,0
2025-10-23,S002,P0006,57,20,0
2025-10-23,S002,P0007,104,20,0
2025-10-23,S002,P0008,25,20,0
2025-10-23,S002,P0009,111,20,0
2025-10-23,S002,P0010,76,20,0
2025-10-23,S003,P0001,30,20,0
2025-10-23,S003,P0002,23,20,0
2025-10-23,S003,P0003,42,20,0
2025-10-23,S003,P0004,106,20,0
2025-10-23,S003,P0005,112,20,0
2025-10-23,S003,P0006,95,20,0
2025-10-23,S003,P0007,35,20,0
2025-10-23,S003,P0008,38,20,0
2025-10-23,S003,P0009,99,20,0
2025-10-23,S003,P0010,38,20,0
2025-10-23,S004,P0001,24,20,0
2025-10-23,S004,P0002,33,20,0
2025-10-23,S004,P0003,32,20,0
2025-10-23,S004,P0004,26,20,0
2025-10-23,S004,P0005,49,20,0
2025-10-23,S004,P0006,93,20,0
2025-10-23,S004,P0007,27,20,0
2025-10-23,S004,P0008,75,20,0
2025-10-23,S004,P0009,85,20,0
2025-10-23,S004,P0010,60,20,0
2025-10-23,S005,P0001,118,20,0
2025-10-23,S005,P0002,41,20,0
2025-10-23,S005,P0003,48,20,0
2025-10-23,S005,P0004,119,20,0
2025-10-23,S005,P0005,50,20,0
2025-10-23,S005,P0006,41,20,0
2025-10-23,S005,P0007,77,20,0
2025-10-23,S005,P0008,100,20,0
2025-10-23,S005,P0009,24,20,0
2025-10-23,S005,P0010,89,20,0
2025-10-24,S001,P0001,28,20,0
2025-10-24,S001,P0002,21,20,0
2025-10-24,S001,P0003,112,20,0
2025-10-24,S001,P0004,34,20,0
2025-10-24,S001,P0005,29,20,0
2025-10-24,S001,P0006,85,20,0
2025-10-24,S001,P0007,87,20,0
2025-10-24,S001,P0008,95,20,0
2025-10-24,S001,P0009,102,20,0
2025-10-24,S001,P0010,101,20,0
2025-10-24,S002,P0001,103,20,0
2025-10-24,S002,P0002,67,20,0
2025-10-24,S002,P0003,28,20,0
2025-10-24,S002,P0004,102,20,0
2025-10-24,S002,P0005,54,20,0
2025-10-24,S002,P0006,57,20,0
2025-10-24,S002,P0007,104,20,0
2025-10-24,S002,P0008,23,20,0
2025-10-24,S002,P0009,108,20,0
2025-10-24,S002,P0010,76,20,0
2025-10-24,S003,P0001,27,20,0
2025-10-24,S003,P0002,20,20,0
2025-10-24,S003,P0003,42,20,0
2025-10-24,S003,P0004,106,20,0
2025-10-24,S003,P0005,109,20,0
2025-10-24,S003,P0006,92,20,0
2025-10-24,S003,P0007,34,20,0
2025-10-24,S003,P0008,36,20,0
2025-10-24,S003,P0009,94,20,0
2025-10-24,S003,P0010,38,20,0
2025-10-24,S004,P0001,24,20,0
2025-10-24,S004,P0002,33,20,0
2025-10-24,S004,P0003,32,20,0
2025-10-24,S004,P0004,26,20,0
2025-10-24,S004,P0005,45,20,0
2025-10-24,S004,P0006,93,20,0
2025-10-24,S004,P0007,26,20,0
2025-10-24,S004,P0008,75,20,0
2025-10-24,S004,P0009,85,20,0
2025-10-24,S004,P0010,57,20,0
2025-10-24,S005,P0001,116,20,0
2025-10-24,S005,P0002,41,20,0
2025-10-24,S005,P0003,46,20,0
2025-10-24,S005,P0004,119,20,0
2025-10-24,S005,P0005,50,20,0
2025-10-24,S005,P0006,40,20,0
2025-10-24,S005,P0007,76,20,0
2025-10-24,S005,P0008,100,20,0
2025-10-24,S005,P0009,23,20,0
2025-10-24,S005,P0010,89,20,0
2025-10-25,S001,P0001,27,20,0
2025-10-25,S001,P0002,118,20,0
2025-10-25,S001,P0003,111,20,0
2025-10-25,S001,P0004,33,20,0
2025-10-25,S001,P0005,25,20,0
2025-10-25,S001,P0006,84,20,0
2025-10-25,S001,P0007,86,20,0
2025-10-25,S001,P0008,93,20,0
2025-10-25,S001,P0009,101,20,0
2025-10-25,S001,P0010,100,20,0
2025-10-25,S002,P0001,102,20,0
2025-10-25,S002,P0002,65,20,0
2025-10-25,S002,P0003,26,20,0
2025-10-25,S002,P0004,101,20,0
2025-10-25,S002,P0005,53,20,0
2025-10-25,S002,P0006,56,20,0
2025-10-25,S002,P0007,104,20,0
2025-10-25,S002,P0008,22,20,0
2025-10-25,S002,P0009,106,20,0
2025-10-25,S002,P0010,76,20,0
2025-10-25,S003,P0001,26,20,0
2025-10-25,S003,P0002,119,20,0
2025-10-25,S003,P0003,41,20,0
2025-10-25,S003,P0004,104,20,0
2025-10-25,S003,P0005,106,20,0
2025-10-25,S003,P0006,92,20,0
2025-10-25,S003,P0007,33,20,0
2025-10-25,S003,P0008,36,20,0
2025-10-25,S003,P0009,91,20,0
2025-10-25,S003,P0010,37,20,0
2025-10-25,S004,P0001,22,20,0
2025-10-25,S004,P0002,32,20,0
2025-10-25,S004,P0003,32,20,0
2025-10-25,S004,P0004,25,20,0
2025-10-25,S004,P0005,42,20,0
2025-10-25,S004,P0006,92,20,0
2025-10-25,S004,P0007,26,20,0
2025-10-25,S004,P0008,75,20,0
2025-10-25,S004,P0009,82,20,0
2025-10-25,S004,P0010,56,20,0
2025-10-25,S005,P0001,116,20,0
2025-10-25,S005,P0002,40,20,0
2025-10-25,S005,P0003,45,20,0
2025-10-25,S005,P0004,119,20,0
2025-10-25,S005,P0005,46,20,0
2025-10-25,S005,P0006,40,20,0
2025-10-25,S005,P0007,74,20,0
2025-10-25,S005,P0008,98,20,0
2025-10-25,S005,P0009,23,20,0
2025-10-25,S005,P0010,88,20,0
2025-10-26,S001,P0001,25,20,0
2025-10-26,S001,P0002,116,20,0
2025-10-26,S001,P0003,110,20,0
2025-10-26,S001,P0004,32,20,0
2025-10-26,S001,P0005,23,20,0
2025-10-26,S001,P0006,83,20,0
2025-10-26,S001,P0007,82,20,0
2025-10-26,S001,P0008,92,20,0
2025-10-26,S001,P0009,99,20,0
2025-10-26,S001,P0010,98,20,0
2025-10-26,S002,P0001,102,20,0
2025-10-26,S002,P0002,64,20,0
2025-10-26,S002,P0003,26,20,0
2025-10-26,S002,P0004,98,20,0
2025-10-26,S002,P0005,52,20,0
2025-10-26,S002,P0006,56,20,0
2025-10-26,S002,P0007,103,20,0
2025-10-26,S002,P0008,21,20,0
2025-10-26,S002,P0009,106,20,0
2025-10-26,S002,P0010,74,20,0
2025-10-26,S003,P0001,23,20,0
2025-10-26,S003,P0002,119,20,0
2025-10-26,S003,P0003,40,20,0
2025-10-26,S003,P0004,102,20,0
2025-10-26,S003,P0005,104,20,0
2025-10-26,S003,P0006,91,20,0
2025-10-26,S003,P0007,33,20,0
2025-10-26,S003,P0008,33,20,0
2025-10-26,S003,P0009,89,20,0
2025-10-26,S003,P0010,36,20,0
2025-10-26,S004,P0001,21,20,0
2025-10-26,S004,P0002,32,20,0
2025-10-26,S004,P0003,30,20,0
2025-10-26,S004,P0004,21,20,0
2025-10-26,S004,P0005,39,20,0
2025-10-26,S004,P0006,92,20,0
2025-10-26,S004,P0007,25,20,0
2025-10-26,S004,P0008,74,20,0
2025-10-26,S004,P0009,81,20,0
2025-10-26,S004,P0010,55,20,0
2025-10-26,S005,P0001,116,20,0
2025-10-26,S005,P0002,38,20,0
2025-10-26,S005,P0003,44,20,0
2025-10-26,S005,P0004,118,20,0
2025-10-26,S005,P0005,41,20,0
2025-10-26,S005,P0006,39,20,0
2025-10-26,S005,P0007,73,20,0
2025-10-26,S005,P0008,97,20,0
2025-10-26,S005,P0009,20,20,0
2025-10-26,S005,P0010,87,20,0
2025-10-27,S001,P0001,23,20,0
2025-10-27,S001,P0002,115,20,0
2025-10-27,S001,P0003,109,20,0
2025-10-27,S001,P0004,32,20,0
2025-10-27,S001,P0005,21,20,0
2025-10-27,S001,P0006,83,20,0
2025-10-27,S001,P0007,80,20,0
2025-10-27,S001,P0008,92,20,0
2025-10-27,S001,P0009,98,20,0
2025-10-27,S001,P0010,94,20,0
2025-10-27,S002,P0001,102,20,0
2025-10-27,S002,P0002,62,20,0
2025-10-27,S002,P0003,26,20,0
2025-10-27,S002,P0004,98,20,0
2025-10-27,S002,P0005,50,20,0
2025-10-27,S002,P0006,56,20,0
2025-10-27,S002,P0007,103,20,0
2025-10-27,S002,P0008,20,20,0
2025-10-27,S002,P0009,106,20,0
2025-10-27,S002,P0010,73,20,0
2025-10-27,S003,P0001,21,20,0
2025-10-27,S003,P0002,115,20,0
2025-10-27,S003,P0003,37,20,0
2025-10-27,S003,P0004,102,20,0
2025-10-27,S003,P0005,100,20,0
2025-10-27,S003,P0006,91,20,0
2025-10-27,S003,P0007,31,20,0
2025-10-27,S003,P0008,32,20,0
2025-10-27,S003,P0009,86,20,0
2025-10-27,S003,P0010,35,20,0
2025-10-27,S004,P0001,21,20,0
2025-10-27,S004,P0002,31,20,0
2025-10-27,S004,P0003,27,20,0
2025-10-27,S004,P0004,21,20,0
2025-10-27,S004,P0005,39,20,0
2025-10-27,S004,P0006,91,20,0
2025-10-27,S004,P0007,25,20,0
2025-10-27,S004,P0008,74,20,0
2025-10-27,S004,P0009,79,20,0
2025-10-27,S004,P0010,52,20,0
2025-10-27,S005,P0001,115,20,0
2025-10-27,S005,P0002,35,20,0
2025-10-27,S005,P0003,44,20,0
2025-10-27,S005,P0004,118,20,0
2025-10-27,S005,P0005,39,20,0
2025-10-27,S005,P0006,38,20,0
2025-10-27,S005,P0007,73,20,0
2025-10-27,S005,P0008,97,20,0
2025-10-27,S005,P0009,119,20,0
2025-10-27,S005,P0010,86,20,0
2025-10-28,S001,P0001,22,20,0
2025-10-28,S001,P0002,114,20,0
2025-10-28,S001,P0003,108,20,0
2025-10-28,S001,P0004,30,20,0
2025-10-28,S001,P0005,117,20,0
2025-10-28,S001,P0006,83,20,0
2025-10-28,S001,P0007,79,20,0
2025-10-28,S001,P0008,91,20,0
2025-10-28,S001,P0009,96,20,0
2025-10-28,S001,P0010,92,20,0
2025-10-28,S002,P0001,100,20,0
2025-10-28,S002,P0002,61,20,0
2025-10-28,S002,P0003,24,20,0
2025-10-28,S002,P0004,97,20,0
2025-10-28,S002,P0005,47,20,0
2025-10-28,S002,P0006,56,20,0
2025-10-28,S002,P0007,103,20,0
2025-10-28,S002,P0008,119,20,0
2025-10-28,S002,P0009,104,20,0
2025-10-28,S002,P0010,72,20,0
2025-10-28,S003,P0001,20,20,0
2025-10-28,S003,P0002,113,20,0
2025-10-28,S003,P0003,37,20,0
2025-10-28,S003,P0004,101,20,0
2025-10-28,S003,P0005,99,20,0
2025-10-28,S003,P0006,91,20,0
2025-10-28,S003,P0007,31,20,0
2025-10-28,S003,P0008,30,20,0
2025-10-28,S003,P0009,86,20,0
2025-10-28,S003,P0010,35,20,0
2025-10-28,S004,P0001,119,20,0
2025-10-28,S004,P0002,31,20,0
2025-10-28,S004,P0003,27,20,0
2025-10-28,S004,P0004,119,20,0
2025-10-28,S004,P0005,36,20,0
2025-10-28,S004,P0006,89,20,0
2025-10-28,S004,P0007,25,20,0
2025-10-28,S004,P0008,72,20,0
2025-10-28,S004,P0009,79,20,0
2025-10-28,S004,P0010,51,20,0
2025-10-28,S005,P0001,113,20,0
2025-10-28,S005,P0002,33,20,0
2025-10-28,S005,P0003,43,20,0
2025-10-28,S005,P0004,118,20,0
2025-10-28,S005,P0005,38,20,0
2025-10-28,S005,P0006,37,20,0
2025-10-28,S005,P0007,72,20,0
2025-10-28,S005,P0008,95,20,0
2025-10-28,S005,P0009,118,20,0
2025-10-28,S005,P0010,83,20,0
2025-10-29,S001,P0001,119,20,0
2025-10-29,S001,P0002,114,20,0
2025-10-29,S001,P0003,108,20,0
2025-10-29,S001,P0004,29,20,0
2025-10-29,S001,P0005,117,20,0
2025-10-29,S001,P0006,83,20,0
2025-10-29,S001,P0007,78,20,0
2025-10-29,S001,P0008,91,20,0
2025-10-29,S001,P0009,91,20,0
2025-10-29,S001,P0010,90,20,0
2025-10-29,S002,P0001,98,20,0
2025-10-29,S002,P0002,60,20,0
2025-10-29,S002,P0003,22,20,0
2025-10-29,S002,P0004,95,20,0
2025-10-29,S002,P0005,45,20,0
2025-10-29,S002,P0006,55,20,0
2025-10-29,S002,P0007,103,20,0
2025-10-29,S002,P0008,119,20,0
2025-10-29,S002,P0009,103,20,0
2025-10-29,S002,P0010,71,20,0
2025-10-29,S003,P0001,119,20,0
2025-10-29,S003,P0002,111,20,0
2025-10-29,S003,P0003,37,20,0
2025-10-29,S003,P0004,100,20,0
2025-10-29,S003,P0005,95,20,0
2025-10-29,S003,P0006,91,20,0
2025-10-29,S003,P0007,30,20,0
2025-10-29,S003,P0008,29,20,0
2025-10-29,S003,P0009,83,20,0
2025-10-29,S003,P0010,33,20,0
2025-10-29,S004,P0001,118,20,0
2025-10-29,S004,P0002,30,20,0
2025-10-29,S004,P0003,25,20,0
2025-10-29,S004,P0004,116,20,0
2025-10-29,S004,P0005,33,20,0
2025-10-29,S004,P0006,87,20,0
2025-10-29,S004,P0007,23,20,0
2025-10-29,S004,P0008,71,20,0
2025-10-29,S004,P0009,79,20,0
2025-10-29,S004,P0010,49,20,0
2025-10-29,S005,P0001,112,20,0
2025-10-29,S005,P0002,29,20,0
2025-10-29,S005,P0003,43,20,0
2025-10-29,S005,P0004,115,20,0
2025-10-29,S005,P0005,37,20,0
2025-10-29,S005,P0006,36,20,0
2025-10-29,S005,P0007,72,20,0
2025-10-29,S005,P0008,94,20,0
2025-10-29,S005,P0009,115,20,0
2025-10-29,S005,P0010,83,20,0
2025-10-30,S001,P0001,116,20,0
2025-10-30,S001,P0002,113,20,0
2025-10-30,S001,P0003,106,20,0
2025-10-30,S001,P0004,28,20,0
2025-10-30,S001,P0005,113,20,0
2025-10-30,S001,P0006,82,20,0
2025-10-30,S001,P0007,77,20,0
2025-10-30,S001,P0008,91,20,0
2025-10-30,S001,P0009,90,20,0
2025-10-30,S001,P0010,88,20,0
2025-10-30,S002,P0001,97,20,0
2025-10-30,S002,P0002,58,20,0
2025-10-30,S002,P0003,21,20,0
2025-10-30,S002,P0004,93,20,0
2025-10-30,S002,P0005,39,20,0
2025-10-30,S002,P0006,55,20,0
2025-10-30,S002,P0007,103,20,0
2025-10-30,S002,P0008,118,20,0
2025-10-30,S002,P0009,102,20,0
2025-10-30,S002,P0010,70,20,0
2025-10-30,S003,P0001,116,20,0
2025-10-30,S003,P0002,109,20,0
2025-10-30,S003,P0003,35,20,0
2025-10-30,S003,P0004,99,20,0
2025-10-30,S003,P0005,92,20,0
2025-10-30,S003,P0006,91,20,0
2025-10-30,S003,P0007,29,20,0
2025-10-30,S003,P0008,28,20,0
2025-10-30,S003,P0009,80,20,0
2025-10-30,S003,P0010,32,20,0
2025-10-30,S004,P0001,116,20,0
2025-10-30,S004,P0002,29,20,0
2025-10-30,S004,P0003,24,20,0
2025-10-30,S004,P0004,113,20,0
2025-10-30,S004,P0005,32,20,0
2025-10-30,S004,P0006,85,20,0
2025-10-30,S004,P0007,22,20,0
2025-10-30,S004,P0008,68,20,0
2025-10-30,S004,P0009,79,20,0
2025-10-30,S004,P0010,48,20,0
2025-10-30,S005,P0001,111,20,0
2025-10-30,S005,P0002,26,20,0
2025-10-30,S005,P0003,43,20,0
2025-10-30,S005,P0004,112,20,0
2025-10-30,S005,P0005,34,20,0
2025-10-30,S005,P0006,35,20,0
2025-10-30,S005,P0007,70,20,0
2025-10-30,S005,P0008,92,20,0
2025-10-30,S005,P0009,115,20,0
2025-10-30,S005,P0010,83,20,0
2025-10-31,S001,P0001,115,20,0
2025-10-31,S001,P0002,111,20,0
2025-10-31,S001,P0003,106,20,0
2025-10-31,S001,P0004,28,20,0
2025-10-31,S001,P0005,112,20,0
2025-10-31,S001,P0006,82,20,0
2025-10-31,S001,P0007,75,20,0
2025-10-31,S001,P0008,91,20,0
2025-10-31,S001,P0009,87,20,0
2025-10-31,S001,P0010,87,20,0
2025-10-31,S002,P0001,96,20,0
2025-10-31,S002,P0002,57,20,0
2025-10-31,S002,P0003,119,20,0
2025-10-31,S002,P0004,93,20,0
2025-10-31,S002,P0005,39,20,0
2025-10-31,S002,P0006,55,20,0
2025-10-31,S002,P0007,102,20,0
2025-10-31,S002,P0008,117,20,0
2025-10-31,S002,P0009,99,20,0
2025-10-31,S002,P0010,68,20,0
2025-10-31,S003,P0001,116,20,0
2025-10-31,S003,P0002,107,20,0
2025-10-31,S003,P0003,34,20,0
2025-10-31,S003,P0004,97,20,0
2025-10-31,S003,P0005,91,20,0
2025-10-31,S003,P0006,91,20,0
2025-10-31,S003,P0007,29,20,0
2025-10-31,S003,P0008,27,20,0
2025-10-31,S003,P0009,79,20,0
2025-10-31,S003,P0010,32,20,0
2025-10-31,S004,P0001,115,20,0
2025-10-31,S004,P0002,28,20,0
2025-10-31,S004,P0003,20,20,0
2025-10-31,S004,P0004,113,20,0
2025-10-31,S004,P0005,30,20,0
2025-10-31,S004,P0006,85,20,0
2025-10-31,S004,P0007,21,20,0
2025-10-31,S004,P0008,65,20,0
2025-10-31,S004,P0009,77,20,0
2025-10-31,S004,P0010,45,20,0
2025-10-31,S005,P0001,110,20,0
2025-10-31,S005,P0002,26,20,0
2025-10-31,S005,P0003,42,20,0
2025-10-31,S005,P0004,112,20,0
2025-10-31,S005,P0005,31,20,0
2025-10-31,S005,P0006,35,20,0
2025-10-31,S005,P0007,70,20,0
2025-10-31,S005,P0008,90,20,0
2025-10-31,S005,P0009,115,20,0
2025-10-31,S005,P0010,81,20,0
2025-11-01,S001,P0001,113,20,0
2025-11-01,S001,P0002,109,20,0
2025-11-01,S001,P0003,104,20,0
2025-11-01,S001,P0004,28,20,0
2025-11-01,S001,P0005,107,20,0
2025-11-01,S001,P0006,80,20,0
2025-11-01,S001,P0007,74,20,0
2025-11-01,S001,P0008,90,20,0
2025-11-01,S001,P0009,86,20,0
2025-11-01,S001,P0010,86,20,0
2025-11-01,S002,P0001,96,20,0
2025-11-01,S002,P0002,53,20,0
2025-11-01,S002,P0003,118,20,0
2025-11-01,S002,P0004,93,20,0
2025-11-01,S002,P0005,35,20,0
2025-11-01,S002,P0006,55,20,0
2025-11-01,S002,P0007,102,20,0
2025-11-01,S002,P0008,116,20,0
2025-11-01,S002,P0009,95,20,0
2025-11-01,S002,P0010,66,20,0
2025-11-01,S003,P0001,115,20,0
2025-11-01,S003,P0002,102,20,0
2025-11-01,S003,P0003,34,20,0
2025-11-01,S003,P0004,97,20,0
2025-11-01,S003,P0005,89,20,0
2025-11-01,S003,P0006,91,20,0
2025-11-01,S003,P0007,28,20,0
2025-11-01,S003,P0008,24,20,0
2025-11-01,S003,P0009,76,20,0
2025-11-01,S003,P0010,31,20,0
2025-11-01,S004,P0001,115,20,0
2025-11-01,S004,P0002,24,20,0
2025-11-01,S004,P0003,20,20,0
2025-11-01,S004,P0004,111,20,0
2025-11-01,S004,P0005,28,20,0
2025-11-01,S004,P0006,85,20,0
2025-11-01,S004,P0007,20,20,0
2025-11-01,S004,P0008,65,20,0
2025-11-01,S004,P0009,74,20,0
2025-11-01,S004,P0010,45,20,0
2025-11-01,S005,P0001,110,20,0
2025-11-01,S005,P0002,25,20,0
2025-11-01,S005,P0003,41,20,0
2025-11-01,S005,P0004,111,20,0
2025-11-01,S005,P0005,28,20,0
2025-11-01,S005,P0006,35,20,0
2025-11-01,S005,P0007,70,20,0
2025-11-01,S005,P0008,88,20,0
2025-11-01,S005,P0009,111,20,0
2025-11-01,S005,P0010,80,20,0
2025-11-02,S001,P0001,113,20,0
2025-11-02,S001,P0002,106,20,0
2025-11-02,S001,P0003,100,20,0
2025-11-02,S001,P0004,28,20,0
2025-11-02,S001,P0005,104,20,0
2025-11-02,S001,P0006,80,20,0
2025-11-02,S001,P0007,73,20,0
2025-11-02,S001,P0008,88,20,0
2025-11-02,S001,P0009,84,20,0
2025-11-02,S001,P0010,85,20,0
2025-11-02,S002,P0001,94,20,0
2025-11-02,S002,P0002,52,20,0
2025-11-02,S002,P0003,118,20,0
2025-11-02,S002,P0004,93,20,0
2025-11-02,S002,P0005,32,20,0
2025-11-02,S002,P0006,54,20,0
2025-11-02,S002,P0007,102,20,0
2025-11-02,S002,P0008,114,20,0
2025-11-02,S002,P0009,93,20,0
2025-11-02,S002,P0010,66,20,0
2025-11-02,S003,P0001,114,20,0
2025-11-02,S003,P0002,101,20,0
2025-11-02,S003,P0003,33,20,0
2025-11-02,S003,P0004,96,20,0
2025-11-02,S003,P0005,86,20,0
2025-11-02,S003,P0006,91,20,0
2025-11-02,S003,P0007,28,20,0
2025-11-02,S003,P0008,22,20,0
2025-11-02,S003,P0009,74,20,0
2025-11-02,S003,P0010,31,20,0
2025-11-02,S004,P0001,115,20,0
2025-11-02,S004,P0002,22,20,0
2025-11-02,S004,P0003,118,20,0
2025-11-02,S004,P0004,110,20,0
2025-11-02,S004,P0005,27,20,0
2025-11-02,S004,P0006,85,20,0
2025-11-02,S004,P0007,20,20,0
2025-11-02,S004,P0008,63,20,0
2025-11-02,S004,P0009,70,20,0
2025-11-02,S004,P0010,45,20,0
2025-11-02,S005,P0001,110,20,0
2025-11-02,S005,P0002,25,20,0
2025-11-02,S005,P0003,40,20,0
2025-11-02,S005,P0004,108,20,0
2025-11-02,S005,P0005,27,20,0
2025-11-02,S005,P0006,35,20,0
2025-11-02,S005,P0007,69,20,0
2025-11-02,S005,P0008,88,20,0
2025-11-02,S005,P0009,110,20,0
2025-11-02,S005,P0010,80,20,0
2025-11-03,S001,P0001,110,20,0
2025-11-03,S001,P0002,105,20,0
2025-11-03,S001,P0003,100,20,0
2025-11-03,S001,P0004,26,20,0
2025-11-03,S001,P0005,103,20,0
2025-11-03,S001,P0006,78,20,0
2025-11-03,S001,P0007,72,20,0
2025-11-03,S001,P0008,87,20,0
2025-11-03,S001,P0009,79,20,0
2025-11-03,S001,P0010,85,20,0
2025-11-03,S002,P0001,92,20,0
2025-11-03,S002,P0002,52,20,0
2025-11-03,S002,P0003,118,20,0
2025-11-03,S002,P0004,90,20,0
2025-11-03,S002,P0005,30,20,0
2025-11-03,S002,P0006,54,20,0
2025-11-03,S002,P0007,102,20,0
2025-11-03,S002,P0008,112,20,0
2025-11-03,S002,P0009,91,20,0
2025-11-03,S002,P0010,66,20,0
2025-11-03,S003,P0001,111,20,0
2025-11-03,S003,P0002,100,20,0
2025-11-03,S003,P0003,33,20,0
2025-11-03,S003,P0004,96,20,0
2025-11-03,S003,P0005,84,20,0
2025-11-03,S003,P0006,91,20,0
2025-11-03,S003,P0007,26,20,0
2025-11-03,S003,P0008,21,20,0
2025-11-03,S003,P0009,73,20,0
2025-11-03,S003,P0010,30,20,0
2025-11-03,S004,P0001,112,20,0
2025-11-03,S004,P0002,20,20,0
2025-11-03,S004,P0003,118,20,0
2025-11-03,S004,P0004,107,20,0
2025-11-03,S004,P0005,25,20,0
2025-11-03,S004,P0006,84,20,0
2025-11-03,S004,P0007,119,20,0
2025-11-03,S004,P0008,63,20,0
2025-11-03,S004,P0009,70,20,0
2025-11-03,S004,P0010,45,20,0
2025-11-03,S005,P0001,109,20,0
2025-11-03,S005,P0002,24,20,0
2025-11-03,S005,P0003,39,20,0
2025-11-03,S005,P0004,108,20,0
2025-11-03,S005,P0005,25,20,0
2025-11-03,S005,P0006,35,20,0
2025-11-03,S005,P0007,68,20,0
2025-11-03,S005,P0008,87,20,0
2025-11-03,S005,P0009,108,20,0
2025-11-03,S005,P0010,78,20,0
2025-11-04,S001,P0001,109,20,0
2025-11-04,S001,P0002,103,20,0
2025-11-04,S001,P0003,98,20,0
2025-11-04,S001,P0004,24,20,0
2025-11-04,S001,P0005,101,20,0
2025-11-04,S001,P0006,78,20,0
2025-11-04,S001,P0007,72,20,0
2025-11-04,S001,P0008,87,20,0
2025-11-04,S001,P0009,78,20,0
2025-11-04,S001,P0010,84,20,0
2025-11-04,S002,P0001,91,20,0
2025-11-04,S002,P0002,51,20,0
2025-11-04,S002,P0003,118,20,0
2025-11-04,S002,P0004,89,20,0
2025-11-04,S002,P0005,28,20,0
2025-11-04,S002,P0006,50,20,0
2025-11-04,S002,P0007,101,20,0
2025-11-04,S002,P0008,112,20,0
2025-11-04,S002,P0009,88,20,0
2025-11-04,S002,P0010,63,20,0
2025-11-04,S003,P0001,110,20,0
2025-11-04,S003,P0002,100,20,0
2025-11-04,S003,P0003,32,20,0
2025-11-04,S003,P0004,95,20,0
2025-11-04,S003,P0005,82,20,0
2025-11-04,S003,P0006,90,20,0
2025-11-04,S003,P0007,25,20,0
2025-11-04,S003,P0008,20,20,0
2025-11-04,S003,P0009,72,20,0
2025-11-04,S003,P0010,27,20,0
2025-11-04,S004,P0001,111,20,0
2025-11-04,S004,P0002,118,20,0
2025-11-04,S004,P0003,113,20,0
2025-11-04,S004,P0004,107,20,0
2025-11-04,S004,P0005,23,20,0
2025-11-04,S004,P0006,83,20,0
2025-11-04,S004,P0007,119,20,0
2025-11-04,S004,P0008,62,20,0
2025-11-04,S004,P0009,69,20,0
2025-11-04,S004,P0010,45,20,0
2025-11-04,S005,P0001,108,20,0
2025-11-04,S005,P0002,23,20,0
2025-11-04,S005,P0003,38,20,0
2025-11-04,S005,P0004,108,20,0
2025-11-04,S005,P0005,118,20,0
2025-11-04,S005,P0006,35,20,0
2025-11-04,S005,P0007,68,20,0
2025-11-04,S005,P0008,87,20,0
2025-11-04,S005,P0009,103,20,0
2025-11-04,S005,P0010,76,20,0
2025-11-05,S001,P0001,107,20,0
2025-11-05,S001,P0002,101,20,0
2025-11-05,S001,P0003,94,20,0
2025-11-05,S001,P0004,22,20,0
2025-11-05,S001,P0005,99,20,0
2025-11-05,S001,P0006,78,20,0
2025-11-05,S001,P0007,71,20,0
2025-11-05,S001,P0008,84,20,0
2025-11-05,S001,P0009,77,20,0
2025-11-05,S001,P0010,83,20,0
2025-11-05,S002,P0001,90,20,0
2025-11-05,S002,P0002,51,20,0
2025-11-05,S002,P0003,116,20,0
2025-11-05,S002,P0004,89,20,0
2025-11-05,S002,P0005,26,20,0
2025-11-05,S002,P0006,48,20,0
2025-11-05,S002,P0007,100,20,0
2025-11-05,S002,P0008,111,20,0
2025-11-05,S002,P0009,86,20,0
2025-11-05,S002,P0010,61,20,0
2025-11-05,S003,P0001,109,20,0
2025-11-05,S003,P0002,100,20,0
2025-11-05,S003,P0003,32,20,0
2025-11-05,S003,P0004,94,20,0
2025-11-05,S003,P0005,80,20,0
2025-11-05,S003,P0006,89,20,0
2025-11-05,S003,P0007,24,20,0
2025-11-05,S003,P0008,117,20,0
2025-11-05,S003,P0009,71,20,0
2025-11-05,S003,P0010,27,20,0
2025-11-05,S004,P0001,111,20,0
2025-11-05,S004,P0002,114,20,0
2025-11-05,S004,P0003,113,20,0
2025-11-05,S004,P0004,106,20,0
2025-11-05,S004,P0005,119,20,0
2025-11-05,S004,P0006,83,20,0
2025-11-05,S004,P0007,118,20,0
2025-11-05,S004,P0008,62,20,0
2025-11-05,S004,P0009,67,20,0
2025-11-05,S004,P0010,45,20,0
2025-11-05,S005,P0001,107,20,0
2025-11-05,S005,P0002,23,20,0
2025-11-05,S005,P0003,38,20,0
2025-11-05,S005,P0004,105,20,0
2025-11-05,S005,P0005,115,20,0
2025-11-05,S005,P0006,34,20,0
2025-11-05,S005,P0007,68,20,0
2025-11-05,S005,P0008,86,20,0
2025-11-05,S005,P0009,102,20,0
2025-11-05,S005,P0010,75,20,0
2025-11-06,S001,P0001,106,20,0
2025-11-06,S001,P0002,101,20,0
2025-11-06,S001,P0003,92,20,0
2025-11-06,S001,P0004,20,20,0
2025-11-06,S001,P0005,96,20,0
2025-11-06,S001,P0006,77,20,0
2025-11-06,S001,P0007,70,20,0
2025-11-06,S001,P0008,82,20,0
2025-11-06,S001,P0009,74,20,0
2025-11-06,S001,P0010,83,20,0
2025-11-06,S002,P0001,86,20,0
2025-11-06,S002,P0002,49,20,0
2025-11-06,S002,P0003,115,20,0
2025-11-06,S002,P0004,87,20,0
2025-11-06,S002,P0005,26,20,0
2025-11-06,S002,P0006,48,20,0
2025-11-06,S002,P0007,98,20,0
2025-11-06,S002,P0008,110,20,0
2025-11-06,S002,P0009,84,20,0
2025-11-06,S002,P0010,60,20,0
2025-11-06,S003,P0001,108,20,0
2025-11-06,S003,P0002,98,20,0
2025-11-06,S003,P0003,32,20,0
2025-11-06,S003,P0004,93,20,0
2025-11-06,S003,P0005,78,20,0
2025-11-06,S003,P0006,88,20,0
2025-11-06,S003,P0007,23,20,0
2025-11-06,S003,P0008,116,20,0
2025-11-06,S003,P0009,70,20,0
2025-11-06,S003,P0010,26,20,0
2025-11-06,S004,P0001,107,20,0
2025-11-06,S004,P0002,114,20,0
2025-11-06,S004,P0003,111,20,0
2025-11-06,S004,P0004,105,20,0
2025-11-06,S004,P0005,119,20,0
2025-11-06,S004,P0006,82,20,0
2025-11-06,S004,P0007,118,20,0
2025-11-06,S004,P0008,62,20,0
2025-11-06,S004,P0009,66,20,0
2025-11-06,S004,P0010,43,20,0
2025-11-06,S005,P0001,105,20,0
2025-11-06,S005,P0002,20,20,0
2025-11-06,S005,P0003,35,20,0
2025-11-06,S005,P0004,103,20,0
2025-11-06,S005,P0005,115,20,0
2025-11-06,S005,P0006,33,20,0
2025-11-06,S005,P0007,68,20,0
2025-11-06,S005,P0008,85,20,0
2025-11-06,S005,P0009,100,20,0
2025-11-06,S005,P0010,74,20,0
2025-11-07,S001,P0001,104,20,0
2025-11-07,S001,P0002,98,20,0
2025-11-07,S001,P0003,92,20,0
2025-11-07,S001,P0004,118,20,0
2025-11-07,S001,P0005,91,20,0
2025-11-07,S001,P0006,77,20,0
2025-11-07,S001,P0007,69,20,0
2025-11-07,S001,P0008,79,20,0
2025-11-07,S001,P0009,73,20,0
2025-11-07,S001,P0010,81,20,0
2025-11-07,S002,P0001,86,20,0
2025-11-07,S002,P0002,48,20,0
2025-11-07,S002,P0003,112,20,0
2025-11-07,S002,P0004,87,20,0
2025-11-07,S002,P0005,23,20,0
2025-11-07,S002,P0006,48,20,0
2025-11-07,S002,P0007,97,20,0
2025-11-07,S002,P0008,108,20,0
2025-11-07,S002,P0009,75,20,0
2025-11-07,S002,P0010,60,20,0
2025-11-07,S003,P0001,107,20,0
2025-11-07,S003,P0002,97,20,0
2025-11-07,S003,P0003,32,20,0
2025-11-07,S003,P0004,92,20,0
2025-11-07,S003,P0005,76,20,0
2025-11-07,S003,P0006,88,20,0
2025-11-07,S003,P0007,23,20,0
2025-11-07,S003,P0008,114,20,0
2025-11-07,S003,P0009,69,20,0
2025-11-07,S003,P0010,26,20,0
2025-11-07,S004,P0001,103,20,0
2025-11-07,S004,P0002,114,20,0
2025-11-07,S004,P0003,108,20,0
2025-11-07,S004,P0004,104,20,0
2025-11-07,S004,P0005,117,20,0
2025-11-07,S004,P0006,82,20,0
2025-11-07,S004,P0007,118,20,0
2025-11-07,S004,P0008,59,20,0
2025-11-07,S004,P0009,65,20,0
2025-11-07,S004,P0010,39,20,0
2025-11-07,S005,P0001,102,20,0
2025-11-07,S005,P0002,118,20,0
2025-11-07,S005,P0003,35,20,0
2025-11-07,S005,P0004,100,20,0
2025-11-07,S005,P0005,114,20,0
2025-11-07,S005,P0006,33,20,0
2025-11-07,S005,P0007,67,20,0
2025-11-07,S005,P0008,84,20,0
2025-11-07,S005,P0009,100,20,0
2025-11-07,S005,P0010,73,20,0
2025-11-08,S001,P0001,104,20,0
2025-11-08,S001,P0002,96,20,0
2025-11-08,S001,P0003,89,20,0
2025-11-08,S001,P0004,118,20,0
2025-11-08,S001,P0005,87,20,0
2025-11-08,S001,P0006,75,20,0
2025-11-08,S001,P0007,67,20,0
2025-11-08,S001,P0008,77,20,0
2025-11-08,S001,P0009,72,20,0
2025-11-08,S001,P0010,80,20,0
2025-11-08,S002,P0001,86,20,0
2025-11-08,S002,P0002,45,20,0
2025-11-08,S002,P0003,112,20,0
2025-11-08,S002,P0004,87,20,0
2025-11-08,S002,P0005,20,20,0
2025-11-08,S002,P0006,47,20,0
2025-11-08,S002,P0007,96,20,0
2025-11-08,S002,P0008,104,20,0
2025-11-08,S002,P0009,74,20,0
2025-11-08,S002,P0010,60,20,0
2025-11-08,S003,P0001,105,20,0
2025-11-08,S003,P0002,96,20,0
2025-11-08,S003,P0003,31,20,0
2025-11-08,S003,P0004,91,20,0
2025-11-08,S003,P0005,74,20,0
2025-11-08,S003,P0006,87,20,0
2025-11-08,S003,P0007,23,20,0
2025-11-08,S003,P0008,113,20,0
2025-11-08,S003,P0009,67,20,0
2025-11-08,S003,P0010,25,20,0
2025-11-08,S004,P0001,101,20,0
2025-11-08,S004,P0002,112,20,0
2025-11-08,S004,P0003,107,20,0
2025-11-08,S004,P0004,104,20,0
2025-11-08,S004,P0005,116,20,0
2025-11-08,S004,P0006,82,20,0
2025-11-08,S004,P0007,115,20,0
2025-11-08,S004,P0008,57,20,0
2025-11-08,S004,P0009,63,20,0
2025-11-08,S004,P0010,38,20,0
2025-11-08,S005,P0001,101,20,0
2025-11-08,S005,P0002,118,20,0
2025-11-08,S005,P0003,33,20,0
2025-11-08,S005,P0004,100,20,0
2025-11-08,S005,P0005,113,20,0
2025-11-08,S005,P0006,31,20,0
2025-11-08,S005,P0007,67,20,0
2025-11-08,S005,P0008,83,20,0
2025-11-08,S005,P0009,96,20,0
2025-11-08,S005,P0010,72,20,0
2025-11-09,S001,P0001,103,20,0
2025-11-09,S001,P0002,95,20,0
2025-11-09,S001,P0003,88,20,0
2025-11-09,S001,P0004,118,20,0
2025-11-09,S001,P0005,80,20,0
2025-11-09,S001,P0006,72,20,0
2025-11-09,S001,P0007,67,20,0
2025-11-09,S001,P0008,76,20,0
2025-11-09,S001,P0009,70,20,0
2025-11-09,S001,P0010,80,20,0
2025-11-09,S002,P0001,83,20,0
2025-11-09,S002,P0002,42,20,0
2025-11-09,S002,P0003,110,20,0
2025-11-09,S002,P0004,87,20,0
2025-11-09,S002,P0005,118,20,0
2025-11-09,S002,P0006,47,20,0
2025-11-09,S002,P0007,94,20,0
2025-11-09,S002,P0008,100,20,0
2025-11-09,S002,P0009,73,20,0
2025-11-09,S002,P0010,59,20,0
2025-11-09,S003,P0001,103,20,0
2025-11-09,S003,P0002,95,20,0
2025-11-09,S003,P0003,31,20,0
2025-11-09,S003,P0004,91,20,0
2025-11-09,S003,P0005,72,20,0
2025-11-09,S003,P0006,87,20,0
2025-11-09,S003,P0007,22,20,0
2025-11-09,S003,P0008,110,20,0
2025-11-09,S003,P0009,64,20,0
2025-11-09,S003,P0010,22,20,0
2025-11-09,S004,P0001,99,20,0
2025-11-09,S004,P0002,112,20,0
2025-11-09,S004,P0003,107,20,0
2025-11-09,S004,P0004,104,20,0
2025-11-09,S004,P0005,112,20,0
2025-11-09,S004,P0006,80,20,0
2025-11-09,S004,P0007,115,20,0
2025-11-09,S004,P0008,57,20,0
2025-11-09,S004,P0009,61,20,0
2025-11-09,S004,P0010,37,20,0
2025-11-09,S005,P0001,100,20,0
2025-11-09,S005,P0002,117,20,0
2025-11-09,S005,P0003,30,20,0
2025-11-09,S005,P0004,99,20,0
2025-11-09,S005,P0005,111,20,0
2025-11-09,S005,P0006,28,20,0
2025-11-09,S005,P0007,67,20,0
2025-11-09,S005,P0008,81,20,0
2025-11-09,S005,P0009,95,20,0
2025-11-09,S005,P0010,69,20,0
2025-11-10,S001,P0001,101,20,0
2025-11-10,S001,P0002,94,20,0
2025-11-10,S001,P0003,87,20,0
2025-11-10,S001,P0004,117,20,0
2025-11-10,S001,P0005,76,20,0
2025-11-10,S001,P0006,72,20,0
2025-11-10,S001,P0007,65,20,0
2025-11-10,S001,P0008,75,20,0
2025-11-10,S001,P0009,69,20,0
2025-11-10,S001,P0010,77,20,0
2025-11-10,S002,P0001,81,20,0
2025-11-10,S002,P0002,40,20,0
2025-11-10,S002,P0003,106,20,0
2025-11-10,S002,P0004,87,20,0
2025-11-10,S002,P0005,116,20,0
2025-11-10,S002,P0006,47,20,0
2025-11-10,S002,P0007,93,20,0
2025-11-10,S002,P0008,98,20,0
2025-11-10,S002,P0009,72,20,0
2025-11-10,S002,P0010,58,20,0
2025-11-10,S003,P0001,101,20,0
2025-11-10,S003,P0002,91,20,0
2025-11-10,S003,P0003,29,20,0
2025-11-10,S003,P0004,90,20,0
2025-11-10,S003,P0005,68,20,0
2025-11-10,S003,P0006,86,20,0
2025-11-10,S003,P0007,22,20,0
2025-11-10,S003,P0008,108,20,0
2025-11-10,S003,P0009,64,20,0
2025-11-10,S003,P0010,119,20,0
2025-11-10,S004,P0001,96,20,0
2025-11-10,S004,P0002,111,20,0
2025-11-10,S004,P0003,106,20,0
2025-11-10,S004,P0004,103,20,0
2025-11-10,S004,P0005,111,20,0
2025-11-10,S004,P0006,78,20,0
2025-11-10,S004,P0007,115,20,0
2025-11-10,S004,P0008,55,20,0
2025-11-10,S004,P0009,59,20,0
2025-11-10,S004,P0010,37,20,0
2025-11-10,S005,P0001,100,20,0
2025-11-10,S005,P0002,116,20,0
2025-11-10,S005,P0003,30,20,0
2025-11-10,S005,P0004,99,20,0
2025-11-10,S005,P0005,109,20,0
2025-11-10,S005,P0006,27,20,0
2025-11-10,S005,P0007,67,20,0
2025-11-10,S005,P0008,81,20,0
2025-11-10,S005,P0009,94,20,0
2025-11-10,S005,P0010,69,20,0
2025-11-11,S001,P0001,99,20,0
2025-11-11,S001,P0002,94,20,0
2025-11-11,S001,P0003,87,20,0
2025-11-11,S001,P0004,116,20,0
2025-11-11,S001,P0005,73,20,0
2025-11-11,S001,P0006,72,20,0
2025-11-11,S001,P0007,63,20,0
2025-11-11,S001,P0008,74,20,0
2025-11-11,S001,P0009,67,20,0
2025-11-11,S001,P0010,77,20,0
2025-11-11,S002,P0001,80,20,0
2025-11-11,S002,P0002,38,20,0
2025-11-11,S002,P0003,106,20,0
2025-11-11,S002,P0004,87,20,0
2025-11-11,S002,P0005,114,20,0
2025-11-11,S002,P0006,46,20,0
2025-11-11,S002,P0007,91,20,0
2025-11-11,S002,P0008,97,20,0
2025-11-11,S002,P0009,70,20,0
2025-11-11,S002,P0010,57,20,0
2025-11-11,S003,P0001,98,20,0
2025-11-11,S003,P0002,89,20,0
2025-11-11,S003,P0003,28,20,0
2025-11-11,S003,P0004,86,20,0
2025-11-11,S003,P0005,65,20,0
2025-11-11,S003,P0006,85,20,0
2025-11-11,S003,P0007,21,20,0
2025-11-11,S003,P0008,107,20,0
2025-11-11,S003,P0009,62,20,0
2025-11-11,S003,P0010,117,20,0
2025-11-11,S004,P0001,96,20,0
2025-11-11,S004,P0002,110,20,0
2025-11-11,S004,P0003,104,20,0
2025-11-11,S004,P0004,102,20,0
2025-11-11,S004,P0005,111,20,0
2025-11-11,S004,P0006,77,20,0
2025-11-11,S004,P0007,115,20,0
2025-11-11,S004,P0008,53,20,0
2025-11-11,S004,P0009,56,20,0
2025-11-11,S004,P0010,37,20,0
2025-11-11,S005,P0001,100,20,0
2025-11-11,S005,P0002,114,20,0
2025-11-11,S005,P0003,30,20,0
2025-11-11,S005,P0004,99,20,0
2025-11-11,S005,P0005,107,20,0
2025-11-11,S005,P0006,27,20,0
2025-11-11,S005,P0007,66,20,0
2025-11-11,S005,P0008,80,20,0
2025-11-11,S005,P0009,93,20,0
2025-11-11,S005,P0010,66,20,0
2025-11-12,S001,P0001,95,20,0
2025-11-12,S001,P0002,91,20,0
2025-11-12,S001,P0003,87,20,0
2025-11-12,S001,P0004,116,20,0
2025-11-12,S001,P0005,72,20,0
2025-11-12,S001,P0006,72,20,0
2025-11-12,S001,P0007,63,20,0
2025-11-12,S001,P0008,74,20,0
2025-11-12,S001,P0009,62,20,0
2025-11-12,S001,P0010,76,20,0
2025-11-12,S002,P0001,79,20,0
2025-11-12,S002,P0002,38,20,0
2025-11-12,S002,P0003,105,20,0
2025-11-12,S002,P0004,87,20,0
2025-11-12,S002,P0005,111,20,0
2025-11-12,S002,P0006,46,20,0
2025-11-12,S002,P0007,89,20,0
2025-11-12,S002,P0008,97,20,0
2025-11-12,S002,P0009,69,20,0
2025-11-12,S002,P0010,57,20,0
2025-11-12,S003,P0001,97,20,0
2025-11-12,S003,P0002,89,20,0
2025-11-12,S003,P0003,27,20,0
2025-11-12,S003,P0004,86,20,0
2025-11-12,S003,P0005,62,20,0
2025-11-12,S003,P0006,83,20,0
2025-11-12,S003,P0007,20,20,0
2025-11-12,S003,P0008,106,20,0
2025-11-12,S003,P0009,58,20,0
2025-11-12,S003,P0010,115,20,0
2025-11-12,S004,P0001,92,20,0
2025-11-12,S004,P0002,107,20,0
2025-11-12,S004,P0003,102,20,0
2025-11-12,S004,P0004,101,20,0
2025-11-12,S004,P0005,107,20,0
2025-11-12,S004,P0006,77,20,0
2025-11-12,S004,P0007,113,20,0
2025-11-12,S004,P0008,52,20,0
2025-11-12,S004,P0009,53,20,0
2025-11-12,S004,P0010,37,20,0
2025-11-12,S005,P0001,98,20,0
2025-11-12,S005,P0002,114,20,0
2025-11-12,S005,P0003,28,20,0
2025-11-12,S005,P0004,97,20,0
2025-11-12,S005,P0005,103,20,0
2025-11-12,S005,P0006,25,20,0
2025-11-12,S005,P0007,64,20,0
2025-11-12,S005,P0008,77,20,0
2025-11-12,S005,P0009,91,20,0
2025-11-12,S005,P0010,63,20,0
2025-11-13,S001,P0001,95,20,0
2025-11-13,S001,P0002,90,20,0
2025-11-13,S001,P0003,86,20,0
2025-11-13,S001,P0004,116,20,0
2025-11-13,S001,P0005,70,20,0
2025-11-13,S001,P0006,71,20,0
2025-11-13,S001,P0007,63,20,0
2025-11-13,S001,P0008,73,20,0
2025-11-13,S001,P0009,61,20,0
2025-11-13,S001,P0010,75,20,0
2025-11-13,S002,P0001,76,20,0
2025-11-13,S002,P0002,32,20,0
2025-11-13,S002,P0003,104,20,0
2025-11-13,S002,P0004,87,20,0
2025-11-13,S002,P0005,109,20,0
2025-11-13,S002,P0006,46,20,0
2025-11-13,S002,P0007,86,20,0
2025-11-13,S002,P0008,97,20,0
2025-11-13,S002,P0009,69,20,0
2025-11-13,S002,P0010,56,20,0
2025-11-13,S003,P0001,96,20,0
2025-11-13,S003,P0002,88,20,0
2025-11-13,S003,P0003,25,20,0
2025-11-13,S003,P0004,85,20,0
2025-11-13,S003,P0005,60,20,0
2025-11-13,S003,P0006,81,20,0
2025-11-13,S003,P0007,119,20,0
2025-11-13,S003,P0008,106,20,0
2025-11-13,S003,P0009,56,20,0
2025-11-13,S003,P0010,113,20,0
2025-11-13,S004,P0001,91,20,0
2025-11-13,S004,P0002,107,20,0
2025-11-13,S004,P0003,100,20,0
2025-11-13,S004,P0004,100,20,0
2025-11-13,S004,P0005,104,20,0
2025-11-13,S004,P0006,75,20,0
2025-11-13,S004,P0007,112,20,0
2025-11-13,S004,P0008,50,20,0
2025-11-13,S004,P0009,53,20,0
2025-11-13,S004,P0010,37,20,0
2025-11-13,S005,P0001,96,20,0
2025-11-13,S005,P0002,112,20,0
2025-11-13,S005,P0003,27,20,0
2025-11-13,S005,P0004,95,20,0
2025-11-13,S005,P0005,100,20,0
2025-11-13,S005,P0006,25,20,0
2025-11-13,S005,P0007,63,20,0
2025-11-13,S005,P0008,77,20,0
2025-11-13,S005,P0009,87,20,0
2025-11-13,S005,P0010,63,20,0
2025-11-14,S001,P0001,94,20,0
2025-11-14,S001,P0002,88,20,0
2025-11-14,S001,P0003,83,20,0
2025-11-14,S001,P0004,115,20,0
2025-11-14,S001,P0005,70,20,0
2025-11-14,S001,P0006,70,20,0
2025-11-14,S001,P0007,62,20,0
2025-11-14,S001,P0008,71,20,0
2025-11-14,S001,P0009,61,20,0
2025-11-14,S001,P0010,72,20,0
2025-11-14,S002,P0001,74,20,0
2025-11-14,S002,P0002,29,20,0
2025-11-14,S002,P0003,102,20,0
2025-11-14,S002,P0004,85,20,0
2025-11-14,S002,P0005,109,20,0
2025-11-14,S002,P0006,46,20,0
2025-11-14,S002,P0007,85,20,0
2025-11-14,S002,P0008,95,20,0
2025-11-14,S002,P0009,66,20,0
2025-11-14,S002,P0010,54,20,0
2025-11-14,S003,P0001,94,20,0
2025-11-14,S003,P0002,86,20,0
2025-11-14,S003,P0003,25,20,0
2025-11-14,S003,P0004,84,20,0
2025-11-14,S003,P0005,58,20,0
2025-11-14,S003,P0006,80,20,0
2025-11-14,S003,P0007,117,20,0
2025-11-14,S003,P0008,106,20,0
2025-11-14,S003,P0009,54,20,0
2025-11-14,S003,P0010,109,20,0
2025-11-14,S004,P0001,91,20,0
2025-11-14,S004,P0002,105,20,0
2025-11-14,S004,P0003,100,20,0
2025-11-14,S004,P0004,99,20,0
2025-11-14,S004,P0005,104,20,0
2025-11-14,S004,P0006,74,20,0
2025-11-14,S004,P0007,111,20,0
2025-11-14,S004,P0008,47,20,0
2025-11-14,S004,P0009,52,20,0
2025-11-14,S004,P0010,37,20,0
2025-11-14,S005,P0001,96,20,0
2025-11-14,S005,P0002,110,20,0
2025-11-14,S005,P0003,26,20,0
2025-11-14,S005,P0004,94,20,0
2025-11-14,S005,P0005,98,20,0
2025-11-14,S005,P0006,25,20,0
2025-11-14,S005,P0007,62,20,0
2025-11-14,S005,P0008,75,20,0
2025-11-14,S005,P0009,87,20,0
2025-11-14,S005,P0010,62,20,0
2025-11-15,S001,P0001,91,20,0
2025-11-15,S001,P0002,87,20,0
2025-11-15,S001,P0003,82,20,0
2025-11-15,S001,P0004,114,20,0
2025-11-15,S001,P0005,68,20,0
2025-11-15,S001,P0006,70,20,0
2025-11-15,S001,P0007,61,20,0
2025-11-15,S001,P0008,69,20,0
2025-11-15,S001,P0009,61,20,0
2025-11-15,S001,P0010,71,20,0
2025-11-15,S002,P0001,72,20,0
2025-11-15,S002,P0002,28,20,0
2025-11-15,S002,P0003,101,20,0
2025-11-15,S002,P0004,84,20,0
2025-11-15,S002,P0005,107,20,0
2025-11-15,S002,P0006,45,20,0
2025-11-15,S002,P0007,85,20,0
2025-11-15,S002,P0008,93,20,0
2025-11-15,S002,P0009,61,20,0
2025-11-15,S002,P0010,53,20,0
2025-11-15,S003,P0001,93,20,0
2025-11-15,S003,P0002,82,20,0
2025-11-15,S003,P0003,24,20,0
2025-11-15,S003,P0004,84,20,0
2025-11-15,S003,P0005,56,20,0
2025-11-15,S003,P0006,80,20,0
2025-11-15,S003,P0007,116,20,0
2025-11-15,S003,P0008,103,20,0
2025-11-15,S003,P0009,53,20,0
2025-11-15,S003,P0010,106,20,0
2025-11-15,S004,P0001,91,20,0
2025-11-15,S004,P0002,104,20,0
2025-11-15,S004,P0003,98,20,0
2025-11-15,S004,P0004,99,20,0
2025-11-15,S004,P0005,102,20,0
2025-11-15,S004,P0006,73,20,0
2025-11-15,S004,P0007,110,20,0
2025-11-15,S004,P0008,46,20,0
2025-11-15,S004,P0009,50,20,0
2025-11-15,S004,P0010,36,20,0
2025-11-15,S005,P0001,94,20,0
2025-11-15,S005,P0002,109,20,0
2025-11-15,S005,P0003,25,20,0
2025-11-15,S005,P0004,93,20,0
2025-11-15,S005,P0005,95,20,0
2025-11-15,S005,P0006,25,20,0
2025-11-15,S005,P0007,62,20,0
2025-11-15,S005,P0008,74,20,0
2025-11-15,S005,P0009,87,20,0
2025-11-15,S005,P0010,59,20,0
2025-11-16,S001,P0001,88,20,0
2025-11-16,S001,P0002,86,20,0
2025-11-16,S001,P0003,80,20,0
2025-11-16,S001,P0004,114,20,0
2025-11-16,S001,P0005,66,20,0
2025-11-16,S001,P0006,69,20,0
2025-11-16,S001,P0007,61,20,0
2025-11-16,S001,P0008,68,20,0
2025-11-16,S001,P0009,60,20,0
2025-11-16,S001,P0010,70,20,0
2025-11-16,S002,P0001,70,20,0
2025-11-16,S002,P0002,27,20,0
2025-11-16,S002,P0003,100,20,0
2025-11-16,S002,P0004,83,20,0
2025-11-16,S002,P0005,105,20,0
2025-11-16,S002,P0006,43,20,0
2025-11-16,S002,P0007,84,20,0
2025-11-16,S002,P0008,92,20,0
2025-11-16,S002,P0009,58,20,0
2025-11-16,S002,P0010,52,20,0
2025-11-16,S003,P0001,92,20,0
2025-11-16,S003,P0002,81,20,0
2025-11-16,S003,P0003,23,20,0
2025-11-16,S003,P0004,80,20,0
2025-11-16,S003,P0005,52,20,0
2025-11-16,S003,P0006,78,20,0
2025-11-16,S003,P0007,115,20,0
2025-11-16,S003,P0008,102,20,0
2025-11-16,S003,P0009,51,20,0
2025-11-16,S003,P0010,103,20,0
2025-11-16,S004,P0001,90,20,0
2025-11-16,S004,P0002,100,20,0
2025-11-16,S004,P0003,97,20,0
2025-11-16,S004,P0004,99,20,0
2025-11-16,S004,P0005,96,20,0
2025-11-16,S004,P0006,73,20,0
2025-11-16,S004,P0007,109,20,0
2025-11-16,S004,P0008,46,20,0
2025-11-16,S004,P0009,46,20,0
2025-11-16,S004,P0010,36,20,0
2025-11-16,S005,P0001,93,20,0
2025-11-16,S005,P0002,106,20,0
2025-11-16,S005,P0003,25,20,0
2025-11-16,S005,P0004,92,20,0
2025-11-16,S005,P0005,93,20,0
2025-11-16,S005,P0006,25,20,0
2025-11-16,S005,P0007,62,20,0
2025-11-16,S005,P0008,73,20,0
2025-11-16,S005,P0009,85,20,0
2025-11-16,S005,P0010,57,20,0
2025-11-17,S001,P0001,88,20,0
2025-11-17,S001,P0002,85,20,0
2025-11-17,S001,P0003,80,20,0
2025-11-17,S001,P0004,112,20,0
2025-11-17,S001,P0005,64,20,0
2025-11-17,S001,P0006,69,20,0
2025-11-17,S001,P0007,60,20,0
2025-11-17,S001,P0008,67,20,0
2025-11-17,S001,P0009,56,20,0
2025-11-17,S001,P0010,68,20,0
2025-11-17,S002,P0001,69,20,0
2025-11-17,S002,P0002,26,20,0
2025-11-17,S002,P0003,98,20,0
2025-11-17,S002,P0004,83,20,0
2025-11-17,S002,P0005,105,20,0
2025-11-17,S002,P0006,43,20,0
2025-11-17,S002,P0007,84,20,0
2025-11-17,S002,P0008,91,20,0
2025-11-17,S002,P0009,55,20,0
2025-11-17,S002,P0010,50,20,0
2025-11-17,S003,P0001,90,20,0
2025-11-17,S003,P0002,81,20,0
2025-11-17,S003,P0003,21,20,0
2025-11-17,S003,P0004,79,20,0
2025-11-17,S003,P0005,50,20,0
2025-11-17,S003,P0006,78,20,0
2025-11-17,S003,P0007,114,20,0
2025-11-17,S003,P0008,102,20,0
2025-11-17,S003,P0009,50,20,0
2025-11-17,S003,P0010,102,20,0
2025-11-17,S004,P0001,90,20,0
2025-11-17,S004,P0002,100,20,0
2025-11-17,S004,P0003,96,20,0
2025-11-17,S004,P0004,97,20,0
2025-11-17,S004,P0005,93,20,0
2025-11-17,S004,P0006,73,20,0
2025-11-17,S004,P0007,109,20,0
2025-11-17,S004,P0008,45,20,0
2025-11-17,S004,P0009,44,20,0
2025-11-17,S004,P0010,34,20,0
2025-11-17,S005,P0001,91,20,0
2025-11-17,S005,P0002,102,20,0
2025-11-17,S005,P0003,23,20,0
2025-11-17,S005,P0004,90,20,0
2025-11-17,S005,P0005,91,20,0
2025-11-17,S005,P0006,24,20,0
2025-11-17,S005,P0007,60,20,0
2025-11-17,S005,P0008,72,20,0
2025-11-17,S005,P0009,85,20,0
2025-11-17,S005,P0010,55,20,0
2025-11-18,S001,P0001,87,20,0
2025-11-18,S001,P0002,85,20,0
2025-11-18,S001,P0003,78,20,0
2025-11-18,S001,P0004,111,20,0
2025-11-18,S001,P0005,63,20,0
2025-11-18,S001,P0006,69,20,0
2025-11-18,S001,P0007,58,20,0
2025-11-18,S001,P0008,65,20,0
2025-11-18,S001,P0009,54,20,0
2025-11-18,S001,P0010,67,20,0
2025-11-18,S002,P0001,66,20,0
2025-11-18,S002,P0002,26,20,0
2025-11-18,S002,P0003,94,20,0
2025-11-18,S002,P0004,81,20,0
2025-11-18,S002,P0005,100,20,0
2025-11-18,S002,P0006,42,20,0
2025-11-18,S002,P0007,84,20,0
2025-11-18,S002,P0008,89,20,0
2025-11-18,S002,P0009,53,20,0
2025-11-18,S002,P0010,50,20,0
2025-11-18,S003,P0001,88,20,0
2025-11-18,S003,P0002,81,20,0
2025-11-18,S003,P0003,20,20,0
2025-11-18,S003,P0004,78,20,0
2025-11-18,S003,P0005,47,20,0
2025-11-18,S003,P0006,78,20,0
2025-11-18,S003,P0007,114,20,0
2025-11-18,S003,P0008,101,20,0
2025-11-18,S003,P0009,49,20,0
2025-11-18,S003,P0010,100,20,0
2025-11-18,S004,P0001,87,20,0
2025-11-18,S004,P0002,99,20,0
2025-11-18,S004,P0003,96,20,0
2025-11-18,S004,P0004,96,20,0
2025-11-18,S004,P0005,92,20,0
2025-11-18,S004,P0006,73,20,0
2025-11-18,S004,P0007,106,20,0
2025-11-18,S004,P0008,43,20,0
2025-11-18,S004,P0009,39,20,0
2025-11-18,S004,P0010,33,20,0
2025-11-18,S005,P0001,89,20,0
2025-11-18,S005,P0002,99,20,0
2025-11-18,S005,P0003,21,20,0
2025-11-18,S005,P0004,90,20,0
2025-11-18,S005,P0005,88,20,0
2025-11-18,S005,P0006,23,20,0
2025-11-18,S005,P0007,59,20,0
2025-11-18,S005,P0008,71,20,0
2025-11-18,S005,P0009,85,20,0
2025-11-18,S005,P0010,55,20,0
2025-11-19,S001,P0001,87,20,0
2025-11-19,S001,P0002,85,20,0
2025-11-19,S001,P0003,75,20,0
2025-11-19,S001,P0004,111,20,0
2025-11-19,S001,P0005,58,20,0
2025-11-19,S001,P0006,68,20,0
2025-11-19,S001,P0007,57,20,0
2025-11-19,S001,P0008,63,20,0
2025-11-19,S001,P0009,52,20,0
2025-11-19,S001,P0010,67,20,0
2025-11-19,S002,P0001,61,20,0
2025-11-19,S002,P0002,22,20,0
2025-11-19,S002,P0003,92,20,0
2025-11-19,S002,P0004,79,20,0
2025-11-19,S002,P0005,99,20,0
2025-11-19,S002,P0006,40,20,0
2025-11-19,S002,P0007,83,20,0
2025-11-19,S002,P0008,88,20,0
2025-11-19,S002,P0009,53,20,0
2025-11-19,S002,P0010,47,20,0
2025-11-19,S003,P0001,84,20,0
2025-11-19,S003,P0002,81,20,0
2025-11-19,S003,P0003,118,20,0
2025-11-19,S003,P0004,78,20,0
2025-11-19,S003,P0005,45,20,0
2025-11-19,S003,P0006,78,20,0
2025-11-19,S003,P0007,114,20,0
2025-11-19,S003,P0008,101,20,0
2025-11-19,S003,P0009,46,20,0
2025-11-19,S003,P0010,99,20,0
2025-11-19,S004,P0001,86,20,0
2025-11-19,S004,P0002,97,20,0
2025-11-19,S004,P0003,95,20,0
2025-11-19,S004,P0004,96,20,0
2025-11-19,S004,P0005,90,20,0
2025-11-19,S004,P0006,72,20,0
2025-11-19,S004,P0007,105,20,0
2025-11-19,S004,P0008,42,20,0
2025-11-19,S004,P0009,35,20,0
2025-11-19,S004,P0010,31,20,0
2025-11-19,S005,P0001,89,20,0
2025-11-19,S005,P0002,99,20,0
2025-11-19,S005,P0003,21,20,0
2025-11-19,S005,P0004,90,20,0
2025-11-19,S005,P0005,87,20,0
2025-11-19,S005,P0006,23,20,0
2025-11-19,S005,P0007,58,20,0
2025-11-19,S005,P0008,68,20,0
2025-11-19,S005,P0009,85,20,0
2025-11-19,S005,P0010,54,20,0
2025-11-20,S001,P0001,83,20,0
2025-11-20,S001,P0002,84,20,0
2025-11-20,S001,P0003,75,20,0
2025-11-20,S001,P0004,110,20,0
2025-11-20,S001,P0005,53,20,0
2025-11-20,S001,P0006,68,20,0
2025-11-20,S001,P0007,57,20,0
2025-11-20,S001,P0008,62,20,0
2025-11-20,S001,P0009,51,20,0
2025-11-20,S001,P0010,66,20,0
2025-11-20,S002,P0001,60,20,0
2025-11-20,S002,P0002,119,20,0
2025-11-20,S002,P0003,92,20,0
2025-11-20,S002,P0004,78,20,0
2025-11-20,S002,P0005,95,20,0
2025-11-20,S002,P0006,39,20,0
2025-11-20,S002,P0007,82,20,0
2025-11-20,S002,P0008,85,20,0
2025-11-20,S002,P0009,53,20,0
2025-11-20,S002,P0010,45,20,0
2025-11-20,S003,P0001,83,20,0
2025-11-20,S003,P0002,78,20,0
2025-11-20,S003,P0003,118,20,0
2025-11-20,S003,P0004,76,20,0
2025-11-20,S003,P0005,43,20,0
2025-11-20,S003,P0006,78,20,0
2025-11-20,S003,P0007,113,20,0
2025-11-20,S003,P0008,100,20,0
2025-11-20,S003,P0009,44,20,0
2025-11-20,S003,P0010,99,20,0
2025-11-20,S004,P0001,83,20,0
2025-11-20,S004,P0002,97,20,0
2025-11-20,S004,P0003,91,20,0
2025-11-20,S004,P0004,95,20,0
2025-11-20,S004,P0005,89,20,0
2025-11-20,S004,P0006,71,20,0
2025-11-20,S004,P0007,104,20,0
2025-11-20,S004,P0008,41,20,0
2025-11-20,S004,P0009,33,20,0
2025-11-20,S004,P0010,29,20,0
2025-11-20,S005,P0001,89,20,0
2025-11-20,S005,P0002,98,20,0
2025-11-20,S005,P0003,119,20,0
2025-11-20,S005,P0004,87,20,0
2025-11-20,S005,P0005,85,20,0
2025-11-20,S005,P0006,23,20,0
2025-11-20,S005,P0007,58,20,0
2025-11-20,S005,P0008,67,20,0
2025-11-20,S005,P0009,84,20,0
2025-11-20,S005,P0010,53,20,0
2025-11-21,S001,P0001,83,20,0
2025-11-21,S001,P0002,82,20,0
2025-11-21,S001,P0003,74,20,0
2025-11-21,S001,P0004,108,20,0
2025-11-21,S001,P0005,51,20,0
2025-11-21,S001,P0006,67,20,0
2025-11-21,S001,P0007,57,20,0
2025-11-21,S001,P0008,61,20,0
2025-11-21,S001,P0009,48,20,0
2025-11-21,S001,P0010,65,20,0
2025-11-21,S002,P0001,58,20,0
2025-11-21,S002,P0002,119,20,0
2025-11-21,S002,P0003,90,20,0
2025-11-21,S002,P0004,76,20,0
2025-11-21,S002,P0005,92,20,0
2025-11-21,S002,P0006,38,20,0
2025-11-21,S002,P0007,82,20,0
2025-11-21,S002,P0008,84,20,0
2025-11-21,S002,P0009,52,20,0
2025-11-21,S002,P0010,43,20,0
2025-11-21,S003,P0001,82,20,0
2025-11-21,S003,P0002,76,20,0
2025-11-21,S003,P0003,116,20,0
2025-11-21,S003,P0004,75,20,0
2025-11-21,S003,P0005,41,20,0
2025-11-21,S003,P0006,78,20,0
2025-11-21,S003,P0007,112,20,0
2025-11-21,S003,P0008,100,20,0
2025-11-21,S003,P0009,44,20,0
2025-11-21,S003,P0010,99,20,0
2025-11-21,S004,P0001,82,20,0
2025-11-21,S004,P0002,96,20,0
2025-11-21,S004,P0003,89,20,0
2025-11-21,S004,P0004,95,20,0
2025-11-21,S004,P0005,87,20,0
2025-11-21,S004,P0006,69,20,0
2025-11-21,S004,P0007,104,20,0
2025-11-21,S004,P0008,41,20,0
2025-11-21,S004,P0009,31,20,0
2025-11-21,S004,P0010,29,20,0
2025-11-21,S005,P0001,88,20,0
2025-11-21,S005,P0002,98,20,0
2025-11-21,S005,P0003,119,20,0
2025-11-21,S005,P0004,86,20,0
2025-11-21,S005,P0005,82,20,0
2025-11-21,S005,P0006,23,20,0
2025-11-21,S005,P0007,53,20,0
2025-11-21,S005,P0008,65,20,0
2025-11-21,S005,P0009,84,20,0
2025-11-21,S005,P0010,53,20,0
2025-11-22,S001,P0001,79,20,0
2025-11-22,S001,P0002,75,20,0
2025-11-22,S001,P0003,70,20,0
2025-11-22,S001,P0004,104,20,0
2025-11-22,S001,P0005,44,20,0
2025-11-22,S001,P0006,67,20,0
2025-11-22,S001,P0007,57,20,0
2025-11-22,S001,P0008,58,20,0
2025-11-22,S001,P0009,42,20,0
2025-11-22,S001,P0010,59,20,0
2025-11-22,S002,P0001,53,20,0
2025-11-22,S002,P0002,116,20,0
2025-11-22,S002,P0003,85,20,0
2025-11-22,S002,P0004,72,20,0
2025-11-22,S002,P0005,85,20,0
2025-11-22,S002,P0006,38,20,0
2025-11-22,S002,P0007,81,20,0
2025-11-22,S002,P0008,79,20,0
2025-11-22,S002,P0009,46,20,0
2025-11-22,S002,P0010,34,20,0
2025-11-22,S003,P0001,75,20,0
2025-11-22,S003,P0002,73,20,0
2025-11-22,S003,P0003,108,20,0
2025-11-22,S003,P0004,72,20,0
2025-11-22,S003,P0005,38,20,0
2025-11-22,S003,P0006,75,20,0
2025-11-22,S003,P0007,110,20,0
2025-11-22,S003,P0008,96,20,0
2025-11-22,S003,P0009,41,20,0
2025-11-22,S003,P0010,93,20,0
2025-11-22,S004,P0001,80,20,0
2025-11-22,S004,P0002,93,20,0
2025-11-22,S004,P0003,83,20,0
2025-11-22,S004,P0004,89,20,0
2025-11-22,S004,P0005,79,20,0
2025-11-22,S004,P0006,68,20,0
2025-11-22,S004,P0007,95,20,0
2025-11-22,S004,P0008,39,20,0
2025-11-22,S004,P0009,20,20,0
2025-11-22,S004,P0010,24,20,0
2025-11-22,S005,P0001,83,20,0
2025-11-22,S005,P0002,87,20,0
2025-11-22,S005,P0003,119,20,0
2025-11-22,S005,P0004,78,20,0
2025-11-22,S005,P0005,77,20,0
2025-11-22,S005,P0006,21,20,0
2025-11-22,S005,P0007,49,20,0
2025-11-22,S005,P0008,59,20,0
2025-11-22,S005,P0009,79,20,0
2025-11-22,S005,P0010,49,20,0
2025-11-23,S001,P0001,73,20,0
2025-11-23,S001,P0002,68,20,0
2025-11-23,S001,P0003,66,20,0
2025-11-23,S001,P0004,99,20,0
2025-11-23,S001,P0005,39,20,0
2025-11-23,S001,P0006,65,20,0
2025-11-23,S001,P0007,53,20,0
2025-11-23,S001,P0008,55,20,0
2025-11-23,S001,P0009,37,20,0
2025-11-23,S001,P0010,57,20,0
2025-11-23,S002,P0001,49,20,0
2025-11-23,S002,P0002,111,20,0
2025-11-23,S002,P0003,78,20,0
2025-11-23,S002,P0004,70,20,0
2025-11-23,S002,P0005,81,20,0
2025-11-23,S002,P0006,35,20,0
2025-11-23,S002,P0007,77,20,0
2025-11-23,S002,P0008,73,20,0
2025-11-23,S002,P0009,41,20,0
2025-11-23,S002,P0010,27,20,0
2025-11-23,S003,P0001,73,20,0
2025-11-23,S003,P0002,68,20,0
2025-11-23,S003,P0003,105,20,0
2025-11-23,S003,P0004,69,20,0
2025-11-23,S003,P0005,31,20,0
2025-11-23,S003,P0006,71,20,0
2025-11-23,S003,P0007,107,20,0
2025-11-23,S003,P0008,92,20,0
2025-11-23,S003,P0009,34,20,0
2025-11-23,S003,P0010,88,20,0
2025-11-23,S004,P0001,75,20,0
2025-11-23,S004,P0002,89,20,0
2025-11-23,S004,P0003,79,20,0
2025-11-23,S004,P0004,86,20,0
2025-11-23,S004,P0005,69,20,0
2025-11-23,S004,P0006,66,20,0
2025-11-23,S004,P0007,90,20,0
2025-11-23,S004,P0008,37,20,0
2025-11-23,S004,P0009,114,20,0
2025-11-23,S004,P0010,22,20,0
2025-11-23,S005,P0001,82,20,0
2025-11-23,S005,P0002,83,20,0
2025-11-23,S005,P0003,114,20,0
2025-11-23,S005,P0004,71,20,0
2025-11-23,S005,P0005,70,20,0
2025-11-23,S005,P0006,20,20,0
2025-11-23,S005,P0007,45,20,0
2025-11-23,S005,P0008,57,20,0
2025-11-23,S005,P0009,71,20,0
2025-11-23,S005,P0010,47,20,0
2025-11-24,S001,P0001,71,20,0
2025-11-24,S001,P0002,56,20,0
2025-11-24,S001,P0003,61,20,0
2025-11-24,S001,P0004,96,20,0
2025-11-24,S001,P0005,34,20,0
2025-11-24,S001,P0006,60,20,0
2025-11-24,S001,P0007,50,20,0
2025-11-24,S001,P0008,51,20,0
2025-11-24,S001,P0009,34,20,0
2025-11-24,S001,P0010,55,20,0
2025-11-24,S002,P0001,46,20,0
2025-11-24,S002,P0002,103,20,0
2025-11-24,S002,P0003,76,20,0
2025-11-24,S002,P0004,66,20,0
2025-11-24,S002,P0005,77,20,0
2025-11-24,S002,P0006,33,20,0
2025-11-24,S002,P0007,72,20,0
2025-11-24,S002,P0008,69,20,0
2025-11-24,S002,P0009,37,20,0
2025-11-24,S002,P0010,119,20,0
2025-11-24,S003,P0001,69,20,0
2025-11-24,S003,P0002,60,20,0
2025-11-24,S003,P0003,101,20,0
2025-11-24,S003,P0004,65,20,0
2025-11-24,S003,P0005,118,20,0
2025-11-24,S003,P0006,68,20,0
2025-11-24,S003,P0007,104,20,0
2025-11-24,S003,P0008,86,20,0
2025-11-24,S003,P0009,31,20,0
2025-11-24,S003,P0010,87,20,0
2025-11-24,S004,P0001,72,20,0
2025-11-24,S004,P0002,84,20,0
2025-11-24,S004,P0003,73,20,0
2025-11-24,S004,P0004,81,20,0
2025-11-24,S004,P0005,56,20,0
2025-11-24,S004,P0006,64,20,0
2025-11-24,S004,P0007,88,20,0
2025-11-24,S004,P0008,32,20,0
2025-11-24,S004,P0009,106,20,0
2025-11-24,S004,P0010,21,20,0
2025-11-24,S005,P0001,80,20,0
2025-11-24,S005,P0002,78,20,0
2025-11-24,S005,P0003,107,20,0
2025-11-24,S005,P0004,67,20,0
2025-11-24,S005,P0005,57,20,0
2025-11-24,S005,P0006,114,20,0
2025-11-24,S005,P0007,43,20,0
2025-11-24,S005,P0008,53,20,0
2025-11-24,S005,P0009,64,20,0
2025-11-24,S005,P0010,41,20,0
2025-11-25,S001,P0001,65,20,0
2025-11-25,S001,P0002,50,20,0
2025-11-25,S001,P0003,54,20,0
2025-11-25,S001,P0004,89,20,0
2025-11-25,S001,P0005,30,20,0
2025-11-25,S001,P0006,57,20,0
2025-11-25,S001,P0007,49,20,0
2025-11-25,S001,P0008,44,20,0
2025-11-25,S001,P0009,27,20,0
2025-11-25,S001,P0010,49,20,0
2025-11-25,S002,P0001,43,20,0
2025-11-25,S002,P0002,98,20,0
2025-11-25,S002,P0003,72,20,0
2025-11-25,S002,P0004,60,20,0
2025-11-25,S002,P0005,68,20,0
2025-11-25,S002,P0006,32,20,0
2025-11-25,S002,P0007,69,20,0
2025-11-25,S002,P0008,67,20,0
2025-11-25,S002,P0009,33,20,0
2025-11-25,S002,P0010,115,20,0
2025-11-25,S003,P0001,66,20,0
2025-11-25,S003,P0002,56,20,0
2025-11-25,S003,P0003,98,20,0
2025-11-25,S003,P0004,63,20,0
2025-11-25,S003,P0005,109,20,0
2025-11-25,S003,P0006,64,20,0
2025-11-25,S003,P0007,99,20,0
2025-11-25,S003,P0008,79,20,0
2025-11-25,S003,P0009,22,20,0
2025-11-25,S003,P0010,83,20,0
2025-11-25,S004,P0001,70,20,0
2025-11-25,S004,P0002,77,20,0
2025-11-25,S004,P0003,70,20,0
2025-11-25,S004,P0004,76,20,0
2025-11-25,S004,P0005,46,20,0
2025-11-25,S004,P0006,63,20,0
2025-11-25,S004,P0007,84,20,0
2025-11-25,S004,P0008,28,20,0
2025-11-25,S004,P0009,100,20,0
2025-11-25,S004,P0010,114,20,0
2025-11-25,S005,P0001,78,20,0
2025-11-25,S005,P0002,75,20,0
2025-11-25,S005,P0003,106,20,0
2025-11-25,S005,P0004,64,20,0
2025-11-25,S005,P0005,51,20,0
2025-11-25,S005,P0006,112,20,0
2025-11-25,S005,P0007,35,20,0
2025-11-25,S005,P0008,46,20,0
2025-11-25,S005,P0009,54,20,0
2025-11-25,S005,P0010,36,20,0
2025-11-26,S001,P0001,60,20,0
2025-11-26,S001,P0002,43,20,0
2025-11-26,S001,P0003,48,20,0
2025-11-26,S001,P0004,83,20,0
2025-11-26,S001,P0005,117,20,0
2025-11-26,S001,P0006,54,20,0
2025-11-26,S001,P0007,44,20,0
2025-11-26,S001,P0008,41,20,0
2025-11-26,S001,P0009,118,20,0
2025-11-26,S001,P0010,44,20,0
2025-11-26,S002,P0001,37,20,0
2025-11-26,S002,P0002,96,20,0
2025-11-26,S002,P0003,66,20,0
2025-11-26,S002,P0004,58,20,0
2025-11-26,S002,P0005,61,20,0
2025-11-26,S002,P0006,29,20,0
2025-11-26,S002,P0007,65,20,0
2025-11-26,S002,P0008,63,20,0
2025-11-26,S002,P0009,29,20,0
2025-11-26,S002,P0010,110,20,0
2025-11-26,S003,P0001,59,20,0
2025-11-26,S003,P0002,49,20,0
2025-11-26,S003,P0003,92,20,0
2025-11-26,S003,P0004,60,20,0
2025-11-26,S003,P0005,103,20,0
2025-11-26,S003,P0006,61,20,0
2025-11-26,S003,P0007,97,20,0
2025-11-26,S003,P0008,76,20,0
2025-11-26,S003,P0009,117,20,0
2025-11-26,S003,P0010,80,20,0
2025-11-26,S004,P0001,68,20,0
2025-11-26,S004,P0002,72,20,0
2025-11-26,S004,P0003,63,20,0
2025-11-26,S004,P0004,73,20,0
2025-11-26,S004,P0005,39,20,0
2025-11-26,S004,P0006,62,20,0
2025-11-26,S004,P0007,84,20,0
2025-11-26,S004,P0008,25,20,0
2025-11-26,S004,P0009,98,20,0
2025-11-26,S004,P0010,108,20,0
2025-11-26,S005,P0001,77,20,0
2025-11-26,S005,P0002,67,20,0
2025-11-26,S005,P0003,105,20,0
2025-11-26,S005,P0004,60,20,0
2025-11-26,S005,P0005,44,20,0
2025-11-26,S005,P0006,109,20,0
2025-11-26,S005,P0007,30,20,0
2025-11-26,S005,P0008,39,20,0
2025-11-26,S005,P0009,50,20,0
2025-11-26,S005,P0010,30,20,0
2025-11-27,S001,P0001,55,20,0
2025-11-27,S001,P0002,40,20,0
2025-11-27,S001,P0003,44,20,0
2025-11-27,S001,P0004,77,20,0
2025-11-27,S001,P0005,113,20,0
2025-11-27,S001,P0006,46,20,0
2025-11-27,S001,P0007,42,20,0
2025-11-27,S001,P0008,38,20,0
2025-11-27,S001,P0009,112,20,0
2025-11-27,S001,P0010,42,20,0
2025-11-27,S002,P0001,34,20,0
2025-11-27,S002,P0002,92,20,0
2025-11-27,S002,P0003,62,20,0
2025-11-27,S002,P0004,57,20,0
2025-11-27,S002,P0005,57,20,0
2025-11-27,S002,P0006,29,20,0
2025-11-27,S002,P0007,59,20,0
2025-11-27,S002,P0008,58,20,0
2025-11-27,S002,P0009,28,20,0
2025-11-27,S002,P0010,108,20,0
2025-11-27,S003,P0001,52,20,0
2025-11-27,S003,P0002,49,20,0
2025-11-27,S003,P0003,89,20,0
2025-11-27,S003,P0004,56,20,0
2025-11-27,S003,P0005,93,20,0
2025-11-27,S003,P0006,59,20,0
2025-11-27,S003,P0007,93,20,0
2025-11-27,S003,P0008,67,20,0
2025-11-27,S003,P0009,109,20,0
2025-11-27,S003,P0010,74,20,0
2025-11-27,S004,P0001,68,20,0
2025-11-27,S004,P0002,68,20,0
2025-11-27,S004,P0003,58,20,0
2025-11-27,S004,P0004,66,20,0
2025-11-27,S004,P0005,31,20,0
2025-11-27,S004,P0006,60,20,0
2025-11-27,S004,P0007,82,20,0
2025-11-27,S004,P0008,24,20,0
2025-11-27,S004,P0009,94,20,0
2025-11-27,S004,P0010,106,20,0
2025-11-27,S005,P0001,74,20,0
2025-11-27,S005,P0002,62,20,0
2025-11-27,S005,P0003,99,20,0
2025-11-27,S005,P0004,53,20,0
2025-11-27,S005,P0005,37,20,0
2025-11-27,S005,P0006,107,20,0
2025-11-27,S005,P0007,28,20,0
2025-11-27,S005,P0008,33,20,0
2025-11-27,S005,P0009,39,20,0
2025-11-27,S005,P0010,26,20,0
2025-11-28,S001,P0001,48,20,0
2025-11-28,S001,P0002,35,20,0
2025-11-28,S001,P0003,40,20,0
2025-11-28,S001,P0004,74,20,0
2025-11-28,S001,P0005,103,20,0
2025-11-28,S001,P0006,42,20,0
2025-11-28,S001,P0007,40,20,0
2025-11-28,S001,P0008,35,20,0
2025-11-28,S001,P0009,109,20,0
2025-11-28,S001,P0010,39,20,0
2025-11-28,S002,P0001,33,20,0
2025-11-28,S002,P0002,84,20,0
2025-11-28,S002,P0003,56,20,0
2025-11-28,S002,P0004,55,20,0
2025-11-28,S002,P0005,50,20,0
2025-11-28,S002,P0006,27,20,0
2025-11-28,S002,P0007,51,20,0
2025-11-28,S002,P0008,52,20,0
2025-11-28,S002,P0009,20,20,0
2025-11-28,S002,P0010,102,20,0
2025-11-28,S003,P0001,46,20,0
2025-11-28,S003,P0002,43,20,0
2025-11-28,S003,P0003,86,20,0
2025-11-28,S003,P0004,55,20,0
2025-11-28,S003,P0005,86,20,0
2025-11-28,S003,P0006,57,20,0
2025-11-28,S003,P0007,90,20,0
2025-11-28,S003,P0008,62,20,0
2025-11-28,S003,P0009,98,20,0
2025-11-28,S003,P0010,69,20,0
2025-11-28,S004,P0001,67,20,0
2025-11-28,S004,P0002,63,20,0
2025-11-28,S004,P0003,52,20,0
2025-11-28,S004,P0004,64,20,0
2025-11-28,S004,P0005,21,20,0
2025-11-28,S004,P0006,59,20,0
2025-11-28,S004,P0007,76,20,0
2025-11-28,S004,P0008,20,20,0
2025-11-28,S004,P0009,89,20,0
2025-11-28,S004,P0010,102,20,0
2025-11-28,S005,P0001,70,20,0
2025-11-28,S005,P0002,55,20,0
2025-11-28,S005,P0003,92,20,0
2025-11-28,S005,P0004,50,20,0
2025-11-28,S005,P0005,28,20,0
2025-11-28,S005,P0006,102,20,0
2025-11-28,S005,P0007,28,20,0
2025-11-28,S005,P0008,27,20,0
2025-11-28,S005,P0009,36,20,0
2025-11-28,S005,P0010,23,20,0
2025-11-29,S001,P0001,41,20,0
2025-11-29,S001,P0002,33,20,0
2025-11-29,S001,P0003,36,20,0
2025-11-29,S001,P0004,73,20,0
2025-11-29,S001,P0005,96,20,0
2025-11-29,S001,P0006,39,20,0
2025-11-29,S001,P0007,37,20,0
2025-11-29,S001,P0008,29,20,0
2025-11-29,S001,P0009,105,20,0
2025-11-29,S001,P0010,34,20,0
2025-11-29,S002,P0001,27,20,0
2025-11-29,S002,P0002,76,20,0
2025-11-29,S002,P0003,52,20,0
2025-11-29,S002,P0004,52,20,0
2025-11-29,S002,P0005,39,20,0
2025-11-29,S002,P0006,27,20,0
2025-11-29,S002,P0007,47,20,0
2025-11-29,S002,P0008,49,20,0
2025-11-29,S002,P0009,116,20,0
2025-11-29,S002,P0010,94,20,0
2025-11-29,S003,P0001,40,20,0
2025-11-29,S003,P0002,36,20,0
2025-11-29,S003,P0003,83,20,0
2025-11-29,S003,P0004,52,20,0
2025-11-29,S003,P0005,76,20,0
2025-11-29,S003,P0006,54,20,0
2025-11-29,S003,P0007,87,20,0
2025-11-29,S003,P0008,57,20,0
2025-11-29,S003,P0009,92,20,0
2025-11-29,S003,P0010,68,20,0
2025-11-29,S004,P0001,60,20,0
2025-11-29,S004,P0002,56,20,0
2025-11-29,S004,P0003,49,20,0
2025-11-29,S004,P0004,63,20,0
2025-11-29,S004,P0005,112,20,0
2025-11-29,S004,P0006,59,20,0
2025-11-29,S004,P0007,73,20,0
2025-11-29,S004,P0008,114,20,0
2025-11-29,S004,P0009,81,20,0
2025-11-29,S004,P0010,102,20,0
2025-11-29,S005,P0001,67,20,0
2025-11-29,S005,P0002,51,20,0
2025-11-29,S005,P0003,88,20,0
2025-11-29,S005,P0004,49,20,0
2025-11-29,S005,P0005,118,20,0
2025-11-29,S005,P0006,98,20,0
2025-11-29,S005,P0007,27,20,0
2025-11-29,S005,P0008,23,20,0
2025-11-29,S005,P0009,31,20,0
2025-11-29,S005,P0010,116,20,0
2025-11-30,S001,P0001,39,20,0
2025-11-30,S001,P0002,29,20,0
2025-11-30,S001,P0003,29,20,0
2025-11-30,S001,P0004,69,20,0
2025-11-30,S001,P0005,87,20,0
2025-11-30,S001,P0006,36,20,0
2025-11-30,S001,P0007,30,20,0
2025-11-30,S001,P0008,26,20,0
2025-11-30,S001,P0009,95,20,0
2025-11-30,S001,P0010,27,20,0
2025-11-30,S002,P0001,20,20,0
2025-11-30,S002,P0002,70,20,0
2025-11-30,S002,P0003,47,20,0
2025-11-30,S002,P0004,47,20,0
2025-11-30,S002,P0005,33,20,0
2025-11-30,S002,P0006,23,20,0
2025-11-30,S002,P0007,42,20,0
2025-11-30,S002,P0008,47,20,0
2025-11-30,S002,P0009,111,20,0
2025-11-30,S002,P0010,88,20,0
2025-11-30,S003,P0001,34,20,0
2025-11-30,S003,P0002,31,20,0
2025-11-30,S003,P0003,78,20,0
2025-11-30,S003,P0004,50,20,0
2025-11-30,S003,P0005,71,20,0
2025-11-30,S003,P0006,52,20,0
2025-11-30,S003,P0007,83,20,0
2025-11-30,S003,P0008,50,20,0
2025-11-30,S003,P0009,86,20,0
2025-11-30,S003,P0010,64,20,0
2025-11-30,S004,P0001,51,20,0
2025-11-30,S004,P0002,50,20,0
2025-11-30,S004,P0003,44,20,0
2025-11-30,S004,P0004,62,20,0
2025-11-30,S004,P0005,104,20,0
2025-11-30,S004,P0006,58,20,0
2025-11-30,S004,P0007,72,20,0
2025-11-30,S004,P0008,108,20,0
2025-11-30,S004,P0009,75,20,0
2025-11-30,S004,P0010,100,20,0
2025-11-30,S005,P0001,63,20,0
2025-11-30,S005,P0002,45,20,0
2025-11-30,S005,P0003,80,20,0
2025-11-30,S005,P0004,45,20,0
2025-11-30,S005,P0005,113,20,0
2025-11-30,S005,P0006,96,20,0
2025-11-30,S005,P0007,25,20,0
2025-11-30,S005,P0008,119,20,0
2025-11-30,S005,P0009,22,20,0
2025-11-30,S005,P0010,114,20,0
2025-12-01,S001,P0001,36,20,0
2025-12-01,S001,P0002,24,20,0
2025-12-01,S001,P0003,118,20,0
2025-12-01,S001,P0004,67,20,0
2025-12-01,S001,P0005,75,20,0
2025-12-01,S001,P0006,29,20,0
2025-12-01,S001,P0007,29,20,0
2025-12-01,S001,P0008,20,20,0
2025-12-01,S001,P0009,91,20,0
2025-12-01,S001,P0010,22,20,0
2025-12-01,S002,P0001,111,20,0
2025-12-01,S002,P0002,66,20,0
2025-12-01,S002,P0003,44,20,0
2025-12-01,S002,P0004,43,20,0
2025-12-01,S002,P0005,26,20,0
2025-12-01,S002,P0006,22,20,0
2025-12-01,S002,P0007,38,20,0
2025-12-01,S002,P0008,45,20,0
2025-12-01,S002,P0009,105,20,0
2025-12-01,S002,P0010,87,20,0
2025-12-01,S003,P0001,30,20,0
2025-12-01,S003,P0002,28,20,0
2025-12-01,S003,P0003,74,20,0
2025-12-01,S003,P0004,48,20,0
2025-12-01,S003,P0005,63,20,0
2025-12-01,S003,P0006,51,20,0
2025-12-01,S003,P0007,80,20,0
2025-12-01,S003,P0008,45,20,0
2025-12-01,S003,P0009,81,20,0
2025-12-01,S003,P0010,60,20,0
2025-12-01,S004,P0001,47,20,0
2025-12-01,S004,P0002,47,20,0
2025-12-01,S004,P0003,39,20,0
2025-12-01,S004,P0004,55,20,0
2025-12-01,S004,P0005,98,20,0
2025-12-01,S004,P0006,57,20,0
2025-12-01,S004,P0007,63,20,0
2025-12-01,S004,P0008,105,20,0
2025-12-01,S004,P0009,71,20,0
2025-12-01,S004,P0010,98,20,0
2025-12-01,S005,P0001,58,20,0
2025-12-01,S005,P0002,36,20,0
2025-12-01,S005,P0003,74,20,0
2025-12-01,S005,P0004,43,20,0
2025-12-01,S005,P0005,99,20,0
2025-12-01,S005,P0006,92,20,0
2025-12-01,S005,P0007,20,20,0
2025-12-01,S005,P0008,117,20,0
2025-12-01,S005,P0009,113,20,0
2025-12-01,S005,P0010,112,20,0
2025-12-02,S001,P0001,31,20,0
2025-12-02,S001,P0002,118,20,0
2025-12-02,S001,P0003,114,20,0
2025-12-02,S001,P0004,61,20,0
2025-12-02,S001,P0005,70,20,0
2025-12-02,S001,P0006,28,20,0
2025-12-02,S001,P0007,27,20,0
2025-12-02,S001,P0008,115,20,0
2025-12-02,S001,P0009,82,20,0
2025-12-02,S001,P0010,116,20,0
2025-12-02,S002,P0001,106,20,0
2025-12-02,S002,P0002,57,20,0
2025-12-02,S002,P0003,36,20,0
2025-12-02,S002,P0004,41,20,0
2025-12-02,S002,P0005,116,20,0
2025-12-02,S002,P0006,22,20,0
2025-12-02,S002,P0007,32,20,0
2025-12-02,S002,P0008,44,20,0
2025-12-02,S002,P0009,96,20,0
2025-12-02,S002,P0010,84,20,0
2025-12-02,S003,P0001,29,20,0
2025-12-02,S003,P0002,25,20,0
2025-12-02,S003,P0003,66,20,0
2025-12-02,S003,P0004,43,20,0
2025-12-02,S003,P0005,52,20,0
2025-12-02,S003,P0006,48,20,0
2025-12-02,S003,P0007,78,20,0
2025-12-02,S003,P0008,41,20,0
2025-12-02,S003,P0009,74,20,0
2025-12-02,S003,P0010,54,20,0
2025-12-02,S004,P0001,42,20,0
2025-12-02,S004,P0002,42,20,0
2025-12-02,S004,P0003,35,20,0
2025-12-02,S004,P0004,53,20,0
2025-12-02,S004,P0005,86,20,0
2025-12-02,S004,P0006,56,20,0
2025-12-02,S004,P0007,62,20,0
2025-12-02,S004,P0008,100,20,0
2025-12-02,S004,P0009,68,20,0
2025-12-02,S004,P0010,90,20,0
2025-12-02,S005,P0001,56,20,0
2025-12-02,S005,P0002,28,20,0
2025-12-02,S005,P0003,67,20,0
2025-12-02,S005,P0004,40,20,0
2025-12-02,S005,P0005,93,20,0
2025-12-02,S005,P0006,92,20,0
2025-12-02,S005,P0007,117,20,0
2025-12-02,S005,P0008,111,20,0
2025-12-02,S005,P0009,109,20,0
2025-12-02,S005,P0010,107,20,0
2025-12-03,S001,P0001,23,20,0
2025-12-03,S001,P0002,113,20,0
2025-12-03,S001,P0003,107,20,0
2025-12-03,S001,P0004,56,20,0
2025-12-03,S001,P0005,59,20,0
2025-12-03,S001,P0006,24,20,0
2025-12-03,S001,P0007,21,20,0
2025-12-03,S001,P0008,110,20,0
2025-12-03,S001,P0009,77,20,0
2025-12-03,S001,P0010,112,20,0
2025-12-03,S002,P0001,105,20,0
2025-12-03,S002,P0002,48,20,0
2025-12-03,S002,P0003,33,20,0
2025-12-03,S002,P0004,35,20,0
2025-12-03,S002,P0005,105,20,0
2025-12-03,S002,P0006,119,20,0
2025-12-03,S002,P0007,30,20,0
2025-12-03,S002,P0008,41,20,0
2025-12-03,S002,P0009,92,20,0
2025-12-03,S002,P0010,80,20,0
2025-12-03,S003,P0001,24,20,0
2025-12-03,S003,P0002,21,20,0
2025-12-03,S003,P0003,59,20,0
2025-12-03,S003,P0004,39,20,0
2025-12-03,S003,P0005,44,20,0
2025-12-03,S003,P0006,46,20,0
2025-12-03,S003,P0007,75,20,0
2025-12-03,S003,P0008,38,20,0
2025-12-03,S003,P0009,71,20,0
2025-12-03,S003,P0010,48,20,0
2025-12-03,S004,P0001,37,20,0
2025-12-03,S004,P0002,41,20,0
2025-12-03,S004,P0003,28,20,0
2025-12-03,S004,P0004,47,20,0
2025-12-03,S004,P0005,79,20,0
2025-12-03,S004,P0006,53,20,0
2025-12-03,S004,P0007,61,20,0
2025-12-03,S004,P0008,96,20,0
2025-12-03,S004,P0009,61,20,0
2025-12-03,S004,P0010,84,20,0
2025-12-03,S005,P0001,52,20,0
2025-12-03,S005,P0002,21,20,0
2025-12-03,S005,P0003,58,20,0
2025-12-03,S005,P0004,38,20,0
2025-12-03,S005,P0005,81,20,0
2025-12-03,S005,P0006,91,20,0
2025-12-03,S005,P0007,115,20,0
2025-12-03,S005,P0008,103,20,0
2025-12-03,S005,P0009,105,20,0
2025-12-03,S005,P0010,105,20,0
2025-12-04,S001,P0001,119,20,0
2025-12-04,S001,P0002,106,20,0
2025-12-04,S001,P0003,103,20,0
2025-12-04,S001,P0004,55,20,0
2025-12-04,S001,P0005,51,20,0
2025-12-04,S001,P0006,22,20,0
2025-12-04,S001,P0007,119,20,0
2025-12-04,S001,P0008,107,20,0
2025-12-04,S001,P0009,71,20,0
2025-12-04,S001,P0010,106,20,0
2025-12-04,S002,P0001,97,20,0
2025-12-04,S002,P0002,43,20,0
2025-12-04,S002,P0003,30,20,0
2025-12-04,S002,P0004,32,20,0
2025-12-04,S002,P0005,95,20,0
2025-12-04,S002,P0006,118,20,0
2025-12-04,S002,P0007,28,20,0
2025-12-04,S002,P0008,36,20,0
2025-12-04,S002,P0009,88,20,0
2025-12-04,S002,P0010,78,20,0
2025-12-04,S003,P0001,116,20,0
2025-12-04,S003,P0002,110,20,0
2025-12-04,S003,P0003,54,20,0
2025-12-04,S003,P0004,35,20,0
2025-12-04,S003,P0005,38,20,0
2025-12-04,S003,P0006,43,20,0
2025-12-04,S003,P0007,75,20,0
2025-12-04,S003,P0008,32,20,0
2025-12-04,S003,P0009,66,20,0
2025-12-04,S003,P0010,46,20,0
2025-12-04,S004,P0001,34,20,0
2025-12-04,S004,P0002,40,20,0
2025-12-04,S004,P0003,23,20,0
2025-12-04,S004,P0004,47,20,0
2025-12-04,S004,P0005,76,20,0
2025-12-04,S004,P0006,49,20,0
2025-12-04,S004,P0007,49,20,0
2025-12-04,S004,P0008,91,20,0
2025-12-04,S004,P0009,57,20,0
2025-12-04,S004,P0010,79,20,0
2025-12-04,S005,P0001,49,20,0
2025-12-04,S005,P0002,116,20,0
2025-12-04,S005,P0003,51,20,0
2025-12-04,S005,P0004,36,20,0
2025-12-04,S005,P0005,73,20,0
2025-12-04,S005,P0006,85,20,0
2025-12-04,S005,P0007,114,20,0
2025-12-04,S005,P0008,96,20,0
2025-12-04,S005,P0009,98,20,0
2025-12-04,S005,P0010,103,20,0
2025-12-05,S001,P0001,112,20,0
2025-12-05,S001,P0002,99,20,0
2025-12-05,S001,P0003,101,20,0
2025-12-05,S001,P0004,48,20,0
2025-12-05,S001,P0005,46,20,0
2025-12-05,S001,P0006,21,20,0
2025-12-05,S001,P0007,117,20,0
2025-12-05,S001,P0008,103,20,0
2025-12-05,S001,P0009,66,20,0
2025-12-05,S001,P0010,102,20,0
2025-12-05,S002,P0001,91,20,0
2025-12-05,S002,P0002,43,20,0
2025-12-05,S002,P0003,25,20,0
2025-12-05,S002,P0004,31,20,0
2025-12-05,S002,P0005,87,20,0
2025-12-05,S002,P0006,116,20,0
2025-12-05,S002,P0007,25,20,0
2025-12-05,S002,P0008,34,20,0
2025-12-05,S002,P0009,79,20,0
2025-12-05,S002,P0010,72,20,0
2025-12-05,S003,P0001,112,20,0
2025-12-05,S003,P0002,100,20,0
2025-12-05,S003,P0003,49,20,0
2025-12-05,S003,P0004,28,20,0
2025-12-05,S003,P0005,29,20,0
2025-12-05,S003,P0006,41,20,0
2025-12-05,S003,P0007,72,20,0
2025-12-05,S003,P0008,25,20,0
2025-12-05,S003,P0009,65,20,0
2025-12-05,S003,P0010,45,20,0
2025-12-05,S004,P0001,31,20,0
2025-12-05,S004,P0002,38,20,0
2025-12-05,S004,P0003,117,20,0
2025-12-05,S004,P0004,43,20,0
2025-12-05,S004,P0005,70,20,0
2025-12-05,S004,P0006,47,20,0
2025-12-05,S004,P0007,47,20,0
2025-12-05,S004,P0008,89,20,0
2025-12-05,S004,P0009,45,20,0
2025-12-05,S004,P0010,74,20,0
2025-12-05,S005,P0001,45,20,0
2025-12-05,S005,P0002,106,20,0
2025-12-05,S005,P0003,48,20,0
2025-12-05,S005,P0004,33,20,0
2025-12-05,S005,P0005,65,20,0
2025-12-05,S005,P0006,83,20,0
2025-12-05,S005,P0007,113,20,0
2025-12-05,S005,P0008,88,20,0
2025-12-05,S005,P0009,93,20,0
2025-12-05,S005,P0010,98,20,0
2025-12-06,S001,P0001,111,20,0
2025-12-06,S001,P0002,91,20,0
2025-12-06,S001,P0003,98,20,0
2025-12-06,S001,P0004,44,20,0
2025-12-06,S001,P0005,32,20,0
2025-12-06,S001,P0006,119,20,0
2025-12-06,S001,P0007,113,20,0
2025-12-06,S001,P0008,100,20,0
2025-12-06,S001,P0009,63,20,0
2025-12-06,S001,P0010,96,20,0
2025-12-06,S002,P0001,85,20,0
2025-12-06,S002,P0002,36,20,0
2025-12-06,S002,P0003,24,20,0
2025-12-06,S002,P0004,30,20,0
2025-12-06,S002,P0005,81,20,0
2025-12-06,S002,P0006,115,20,0
2025-12-06,S002,P0007,20,20,0
2025-12-06,S002,P0008,27,20,0
2025-12-06,S002,P0009,75,20,0
2025-12-06,S002,P0010,66,20,0
2025-12-06,S003,P0001,105,20,0
2025-12-06,S003,P0002,96,20,0
2025-12-06,S003,P0003,46,20,0
2025-12-06,S003,P0004,25,20,0
2025-12-06,S003,P0005,22,20,0
2025-12-06,S003,P0006,36,20,0
2025-12-06,S003,P0007,67,20,0
2025-12-06,S003,P0008,22,20,0
2025-12-06,S003,P0009,60,20,0
2025-12-06,S003,P0010,40,20,0
2025-12-06,S004,P0001,26,20,0
2025-12-06,S004,P0002,33,20,0
2025-12-06,S004,P0003,114,20,0
2025-12-06,S004,P0004,40,20,0
2025-12-06,S004,P0005,60,20,0
2025-12-06,S004,P0006,45,20,0
2025-12-06,S004,P0007,42,20,0
2025-12-06,S004,P0008,83,20,0
2025-12-06,S004,P0009,41,20,0
2025-12-06,S004,P0010,70,20,0
2025-12-06,S005,P0001,37,20,0
2025-12-06,S005,P0002,103,20,0
2025-12-06,S005,P0003,41,20,0
2025-12-06,S005,P0004,32,20,0
2025-12-06,S005,P0005,60,20,0
2025-12-06,S005,P0006,81,20,0
2025-12-06,S005,P0007,107,20,0
2025-12-06,S005,P0008,85,20,0
2025-12-06,S005,P0009,89,20,0
2025-12-06,S005,P0010,92,20,0
2025-12-07,S001,P0001,106,20,0
2025-12-07,S001,P0002,81,20,0
2025-12-07,S001,P0003,96,20,0
2025-12-07,S001,P0004,42,20,0
2025-12-07,S001,P0005,20,20,0
2025-12-07,S001,P0006,113,20,0
2025-12-07,S001,P0007,110,20,0
2025-12-07,S001,P0008,94,20,0
2025-12-07,S001,P0009,56,20,0
2025-12-07,S001,P0010,93,20,0
2025-12-07,S002,P0001,82,20,0
2025-12-07,S002,P0002,30,20,0
2025-12-07,S002,P0003,119,20,0
2025-12-07,S002,P0004,26,20,0
2025-12-07,S002,P0005,74,20,0
2025-12-07,S002,P0006,114,20,0
2025-12-07,S002,P0007,118,20,0
2025-12-07,S002,P0008,25,20,0
2025-12-07,S002,P0009,72,20,0
2025-12-07,S002,P0010,61,20,0
2025-12-07,S003,P0001,101,20,0
2025-12-07,S003,P0002,86,20,0
2025-12-07,S003,P0003,42,20,0
2025-12-07,S003,P0004,23,20,0
2025-12-07,S003,P0005,113,20,0
2025-12-07,S003,P0006,31,20,0
2025-12-07,S003,P0007,62,20,0
2025-12-07,S003,P0008,118,20,0
2025-12-07,S003,P0009,55,20,0
2025-12-07,S003,P0010,35,20,0
2025-12-07,S004,P0001,23,20,0
2025-12-07,S004,P0002,28,20,0
2025-12-07,S004,P0003,112,20,0
2025-12-07,S004,P0004,35,20,0
2025-12-07,S004,P0005,55,20,0
2025-12-07,S004,P0006,43,20,0
2025-12-07,S004,P0007,39,20,0
2025-12-07,S004,P0008,79,20,0
2025-12-07,S004,P0009,35,20,0
2025-12-07,S004,P0010,61,20,0
2025-12-07,S005,P0001,36,20,0
2025-12-07,S005,P0002,94,20,0
2025-12-07,S005,P0003,39,20,0
2025-12-07,S005,P0004,30,20,0
2025-12-07,S005,P0005,49,20,0
2025-12-07,S005,P0006,81,20,0
2025-12-07,S005,P0007,104,20,0
2025-12-07,S005,P0008,81,20,0
2025-12-07,S005,P0009,82,20,0
2025-12-07,S005,P0010,89,20,0
2025-12-08,S001,P0001,97,20,0
2025-12-08,S001,P0002,73,20,0
2025-12-08,S001,P0003,92,20,0
2025-12-08,S001,P0004,37,20,0
2025-12-08,S001,P0005,111,20,0
2025-12-08,S001,P0006,112,20,0
2025-12-08,S001,P0007,108,20,0
2025-12-08,S001,P0008,87,20,0
2025-12-08,S001,P0009,45,20,0
2025-12-08,S001,P0010,91,20,0
2025-12-08,S002,P0001,77,20,0
2025-12-08,S002,P0002,26,20,0
2025-12-08,S002,P0003,110,20,0
2025-12-08,S002,P0004,23,20,0
2025-12-08,S002,P0005,65,20,0
2025-12-08,S002,P0006,111,20,0
2025-12-08,S002,P0007,113,20,0
2025-12-08,S002,P0008,21,20,0
2025-12-08,S002,P0009,64,20,0
2025-12-08,S002,P0010,57,20,0
2025-12-08,S003,P0001,97,20,0
2025-12-08,S003,P0002,83,20,0
2025-12-08,S003,P0003,37,20,0
2025-12-08,S003,P0004,23,20,0
2025-12-08,S003,P0005,108,20,0
2025-12-08,S003,P0006,28,20,0
2025-12-08,S003,P0007,59,20,0
2025-12-08,S003,P0008,109,20,0
2025-12-08,S003,P0009,48,20,0
2025-12-08,S003,P0010,31,20,0
2025-12-08,S004,P0001,20,20,0
2025-12-08,S004,P0002,24,20,0
2025-12-08,S004,P0003,109,20,0
2025-12-08,S004,P0004,30,20,0
2025-12-08,S004,P0005,50,20,0
2025-12-08,S004,P0006,41,20,0
2025-12-08,S004,P0007,33,20,0
2025-12-08,S004,P0008,76,20,0
2025-12-08,S004,P0009,32,20,0
2025-12-08,S004,P0010,59,20,0
2025-12-08,S005,P0001,34,20,0
2025-12-08,S005,P0002,88,20,0
2025-12-08,S005,P0003,36,20,0
2025-12-08,S005,P0004,28,20,0
2025-12-08,S005,P0005,46,20,0
2025-12-08,S005,P0006,81,20,0
2025-12-08,S005,P0007,101,20,0
2025-12-08,S005,P0008,76,20,0
2025-12-08,S005,P0009,74,20,0
2025-12-08,S005,P0010,85,20,0
2025-12-09,S001,P0001,93,20,0
2025-12-09,S001,P0002,66,20,0
2025-12-09,S001,P0003,89,20,0
2025-12-09,S001,P0004,31,20,0
2025-12-09,S001,P0005,104,20,0
2025-12-09,S001,P0006,106,20,0
2025-12-09,S001,P0007,108,20,0
2025-12-09,S001,P0008,80,20,0
2025-12-09,S001,P0009,39,20,0
2025-12-09,S001,P0010,84,20,0
2025-12-09,S002,P0001,76,20,0
2025-12-09,S002,P0002,118,20,0
2025-12-09,S002,P0003,105,20,0
2025-12-09,S002,P0004,22,20,0
2025-12-09,S002,P0005,58,20,0
2025-12-09,S002,P0006,109,20,0
2025-12-09,S002,P0007,108,20,0
2025-12-09,S002,P0008,116,20,0
2025-12-09,S002,P0009,57,20,0
2025-12-09,S002,P0010,54,20,0
2025-12-09,S003,P0001,93,20,0
2025-12-09,S003,P0002,74,20,0
2025-12-09,S003,P0003,33,20,0
2025-12-09,S003,P0004,117,20,0
2025-12-09,S003,P0005,100,20,0
2025-12-09,S003,P0006,23,20,0
2025-12-09,S003,P0007,56,20,0
2025-12-09,S003,P0008,103,20,0
2025-12-09,S003,P0009,45,20,0
2025-12-09,S003,P0010,24,20,0
2025-12-09,S004,P0001,115,20,0
2025-12-09,S004,P0002,21,20,0
2025-12-09,S004,P0003,106,20,0
2025-12-09,S004,P0004,27,20,0
2025-12-09,S004,P0005,40,20,0
2025-12-09,S004,P0006,41,20,0
2025-12-09,S004,P0007,27,20,0
2025-12-09,S004,P0008,74,20,0
2025-12-09,S004,P0009,23,20,0
2025-12-09,S004,P0010,54,20,0
2025-12-09,S005,P0001,28,20,0
2025-12-09,S005,P0002,85,20,0
2025-12-09,S005,P0003,31,20,0
2025-12-09,S005,P0004,25,20,0
2025-12-09,S005,P0005,40,20,0
2025-12-09,S005,P0006,80,20,0
2025-12-09,S005,P0007,98,20,0
2025-12-09,S005,P0008,69,20,0
2025-12-09,S005,P0009,68,20,0
2025-12-09,S005,P0010,76,20,0
2025-12-10,S001,P0001,89,20,0
2025-12-10,S001,P0002,60,20,0
2025-12-10,S001,P0003,85,20,0
2025-12-10,S001,P0004,28,20,0
2025-12-10,S001,P0005,93,20,0
2025-12-10,S001,P0006,102,20,0
2025-12-10,S001,P0007,106,20,0
2025-12-10,S001,P0008,77,20,0
2025-12-10,S001,P0009,34,20,0
2025-12-10,S001,P0010,79,20,0
2025-12-10,S002,P0001,69,20,0
2025-12-10,S002,P0002,114,20,0
2025-12-10,S002,P0003,102,20,0
2025-12-10,S002,P0004,21,20,0
2025-12-10,S002,P0005,46,20,0
2025-12-10,S002,P0006,108,20,0
2025-12-10,S002,P0007,108,20,0
2025-12-10,S002,P0008,110,20,0
2025-12-10,S002,P0009,54,20,0
2025-12-10,S002,P0010,49,20,0
2025-12-10,S003,P0001,87,20,0
2025-12-10,S003,P0002,72,20,0
2025-12-10,S003,P0003,29,20,0
2025-12-10,S003,P0004,115,20,0
2025-12-10,S003,P0005,95,20,0
2025-12-10,S003,P0006,21,20,0
2025-12-10,S003,P0007,51,20,0
2025-12-10,S003,P0008,95,20,0
2025-12-10,S003,P0009,38,20,0
2025-12-10,S003,P0010,118,20,0
2025-12-10,S004,P0001,107,20,0
2025-12-10,S004,P0002,116,20,0
2025-12-10,S004,P0003,99,20,0
2025-12-10,S004,P0004,25,20,0
2025-12-10,S004,P0005,24,20,0
2025-12-10,S004,P0006,38,20,0
2025-12-10,S004,P0007,23,20,0
2025-12-10,S004,P0008,71,20,0
2025-12-10,S004,P0009,117,20,0
2025-12-10,S004,P0010,50,20,0
2025-12-10,S005,P0001,27,20,0
2025-12-10,S005,P0002,80,20,0
2025-12-10,S005,P0003,25,20,0
2025-12-10,S005,P0004,23,20,0
2025-12-10,S005,P0005,27,20,0
2025-12-10,S005,P0006,79,20,0
2025-12-10,S005,P0007,95,20,0
2025-12-10,S005,P0008,63,20,0
2025-12-10,S005,P0009,63,20,0
2025-12-10,S005,P0010,68,20,0
2025-12-11,S001,P0001,86,20,0
2025-12-11,S001,P0002,56,20,0
2025-12-11,S001,P0003,80,20,0
2025-12-11,S001,P0004,23,20,0
2025-12-11,S001,P0005,86,20,0
2025-12-11,S001,P0006,102,20,0
2025-12-11,S001,P0007,102,20,0
2025-12-11,S001,P0008,73,20,0
2025-12-11,S001,P0009,30,20,0
2025-12-11,S001,P0010,78,20,0
2025-12-11,S002,P0001,63,20,0
2025-12-11,S002,P0002,107,20,0
2025-12-11,S002,P0003,93,20,0
2025-12-11,S002,P0004,116,20,0
2025-12-11,S002,P0005,39,20,0
2025-12-11,S002,P0006,103,20,0
2025-12-11,S002,P0007,102,20,0
2025-12-11,S002,P0008,103,20,0
2025-12-11,S002,P0009,47,20,0
2025-12-11,S002,P0010,46,20,0
2025-12-11,S003,P0001,83,20,0
2025-12-11,S003,P0002,70,20,0
2025-12-11,S003,P0003,26,20,0
2025-12-11,S003,P0004,112,20,0
2025-12-11,S003,P0005,89,20,0
2025-12-11,S003,P0006,20,20,0
2025-12-11,S003,P0007,48,20,0
2025-12-11,S003,P0008,90,20,0
2025-12-11,S003,P0009,28,20,0
2025-12-11,S003,P0010,115,20,0
2025-12-11,S004,P0001,99,20,0
2025-12-11,S004,P0002,111,20,0
2025-12-11,S004,P0003,96,20,0
2025-12-11,S004,P0004,20,20,0
2025-12-11,S004,P0005,112,20,0
2025-12-11,S004,P0006,37,20,0
2025-12-11,S004,P0007,21,20,0
2025-12-11,S004,P0008,68,20,0
2025-12-11,S004,P0009,115,20,0
2025-12-11,S004,P0010,47,20,0
2025-12-11,S005,P0001,25,20,0
2025-12-11,S005,P0002,74,20,0
2025-12-11,S005,P0003,21,20,0
2025-12-11,S005,P0004,22,20,0
2025-12-11,S005,P0005,118,20,0
2025-12-11,S005,P0006,75,20,0
2025-12-11,S005,P0007,93,20,0
2025-12-11,S005,P0008,56,20,0
2025-12-11,S005,P0009,61,20,0
2025-12-11,S005,P0010,66,20,0
2025-12-12,S001,P0001,80,20,0
2025-12-12,S001,P0002,47,20,0
2025-12-12,S001,P0003,77,20,0
2025-12-12,S001,P0004,117,20,0
2025-12-12,S001,P0005,79,20,0
2025-12-12,S001,P0006,99,20,0
2025-12-12,S001,P0007,100,20,0
2025-12-12,S001,P0008,70,20,0
2025-12-12,S001,P0009,23,20,0
2025-12-12,S001,P0010,73,20,0
2025-12-12,S002,P0001,62,20,0
2025-12-12,S002,P0002,103,20,0
2025-12-12,S002,P0003,89,20,0
2025-12-12,S002,P0004,112,20,0
2025-12-12,S002,P0005,35,20,0
2025-12-12,S002,P0006,101,20,0
2025-12-12,S002,P0007,98,20,0
2025-12-12,S002,P0008,102,20,0
2025-12-12,S002,P0009,39,20,0
2025-12-12,S002,P0010,44,20,0
2025-12-12,S003,P0001,72,20,0
2025-12-12,S003,P0002,66,20,0
2025-12-12,S003,P0003,23,20,0
2025-12-12,S003,P0004,110,20,0
2025-12-12,S003,P0005,85,20,0
2025-12-12,S003,P0006,118,20,0
2025-12-12,S003,P0007,45,20,0
2025-12-12,S003,P0008,85,20,0
2025-12-12,S003,P0009,117,20,0
2025-12-12,S003,P0010,109,20,0
2025-12-12,S004,P0001,92,20,0
2025-12-12,S004,P0002,109,20,0
2025-12-12,S004,P0003,92,20,0
2025-12-12,S004,P0004,118,20,0
2025-12-12,S004,P0005,104,20,0
2025-12-12,S004,P0006,34,20,0
2025-12-12,S004,P0007,20,20,0
2025-12-12,S004,P0008,60,20,0
2025-12-12,S004,P0009,109,20,0
2025-12-12,S004,P0010,39,20,0
2025-12-12,S005,P0001,21,20,0
2025-12-12,S005,P0002,71,20,0
2025-12-12,S005,P0003,114,20,0
2025-12-12,S005,P0004,116,20,0
2025-12-12,S005,P0005,109,20,0
2025-12-12,S005,P0006,72,20,0
2025-12-12,S005,P0007,91,20,0
2025-12-12,S005,P0008,53,20,0
2025-12-12,S005,P0009,53,20,0
2025-12-12,S005,P0010,63,20,0
2025-12-13,S001,P0001,72,20,0
2025-12-13,S001,P0002,40,20,0
2025-12-13,S001,P0003,70,20,0
2025-12-13,S001,P0004,113,20,0
2025-12-13,S001,P0005,68,20,0
2025-12-13,S001,P0006,98,20,0
2025-12-13,S001,P0007,98,20,0
2025-12-13,S001,P0008,60,20,0
2025-12-13,S001,P0009,117,20,0
2025-12-13,S001,P0010,70,20,0
2025-12-13,S002,P0001,55,20,0
2025-12-13,S002,P0002,99,20,0
2025-12-13,S002,P0003,81,20,0
2025-12-13,S002,P0004,109,20,0
2025-12-13,S002,P0005,26,20,0
2025-12-13,S002,P0006,99,20,0
2025-12-13,S002,P0007,95,20,0
2025-12-13,S002,P0008,100,20,0
2025-12-13,S002,P0009,38,20,0
2025-12-13,S002,P0010,37,20,0
2025-12-13,S003,P0001,66,20,0
2025-12-13,S003,P0002,59,20,0
2025-12-13,S003,P0003,115,20,0
2025-12-13,S003,P0004,106,20,0
2025-12-13,S003,P0005,75,20,0
2025-12-13,S003,P0006,116,20,0
2025-12-13,S003,P0007,41,20,0
2025-12-13,S003,P0008,83,20,0
2025-12-13,S003,P0009,109,20,0
2025-12-13,S003,P0010,106,20,0
2025-12-13,S004,P0001,88,20,0
2025-12-13,S004,P0002,101,20,0
2025-12-13,S004,P0003,91,20,0
2025-12-13,S004,P0004,115,20,0
2025-12-13,S004,P0005,92,20,0
2025-12-13,S004,P0006,32,20,0
2025-12-13,S004,P0007,118,20,0
2025-12-13,S004,P0008,58,20,0
2025-12-13,S004,P0009,98,20,0
2025-12-13,S004,P0010,32,20,0
2025-12-13,S005,P0001,118,20,0
2025-12-13,S005,P0002,61,20,0
2025-12-13,S005,P0003,108,20,0
2025-12-13,S005,P0004,113,20,0
2025-12-13,S005,P0005,102,20,0
2025-12-13,S005,P0006,72,20,0
2025-12-13,S005,P0007,90,20,0
2025-12-13,S005,P0008,49,20,0
2025-12-13,S005,P0009,44,20,0
2025-12-13,S005,P0010,61,20,0
2025-12-14,S001,P0001,65,20,0
2025-12-14,S001,P0002,31,20,0
2025-12-14,S001,P0003,63,20,0
2025-12-14,S001,P0004,111,20,0
2025-12-14,S001,P0005,58,20,0
2025-12-14,S001,P0006,94,20,0
2025-12-14,S001,P0007,95,20,0
2025-12-14,S001,P0008,59,20,0
2025-12-14,S001,P0009,107,20,0
2025-12-14,S001,P0010,64,20,0
2025-12-14,S002,P0001,46,20,0
2025-12-14,S002,P0002,96,20,0
2025-12-14,S002,P0003,80,20,0
2025-12-14,S002,P0004,106,20,0
2025-12-14,S002,P0005,112,20,0
2025-12-14,S002,P0006,98,20,0
2025-12-14,S002,P0007,93,20,0
2025-12-14,S002,P0008,93,20,0
2025-12-14,S002,P0009,30,20,0
2025-12-14,S002,P0010,33,20,0
2025-12-14,S003,P0001,63,20,0
2025-12-14,S003,P0002,52,20,0
2025-12-14,S003,P0003,112,20,0
2025-12-14,S003,P0004,101,20,0
2025-12-14,S003,P0005,65,20,0
2025-12-14,S003,P0006,113,20,0
2025-12-14,S003,P0007,37,20,0
2025-12-14,S003,P0008,81,20,0
2025-12-14,S003,P0009,104,20,0
2025-12-14,S003,P0010,103,20,0
2025-12-14,S004,P0001,83,20,0
2025-12-14,S004,P0002,98,20,0
2025-12-14,S004,P0003,86,20,0
2025-12-14,S004,P0004,113,20,0
2025-12-14,S004,P0005,79,20,0
2025-12-14,S004,P0006,27,20,0
2025-12-14,S004,P0007,115,20,0
2025-12-14,S004,P0008,57,20,0
2025-12-14,S004,P0009,96,20,0
2025-12-14,S004,P0010,30,20,0
2025-12-14,S005,P0001,114,20,0
2025-12-14,S005,P0002,53,20,0
2025-12-14,S005,P0003,105,20,0
2025-12-14,S005,P0004,105,20,0
2025-12-14,S005,P0005,94,20,0
2025-12-14,S005,P0006,71,20,0
2025-12-14,S005,P0007,89,20,0
2025-12-14,S005,P0008,45,20,0
2025-12-14,S005,P0009,35,20,0
2025-12-14,S005,P0010,59,20,0
2025-12-15,S001,P0001,57,20,0
2025-12-15,S001,P0002,24,20,0
2025-12-15,S001,P0003,53,20,0
2025-12-15,S001,P0004,106,20,0
2025-12-15,S001,P0005,49,20,0
2025-12-15,S001,P0006,93,20,0
2025-12-15,S001,P0007,90,20,0
2025-12-15,S001,P0008,54,20,0
2025-12-15,S001,P0009,99,20,0
2025-12-15,S001,P0010,58,20,0
2025-12-15,S002,P0001,41,20,0
2025-12-15,S002,P0002,86,20,0
2025-12-15,S002,P0003,77,20,0
2025-12-15,S002,P0004,100,20,0
2025-12-15,S002,P0005,103,20,0
2025-12-15,S002,P0006,95,20,0
2025-12-15,S002,P0007,91,20,0
2025-12-15,S002,P0008,85,20,0
2025-12-15,S002,P0009,27,20,0
2025-12-15,S002,P0010,28,20,0
2025-12-15,S003,P0001,61,20,0
2025-12-15,S003,P0002,52,20,0
2025-12-15,S003,P0003,99,20,0
2025-12-15,S003,P0004,99,20,0
2025-12-15,S003,P0005,56,20,0
2025-12-15,S003,P0006,109,20,0
2025-12-15,S003,P0007,28,20,0
2025-12-15,S003,P0008,80,20,0
2025-12-15,S003,P0009,98,20,0
2025-12-15,S003,P0010,98,20,0
2025-12-15,S004,P0001,82,20,0
2025-12-15,S004,P0002,94,20,0
2025-12-15,S004,P0003,84,20,0
2025-12-15,S004,P0004,110,20,0
2025-12-15,S004,P0005,67,20,0
2025-12-15,S004,P0006,24,20,0
2025-12-15,S004,P0007,111,20,0
2025-12-15,S004,P0008,55,20,0
2025-12-15,S004,P0009,90,20,0
2025-12-15,S004,P0010,26,20,0
2025-12-15,S005,P0001,106,20,0
2025-12-15,S005,P0002,45,20,0
2025-12-15,S005,P0003,101,20,0
2025-12-15,S005,P0004,100,20,0
2025-12-15,S005,P0005,87,20,0
2025-12-15,S005,P0006,66,20,0
2025-12-15,S005,P0007,84,20,0
2025-12-15,S005,P0008,42,20,0
2025-12-15,S005,P0009,28,20,0
2025-12-15,S005,P0010,51,20,0
2025-12-16,S001,P0001,54,20,0
2025-12-16,S001,P0002,119,20,0
2025-12-16,S001,P0003,47,20,0
2025-12-16,S001,P0004,101,20,0
2025-12-16,S001,P0005,38,20,0
2025-12-16,S001,P0006,90,20,0
2025-12-16,S001,P0007,84,20,0
2025-12-16,S001,P0008,51,20,0
2025-12-16,S001,P0009,93,20,0
2025-12-16,S001,P0010,57,20,0
2025-12-16,S002,P0001,34,20,0
2025-12-16,S002,P0002,83,20,0
2025-12-16,S002,P0003,71,20,0
2025-12-16,S002,P0004,98,20,0
2025-12-16,S002,P0005,95,20,0
2025-12-16,S002,P0006,89,20,0
2025-12-16,S002,P0007,88,20,0
2025-12-16,S002,P0008,78,20,0
2025-12-16,S002,P0009,114,20,0
2025-12-16,S002,P0010,22,20,0
2025-12-16,S003,P0001,59,20,0
2025-12-16,S003,P0002,50,20,0
2025-12-16,S003,P0003,94,20,0
2025-12-16,S003,P0004,98,20,0
2025-12-16,S003,P0005,47,20,0
2025-12-16,S003,P0006,106,20,0
2025-12-16,S003,P0007,23,20,0
2025-12-16,S003,P0008,75,20,0
2025-12-16,S003,P0009,93,20,0
2025-12-16,S003,P0010,94,20,0
2025-12-16,S004,P0001,73,20,0
2025-12-16,S004,P0002,85,20,0
2025-12-16,S004,P0003,78,20,0
2025-12-16,S004,P0004,104,20,0
2025-12-16,S004,P0005,57,20,0
2025-12-16,S004,P0006,20,20,0
2025-12-16,S004,P0007,105,20,0
2025-12-16,S004,P0008,50,20,0
2025-12-16,S004,P0009,82,20,0
2025-12-16,S004,P0010,21,20,0
2025-12-16,S005,P0001,103,20,0
2025-12-16,S005,P0002,43,20,0
2025-12-16,S005,P0003,95,20,0
2025-12-16,S005,P0004,95,20,0
2025-12-16,S005,P0005,81,20,0
2025-12-16,S005,P0006,64,20,0
2025-12-16,S005,P0007,81,20,0
2025-12-16,S005,P0008,41,20,0
2025-12-16,S005,P0009,22,20,0
2025-12-16,S005,P0010,48,20,0
2025-12-17,S001,P0001,53,20,0
2025-12-17,S001,P0002,114,20,0
2025-12-17,S001,P0003,44,20,0
2025-12-17,S001,P0004,95,20,0
2025-12-17,S001,P0005,34,20,0
2025-12-17,S001,P0006,89,20,0
2025-12-17,S001,P0007,81,20,0
2025-12-17,S001,P0008,46,20,0
2025-12-17,S001,P0009,88,20,0
2025-12-17,S001,P0010,54,20,0
2025-12-17,S002,P0001,31,20,0
2025-12-17,S002,P0002,72,20,0
2025-12-17,S002,P0003,68,20,0
2025-12-17,S002,P0004,96,20,0
2025-12-17,S002,P0005,90,20,0
2025-12-17,S002,P0006,86,20,0
2025-12-17,S002,P0007,86,20,0
2025-12-17,S002,P0008,73,20,0
2025-12-17,S002,P0009,110,20,0
2025-12-17,S002,P0010,21,20,0
2025-12-17,S003,P0001,57,20,0
2025-12-17,S003,P0002,43,20,0
2025-12-17,S003,P0003,92,20,0
2025-12-17,S003,P0004,95,20,0
2025-12-17,S003,P0005,36,20,0
2025-12-17,S003,P0006,103,20,0
2025-12-17,S003,P0007,118,20,0
2025-12-17,S003,P0008,73,20,0
2025-12-17,S003,P0009,83,20,0
2025-12-17,S003,P0010,88,20,0
2025-12-17,S004,P0001,67,20,0
2025-12-17,S004,P0002,76,20,0
2025-12-17,S004,P0003,73,20,0
2025-12-17,S004,P0004,101,20,0
2025-12-17,S004,P0005,52,20,0
2025-12-17,S004,P0006,119,20,0
2025-12-17,S004,P0007,104,20,0
2025-12-17,S004,P0008,41,20,0
2025-12-17,S004,P0009,80,20,0
2025-12-17,S004,P0010,111,20,0
2025-12-17,S005,P0001,97,20,0
2025-12-17,S005,P0002,39,20,0
2025-12-17,S005,P0003,91,20,0
2025-12-17,S005,P0004,92,20,0
2025-12-17,S005,P0005,74,20,0
2025-12-17,S005,P0006,62,20,0
2025-12-17,S005,P0007,80,20,0
2025-12-17,S005,P0008,38,20,0
2025-12-17,S005,P0009,110,20,0
2025-12-17,S005,P0010,45,20,0
2025-12-18,S001,P0001,51,20,0
2025-12-18,S001,P0002,107,20,0
2025-12-18,S001,P0003,40,20,0
2025-12-18,S001,P0004,91,20,0
2025-12-18,S001,P0005,27,20,0
2025-12-18,S001,P0006,88,20,0
2025-12-18,S001,P0007,81,20,0
2025-12-18,S001,P0008,42,20,0
2025-12-18,S001,P0009,77,20,0
2025-12-18,S001,P0010,50,20,0
2025-12-18,S002,P0001,26,20,0
2025-12-18,S002,P0002,66,20,0
2025-12-18,S002,P0003,63,20,0
2025-12-18,S002,P0004,93,20,0
2025-12-18,S002,P0005,80,20,0
2025-12-18,S002,P0006,84,20,0
2025-12-18,S002,P0007,82,20,0
2025-12-18,S002,P0008,69,20,0
2025-12-18,S002,P0009,105,20,0
2025-12-18,S002,P0010,117,20,0
2025-12-18,S003,P0001,51,20,0
2025-12-18,S003,P0002,40,20,0
2025-12-18,S003,P0003,87,20,0
2025-12-18,S003,P0004,92,20,0
2025-12-18,S003,P0005,32,20,0
2025-12-18,S003,P0006,101,20,0
2025-12-18,S003,P0007,117,20,0
2025-12-18,S003,P0008,69,20,0
2025-12-18,S003,P0009,81,20,0
2025-12-18,S003,P0010,83,20,0
2025-12-18,S004,P0001,61,20,0
2025-12-18,S004,P0002,71,20,0
2025-12-18,S004,P0003,70,20,0
2025-12-18,S004,P0004,97,20,0
2025-12-18,S004,P0005,39,20,0
2025-12-18,S004,P0006,118,20,0
2025-12-18,S004,P0007,100,20,0
2025-12-18,S004,P0008,39,20,0
2025-12-18,S004,P0009,69,20,0
2025-12-18,S004,P0010,108,20,0
2025-12-18,S005,P0001,95,20,0
2025-12-18,S005,P0002,25,20,0
2025-12-18,S005,P0003,85,20,0
2025-12-18,S005,P0004,88,20,0
2025-12-18,S005,P0005,65,20,0
2025-12-18,S005,P0006,62,20,0
2025-12-18,S005,P0007,77,20,0
2025-12-18,S005,P0008,37,20,0
2025-12-18,S005,P0009,107,20,0
2025-12-18,S005,P0010,41,20,0
2025-12-19,S001,P0001,50,20,0
2025-12-19,S001,P0002,100,20,0
2025-12-19,S001,P0003,37,20,0
2025-12-19,S001,P0004,87,20,0
2025-12-19,S001,P0005,22,20,0
2025-12-19,S001,P0006,84,20,0
2025-12-19,S001,P0007,78,20,0
2025-12-19,S001,P0008,39,20,0
2025-12-19,S001,P0009,68,20,0
2025-12-19,S001,P0010,46,20,0
2025-12-19,S002,P0001,24,20,0
2025-12-19,S002,P0002,59,20,0
2025-12-19,S002,P0003,59,20,0
2025-12-19,S002,P0004,91,20,0
2025-12-19,S002,P0005,71,20,0
2025-12-19,S002,P0006,81,20,0
2025-12-19,S002,P0007,81,20,0
2025-12-19,S002,P0008,64,20,0
2025-12-19,S002,P0009,96,20,0
2025-12-19,S002,P0010,111,20,0
2025-12-19,S003,P0001,48,20,0
2025-12-19,S003,P0002,33,20,0
2025-12-19,S003,P0003,82,20,0
2025-12-19,S003,P0004,89,20,0
2025-12-19,S003,P0005,27,20,0
2025-12-19,S003,P0006,99,20,0
2025-12-19,S003,P0007,116,20,0
2025-12-19,S003,P0008,67,20,0
2025-12-19,S003,P0009,70,20,0
2025-12-19,S003,P0010,76,20,0
2025-12-19,S004,P0001,59,20,0
2025-12-19,S004,P0002,66,20,0
2025-12-19,S004,P0003,68,20,0
2025-12-19,S004,P0004,92,20,0
2025-12-19,S004,P0005,35,20,0
2025-12-19,S004,P0006,117,20,0
2025-12-19,S004,P0007,97,20,0
2025-12-19,S004,P0008,37,20,0
2025-12-19,S004,P0009,67,20,0
2025-12-19,S004,P0010,101,20,0
2025-12-19,S005,P0001,94,20,0
2025-12-19,S005,P0002,22,20,0
2025-12-19,S005,P0003,80,20,0
2025-12-19,S005,P0004,82,20,0
2025-12-19,S005,P0005,60,20,0
2025-12-19,S005,P0006,60,20,0
2025-12-19,S005,P0007,77,20,0
2025-12-19,S005,P0008,35,20,0
2025-12-19,S005,P0009,96,20,0
2025-12-19,S005,P0010,35,20,0
2025-12-20,S001,P0001,44,20,0
2025-12-20,S001,P0002,96,20,0
2025-12-20,S001,P0003,31,20,0
2025-12-20,S001,P0004,83,20,0
2025-12-20,S001,P0005,116,20,0
2025-12-20,S001,P0006,83,20,0
2025-12-20,S001,P0007,77,20,0
2025-12-20,S001,P0008,36,20,0
2025-12-20,S001,P0009,66,20,0
2025-12-20,S001,P0010,43,20,0
2025-12-20,S002,P0001,22,20,0
2025-12-20,S002,P0002,51,20,0
2025-12-20,S002,P0003,56,20,0
2025-12-20,S002,P0004,85,20,0
2025-12-20,S002,P0005,59,20,0
2025-12-20,S002,P0006,77,20,0
2025-12-20,S002,P0007,80,20,0
2025-12-20,S002,P0008,63,20,0
2025-12-20,S002,P0009,93,20,0
2025-12-20,S002,P0010,106,20,0
2025-12-20,S003,P0001,43,20,0
2025-12-20,S003,P0002,25,20,0
2025-12-20,S003,P0003,79,20,0
2025-12-20,S003,P0004,83,20,0
2025-12-20,S003,P0005,20,20,0
2025-12-20,S003,P0006,97,20,0
2025-12-20,S003,P0007,112,20,0
2025-12-20,S003,P0008,61,20,0
2025-12-20,S003,P0009,61,20,0
2025-12-20,S003,P0010,72,20,0
2025-12-20,S004,P0001,51,20,0
2025-12-20,S004,P0002,62,20,0
2025-12-20,S004,P0003,65,20,0
2025-12-20,S004,P0004,89,20,0
2025-12-20,S004,P0005,31,20,0
2025-12-20,S004,P0006,116,20,0
2025-12-20,S004,P0007,94,20,0
2025-12-20,S004,P0008,35,20,0
2025-12-20,S004,P0009,64,20,0
2025-12-20,S004,P0010,95,20,0
2025-12-20,S005,P0001,87,20,0
2025-12-20,S005,P0002,117,20,0
2025-12-20,S005,P0003,74,20,0
2025-12-20,S005,P0004,81,20,0
2025-12-20,S005,P0005,50,20,0
2025-12-20,S005,P0006,54,20,0
2025-12-20,S005,P0007,73,20,0
2025-12-20,S005,P0008,32,20,0
2025-12-20,S005,P0009,93,20,0
2025-12-20,S005,P0010,31,20,0
2025-12-21,S001,P0001,35,20,0
2025-12-21,S001,P0002,92,20,0
2025-12-21,S001,P0003,26,20,0
2025-12-21,S001,P0004,81,20,0
2025-12-21,S001,P0005,104,20,0
2025-12-21,S001,P0006,81,20,0
2025-12-21,S001,P0007,74,20,0
2025-12-21,S001,P0008,32,20,0
2025-12-21,S001,P0009,59,20,0
2025-12-21,S001,P0010,35,20,0
2025-12-21,S002,P0001,119,20,0
2025-12-21,S002,P0002,45,20,0
2025-12-21,S002,P0003,52,20,0
2025-12-21,S002,P0004,81,20,0
2025-12-21,S002,P0005,50,20,0
2025-12-21,S002,P0006,76,20,0
2025-12-21,S002,P0007,78,20,0
2025-12-21,S002,P0008,58,20,0
2025-12-21,S002,P0009,90,20,0
2025-12-21,S002,P0010,103,20,0
2025-12-21,S003,P0001,35,20,0
2025-12-21,S003,P0002,23,20,0
2025-12-21,S003,P0003,73,20,0
2025-12-21,S003,P0004,76,20,0
2025-12-21,S003,P0005,111,20,0
2025-12-21,S003,P0006,96,20,0
2025-12-21,S003,P0007,109,20,0
2025-12-21,S003,P0008,57,20,0
2025-12-21,S003,P0009,54,20,0
2025-12-21,S003,P0010,67,20,0
2025-12-21,S004,P0001,46,20,0
2025-12-21,S004,P0002,59,20,0
2025-12-21,S004,P0003,59,20,0
2025-12-21,S004,P0004,86,20,0
2025-12-21,S004,P0005,26,20,0
2025-12-21,S004,P0006,116,20,0
2025-12-21,S004,P0007,86,20,0
2025-12-21,S004,P0008,31,20,0
2025-12-21,S004,P0009,56,20,0
2025-12-21,S004,P0010,91,20,0
2025-12-21,S005,P0001,84,20,0
2025-12-21,S005,P0002,112,20,0
2025-12-21,S005,P0003,69,20,0
2025-12-21,S005,P0004,79,20,0
2025-12-21,S005,P0005,44,20,0
2025-12-21,S005,P0006,50,20,0
2025-12-21,S005,P0007,70,20,0
2025-12-21,S005,P0008,29,20,0
2025-12-21,S005,P0009,90,20,0
2025-12-21,S005,P0010,25,20,0
2025-12-22,S001,P0001,29,20,0
2025-12-22,S001,P0002,90,20,0
2025-12-22,S001,P0003,25,20,0
2025-12-22,S001,P0004,76,20,0
2025-12-22,S001,P0005,95,20,0
2025-12-22,S001,P0006,79,20,0
2025-12-22,S001,P0007,70,20,0
2025-12-22,S001,P0008,30,20,0
2025-12-22,S001,P0009,54,20,0
2025-12-22,S001,P0010,29,20,0
2025-12-22,S002,P0001,115,20,0
2025-12-22,S002,P0002,38,20,0
2025-12-22,S002,P0003,46,20,0
2025-12-22,S002,P0004,76,20,0
2025-12-22,S002,P0005,42,20,0
2025-12-22,S002,P0006,73,20,0
2025-12-22,S002,P0007,74,20,0
2025-12-22,S002,P0008,56,20,0
2025-12-22,S002,P0009,83,20,0
2025-12-22,S002,P0010,99,20,0
2025-12-22,S003,P0001,26,20,0
2025-12-22,S003,P0002,115,20,0
2025-12-22,S003,P0003,68,20,0
2025-12-22,S003,P0004,72,20,0
2025-12-22,S003,P0005,106,20,0
2025-12-22,S003,P0006,92,20,0
2025-12-22,S003,P0007,104,20,0
2025-12-22,S003,P0008,54,20,0
2025-12-22,S003,P0009,51,20,0
2025-12-22,S003,P0010,63,20,0
2025-12-22,S004,P0001,41,20,0
2025-12-22,S004,P0002,57,20,0
2025-12-22,S004,P0003,52,20,0
2025-12-22,S004,P0004,85,20,0
2025-12-22,S004,P0005,113,20,0
2025-12-22,S004,P0006,114,20,0
2025-12-22,S004,P0007,80,20,0
2025-12-22,S004,P0008,25,20,0
2025-12-22,S004,P0009,47,20,0
2025-12-22,S004,P0010,86,20,0
2025-12-22,S005,P0001,78,20,0
2025-12-22,S005,P0002,105,20,0
2025-12-22,S005,P0003,66,20,0
2025-12-22,S005,P0004,74,20,0
2025-12-22,S005,P0005,35,20,0
2025-12-22,S005,P0006,50,20,0
2025-12-22,S005,P0007,69,20,0
2025-12-22,S005,P0008,26,20,0
2025-12-22,S005,P0009,84,20,0
2025-12-22,S005,P0010,20,20,0
2025-12-23,S001,P0001,25,20,0
2025-12-23,S001,P0002,88,20,0
2025-12-23,S001,P0003,21,20,0
2025-12-23,S001,P0004,73,20,0
2025-12-23,S001,P0005,85,20,0
2025-12-23,S001,P0006,75,20,0
2025-12-23,S001,P0007,68,20,0
2025-12-23,S001,P0008,23,20,0
2025-12-23,S001,P0009,47,20,0
2025-12-23,S001,P0010,28,20,0
2025-12-23,S002,P0001,108,20,0
2025-12-23,S002,P0002,34,20,0
2025-12-23,S002,P0003,43,20,0
2025-12-23,S002,P0004,71,20,0
2025-12-23,S002,P0005,32,20,0
2025-12-23,S002,P0006,73,20,0
2025-12-23,S002,P0007,68,20,0
2025-12-23,S002,P0008,53,20,0
2025-12-23,S002,P0009,82,20,0
2025-12-23,S002,P0010,96,20,0
2025-12-23,S003,P0001,115,20,0
2025-12-23,S003,P0002,111,20,0
2025-12-23,S003,P0003,60,20,0
2025-12-23,S003,P0004,69,20,0
2025-12-23,S003,P0005,95,20,0
2025-12-23,S003,P0006,89,20,0
2025-12-23,S003,P0007,99,20,0
2025-12-23,S003,P0008,48,20,0
2025-12-23,S003,P0009,47,20,0
2025-12-23,S003,P0010,60,20,0
2025-12-23,S004,P0001,33,20,0
2025-12-23,S004,P0002,52,20,0
2025-12-23,S004,P0003,48,20,0
2025-12-23,S004,P0004,79,20,0
2025-12-23,S004,P0005,108,20,0
2025-12-23,S004,P0006,110,20,0
2025-12-23,S004,P0007,76,20,0
2025-12-23,S004,P0008,21,20,0
2025-12-23,S004,P0009,42,20,0
2025-12-23,S004,P0010,81,20,0
2025-12-23,S005,P0001,74,20,0
2025-12-23,S005,P0002,96,20,0
2025-12-23,S005,P0003,62,20,0
2025-12-23,S005,P0004,69,20,0
2025-12-23,S005,P0005,28,20,0
2025-12-23,S005,P0006,46,20,0
2025-12-23,S005,P0007,66,20,0
2025-12-23,S005,P0008,118,20,0
2025-12-23,S005,P0009,79,20,0
2025-12-23,S005,P0010,116,20,0
2025-12-24,S001,P0001,22,20,0
2025-12-24,S001,P0002,85,20,0
2025-12-24,S001,P0003,119,20,0
2025-12-24,S001,P0004,69,20,0
2025-12-24,S001,P0005,80,20,0
2025-12-24,S001,P0006,72,20,0
2025-12-24,S001,P0007,66,20,0
2025-12-24,S001,P0008,115,20,0
2025-12-24,S001,P0009,41,20,0
2025-12-24,S001,P0010,25,20,0
2025-12-24,S002,P0001,105,20,0
2025-12-24,S002,P0002,30,20,0
2025-12-24,S002,P0003,42,20,0
2025-12-24,S002,P0004,66,20,0
2025-12-24,S002,P0005,26,20,0
2025-12-24,S002,P0006,71,20,0
2025-12-24,S002,P0007,64,20,0
2025-12-24,S002,P0008,45,20,0
2025-12-24,S002,P0009,74,20,0
2025-12-24,S002,P0010,93,20,0
2025-12-24,S003,P0001,109,20,0
2025-12-24,S003,P0002,104,20,0
2025-12-24,S003,P0003,57,20,0
2025-12-24,S003,P0004,66,20,0
2025-12-24,S003,P0005,93,20,0
2025-12-24,S003,P0006,83,20,0
2025-12-24,S003,P0007,97,20,0
2025-12-24,S003,P0008,46,20,0
2025-12-24,S003,P0009,44,20,0
2025-12-24,S003,P0010,56,20,0
2025-12-24,S004,P0001,27,20,0
2025-12-24,S004,P0002,48,20,0
2025-12-24,S004,P0003,41,20,0
2025-12-24,S004,P0004,78,20,0
2025-12-24,S004,P0005,101,20,0
2025-12-24,S004,P0006,110,20,0
2025-12-24,S004,P0007,76,20,0
2025-12-24,S004,P0008,119,20,0
2025-12-24,S004,P0009,36,20,0
2025-12-24,S004,P0010,74,20,0
2025-12-24,S005,P0001,71,20,0
2025-12-24,S005,P0002,93,20,0
2025-12-24,S005,P0003,59,20,0
2025-12-24,S005,P0004,66,20,0
2025-12-24,S005,P0005,20,20,0
2025-12-24,S005,P0006,44,20,0
2025-12-24,S005,P0007,63,20,0
2025-12-24,S005,P0008,116,20,0
2025-12-24,S005,P0009,72,20,0
2025-12-24,S005,P0010,114,20,0
2025-12-25,S001,P0001,117,20,0
2025-12-25,S001,P0002,79,20,0
2025-12-25,S001,P0003,114,20,0
2025-12-25,S001,P0004,66,20,0
2025-12-25,S001,P0005,68,20,0
2025-12-25,S001,P0006,69,20,0
2025-12-25,S001,P0007,66,20,0
2025-12-25,S001,P0008,112,20,0
2025-12-25,S001,P0009,36,20,0
2025-12-25,S001,P0010,20,20,0
2025-12-25,S002,P0001,100,20,0
2025-12-25,S002,P0002,23,20,0
2025-12-25,S002,P0003,37,20,0
2025-12-25,S002,P0004,62,20,0
2025-12-25,S002,P0005,118,20,0
2025-12-25,S002,P0006,70,20,0
2025-12-25,S002,P0007,61,20,0
2025-12-25,S002,P0008,33,20,0
2025-12-25,S002,P0009,68,20,0
2025-12-25,S002,P0010,88,20,0
2025-12-25,S003,P0001,103,20,0
2025-12-25,S003,P0002,97,20,0
2025-12-25,S003,P0003,56,20,0
2025-12-25,S003,P0004,63,20,0
2025-12-25,S003,P0005,82,20,0
2025-12-25,S003,P0006,78,20,0
2025-12-25,S003,P0007,95,20,0
2025-12-25,S003,P0008,39,20,0
2025-12-25,S003,P0009,37,20,0
2025-12-25,S003,P0010,52,20,0
2025-12-25,S004,P0001,22,20,0
2025-12-25,S004,P0002,41,20,0
2025-12-25,S004,P0003,34,20,0
2025-12-25,S004,P0004,77,20,0
2025-12-25,S004,P0005,94,20,0
2025-12-25,S004,P0006,108,20,0
2025-12-25,S004,P0007,70,20,0
2025-12-25,S004,P0008,117,20,0
2025-12-25,S004,P0009,31,20,0
2025-12-25,S004,P0010,70,20,0
2025-12-25,S005,P0001,66,20,0
2025-12-25,S005,P0002,88,20,0
2025-12-25,S005,P0003,51,20,0
2025-12-25,S005,P0004,63,20,0
2025-12-25,S005,P0005,113,20,0
2025-12-25,S005,P0006,42,20,0
2025-12-25,S005,P0007,62,20,0
2025-12-25,S005,P0008,113,20,0
2025-12-25,S005,P0009,65,20,0
2025-12-25,S005,P0010,107,20,0
2025-12-26,S001,P0001,115,20,0
2025-12-26,S001,P0002,77,20,0
2025-12-26,S001,P0003,112,20,0
2025-12-26,S001,P0004,66,20,0
2025-12-26,S001,P0005,63,20,0
2025-12-26,S001,P0006,69,20,0
2025-12-26,S001,P0007,65,20,0
2025-12-26,S001,P0008,111,20,0
2025-12-26,S001,P0009,34,20,0
2025-12-26,S001,P0010,119,20,0
2025-12-26,S002,P0001,99,20,0
2025-12-26,S002,P0002,22,20,0
2025-12-26,S002,P0003,37,20,0
2025-12-26,S002,P0004,62,20,0
2025-12-26,S002,P0005,116,20,0
2025-12-26,S002,P0006,68,20,0
2025-12-26,S002,P0007,61,20,0
2025-12-26,S002,P0008,32,20,0
2025-12-26,S002,P0009,67,20,0
2025-12-26,S002,P0010,87,20,0
2025-12-26,S003,P0001,101,20,0
2025-12-26,S003,P0002,96,20,0
2025-12-26,S003,P0003,55,20,0
2025-12-26,S003,P0004,61,20,0
2025-12-26,S003,P0005,78,20,0
2025-12-26,S003,P0006,75,20,0
2025-12-26,S003,P0007,95,20,0
2025-12-26,S003,P0008,38,20,0
2025-12-26,S003,P0009,36,20,0
2025-12-26,S003,P0010,51,20,0
2025-12-26,S004,P0001,21,20,0
2025-12-26,S004,P0002,39,20,0
2025-12-26,S004,P0003,34,20,0
2025-12-26,S004,P0004,76,20,0
2025-12-26,S004,P0005,90,20,0
2025-12-26,S004,P0006,108,20,0
2025-12-26,S004,P0007,70,20,0
2025-12-26,S004,P0008,117,20,0
2025-12-26,S004,P0009,30,20,0
2025-12-26,S004,P0010,69,20,0
2025-12-26,S005,P0001,65,20,0
2025-12-26,S005,P0002,86,20,0
2025-12-26,S005,P0003,51,20,0
2025-12-26,S005,P0004,62,20,0
2025-12-26,S005,P0005,111,20,0
2025-12-26,S005,P0006,41,20,0
2025-12-26,S005,P0007,62,20,0
2025-12-26,S005,P0008,112,20,0
2025-12-26,S005,P0009,62,20,0
2025-12-26,S005,P0010,106,20,0
2025-12-27,S001,P0001,113,20,0
2025-12-27,S001,P0002,76,20,0
2025-12-27,S001,P0003,111,20,0
2025-12-27,S001,P0004,66,20,0
2025-12-27,S001,P0005,62,20,0
2025-12-27,S001,P0006,69,20,0
2025-12-27,S001,P0007,64,20,0
2025-12-27,S001,P0008,111,20,0
2025-12-27,S001,P0009,32,20,0
2025-12-27,S001,P0010,116,20,0
2025-12-27,S002,P0001,98,20,0
2025-12-27,S002,P0002,119,20,0
2025-12-27,S002,P0003,36,20,0
2025-12-27,S002,P0004,58,20,0
2025-12-27,S002,P0005,114,20,0
2025-12-27,S002,P0006,68,20,0
2025-12-27,S002,P0007,61,20,0
2025-12-27,S002,P0008,30,20,0
2025-12-27,S002,P0009,65,20,0
2025-12-27,S002,P0010,86,20,0
2025-12-27,S003,P0001,101,20,0
2025-12-27,S003,P0002,95,20,0
2025-12-27,S003,P0003,55,20,0
2025-12-27,S003,P0004,61,20,0
2025-12-27,S003,P0005,76,20,0
2025-12-27,S003,P0006,74,20,0
2025-12-27,S003,P0007,95,20,0
2025-12-27,S003,P0008,38,20,0
2025-12-27,S003,P0009,36,20,0
2025-12-27,S003,P0010,49,20,0
2025-12-27,S004,P0001,119,20,0
2025-12-27,S004,P0002,39,20,0
2025-12-27,S004,P0003,33,20,0
2025-12-27,S004,P0004,76,20,0
2025-12-27,S004,P0005,86,20,0
2025-12-27,S004,P0006,106,20,0
2025-12-27,S004,P0007,69,20,0
2025-12-27,S004,P0008,114,20,0
2025-12-27,S004,P0009,29,20,0
2025-12-27,S004,P0010,68,20,0
2025-12-27,S005,P0001,64,20,0
2025-12-27,S005,P0002,84,20,0
2025-12-27,S005,P0003,51,20,0
2025-12-27,S005,P0004,62,20,0
2025-12-27,S005,P0005,107,20,0
2025-12-27,S005,P0006,41,20,0
2025-12-27,S005,P0007,62,20,0
2025-12-27,S005,P0008,111,20,0
2025-12-27,S005,P0009,61,20,0
2025-12-27,S005,P0010,104,20,0
2025-12-28,S001,P0001,110,20,0
2025-12-28,S001,P0002,74,20,0
2025-12-28,S001,P0003,111,20,0
2025-12-28,S001,P0004,66,20,0
2025-12-28,S001,P0005,59,20,0
2025-12-28,S001,P0006,69,20,0
2025-12-28,S001,P0007,63,20,0
2025-12-28,S001,P0008,108,20,0
2025-12-28,S001,P0009,30,20,0
2025-12-28,S001,P0010,114,20,0
2025-12-28,S002,P0001,95,20,0
2025-12-28,S002,P0002,118,20,0
2025-12-28,S002,P0003,35,20,0
2025-12-28,S002,P0004,57,20,0
2025-12-28,S002,P0005,114,20,0
2025-12-28,S002,P0006,68,20,0
2025-12-28,S002,P0007,61,20,0
2025-12-28,S002,P0008,30,20,0
2025-12-28,S002,P0009,63,20,0
2025-12-28,S002,P0010,83,20,0
2025-12-28,S003,P0001,99,20,0
2025-12-28,S003,P0002,92,20,0
2025-12-28,S003,P0003,55,20,0
2025-12-28,S003,P0004,60,20,0
2025-12-28,S003,P0005,74,20,0
2025-12-28,S003,P0006,74,20,0
2025-12-28,S003,P0007,94,20,0
2025-12-28,S003,P0008,37,20,0
2025-12-28,S003,P0009,35,20,0
2025-12-28,S003,P0010,48,20,0
2025-12-28,S004,P0001,118,20,0
2025-12-28,S004,P0002,38,20,0
2025-12-28,S004,P0003,33,20,0
2025-12-28,S004,P0004,75,20,0
2025-12-28,S004,P0005,85,20,0
2025-12-28,S004,P0006,104,20,0
2025-12-28,S004,P0007,68,20,0
2025-12-28,S004,P0008,112,20,0
2025-12-28,S004,P0009,28,20,0
2025-12-28,S004,P0010,67,20,0
2025-12-28,S005,P0001,62,20,0
2025-12-28,S005,P0002,84,20,0
2025-12-28,S005,P0003,50,20,0
2025-12-28,S005,P0004,61,20,0
2025-12-28,S005,P0005,105,20,0
2025-12-28,S005,P0006,41,20,0
2025-12-28,S005,P0007,61,20,0
2025-12-28,S005,P0008,110,20,0
2025-12-28,S005,P0009,58,20,0
2025-12-28,S005,P0010,103,20,0
2025-12-29,S001,P0001,109,20,0
2025-12-29,S001,P0002,73,20,0
2025-12-29,S001,P0003,110,20,0
2025-12-29,S001,P0004,66,20,0
2025-12-29,S001,P0005,55,20,0
2025-12-29,S001,P0006,69,20,0
2025-12-29,S001,P0007,63,20,0
2025-12-29,S001,P0008,107,20,0
2025-12-29,S001,P0009,26,20,0
2025-12-29,S001,P0010,113,20,0
2025-12-29,S002,P0001,91,20,0
2025-12-29,S002,P0002,114,20,0
2025-12-29,S002,P0003,34,20,0
2025-12-29,S002,P0004,55,20,0
2025-12-29,S002,P0005,111,20,0
2025-12-29,S002,P0006,68,20,0
2025-12-29,S002,P0007,60,20,0
2025-12-29,S002,P0008,30,20,0
2025-12-29,S002,P0009,63,20,0
2025-12-29,S002,P0010,81,20,0
2025-12-29,S003,P0001,98,20,0
2025-12-29,S003,P0002,90,20,0
2025-12-29,S003,P0003,52,20,0
2025-12-29,S003,P0004,60,20,0
2025-12-29,S003,P0005,72,20,0
2025-12-29,S003,P0006,74,20,0
2025-12-29,S003,P0007,93,20,0
2025-12-29,S003,P0008,35,20,0
2025-12-29,S003,P0009,34,20,0
2025-12-29,S003,P0010,46,20,0
2025-12-29,S004,P0001,117,20,0
2025-12-29,S004,P0002,38,20,0
2025-12-29,S004,P0003,33,20,0
2025-12-29,S004,P0004,73,20,0
2025-12-29,S004,P0005,81,20,0
2025-12-29,S004,P0006,104,20,0
2025-12-29,S004,P0007,67,20,0
2025-12-29,S004,P0008,111,20,0
2025-12-29,S004,P0009,28,20,0
2025-12-29,S004,P0010,67,20,0
2025-12-29,S005,P0001,57,20,0
2025-12-29,S005,P0002,82,20,0
2025-12-29,S005,P0003,50,20,0
2025-12-29,S005,P0004,58,20,0
2025-12-29,S005,P0005,101,20,0
2025-12-29,S005,P0006,40,20,0
2025-12-29,S005,P0007,61,20,0
2025-12-29,S005,P0008,109,20,0
2025-12-29,S005,P0009,56,20,0
2025-12-29,S005,P0010,102,20,0
2025-12-30,S001,P0001,108,20,0
2025-12-30,S001,P0002,71,20,0
2025-12-30,S001,P0003,108,20,0
2025-12-30,S001,P0004,64,20,0
2025-12-30,S001,P0005,52,20,0
2025-12-30,S001,P0006,69,20,0
2025-12-30,S001,P0007,60,20,0
2025-12-30,S001,P0008,105,20,0
2025-12-30,S001,P0009,23,20,0
2025-12-30,S001,P0010,111,20,0
2025-12-30,S002,P0001,89,20,0
2025-12-30,S002,P0002,114,20,0
2025-12-30,S002,P0003,34,20,0
2025-12-30,S002,P0004,54,20,0
2025-12-30,S002,P0005,109,20,0
2025-12-30,S002,P0006,67,20,0
2025-12-30,S002,P0007,60,20,0
2025-12-30,S002,P0008,29,20,0
2025-12-30,S002,P0009,61,20,0
2025-12-30,S002,P0010,80,20,0
2025-12-30,S003,P0001,95,20,0
2025-12-30,S003,P0002,89,20,0
2025-12-30,S003,P0003,51,20,0
2025-12-30,S003,P0004,59,20,0
2025-12-30,S003,P0005,68,20,0
2025-12-30,S003,P0006,73,20,0
2025-12-30,S003,P0007,92,20,0
2025-12-30,S003,P0008,30,20,0
2025-12-30,S003,P0009,32,20,0
2025-12-30,S003,P0010,45,20,0
2025-12-30,S004,P0001,115,20,0
2025-12-30,S004,P0002,37,20,0
2025-12-30,S004,P0003,33,20,0
2025-12-30,S004,P0004,73,20,0
2025-12-30,S004,P0005,78,20,0
2025-12-30,S004,P0006,104,20,0
2025-12-30,S004,P0007,67,20,0
2025-12-30,S004,P0008,108,20,0
2025-12-30,S004,P0009,26,20,0
2025-12-30,S004,P0010,65,20,0
2025-12-30,S005,P0001,56,20,0
2025-12-30,S005,P0002,80,20,0
2025-12-30,S005,P0003,48,20,0
2025-12-30,S005,P0004,54,20,0
2025-12-30,S005,P0005,98,20,0
2025-12-30,S005,P0006,39,20,0
2025-12-30,S005,P0007,60,20,0
2025-12-30,S005,P0008,109,20,0
2025-12-30,S005,P0009,54,20,0
2025-12-30,S005,P0010,101,20,0
2025-12-31,S001,P0001,108,20,0
2025-12-31,S001,P0002,69,20,0
2025-12-31,S001,P0003,104,20,0
2025-12-31,S001,P0004,63,20,0
2025-12-31,S001,P0005,48,20,0
2025-12-31,S001,P0006,69,20,0
2025-12-31,S001,P0007,58,20,0
2025-12-31,S001,P0008,105,20,0
2025-12-31,S001,P0009,21,20,0
2025-12-31,S001,P0010,110,20,0
2025-12-31,S002,P0001,89,20,0
2025-12-31,S002,P0002,112,20,0
2025-12-31,S002,P0003,32,20,0
2025-12-31,S002,P0004,54,20,0
2025-12-31,S002,P0005,106,20,0
2025-12-31,S002,P0006,66,20,0
2025-12-31,S002,P0007,59,20,0
2025-12-31,S002,P0008,28,20,0
2025-12-31,S002,P0009,60,20,0
2025-12-31,S002,P0010,79,20,0
2025-12-31,S003,P0001,94,20,0
2025-12-31,S003,P0002,88,20,0
2025-12-31,S003,P0003,49,20,0
2025-12-31,S003,P0004,58,20,0
2025-12-31,S003,P0005,63,20,0
2025-12-31,S003,P0006,72,20,0
2025-12-31,S003,P0007,89,20,0
2025-12-31,S003,P0008,28,20,0
2025-12-31,S003,P0009,31,20,0
2025-12-31,S003,P0010,43,20,0
2025-12-31,S004,P0001,112,20,0
2025-12-31,S004,P0002,34,20,0
2025-12-31,S004,P0003,33,20,0
2025-12-31,S004,P0004,73,20,0
2025-12-31,S004,P0005,75,20,0
2025-12-31,S004,P0006,104,20,0
2025-12-31,S004,P0007,66,20,0
2025-12-31,S004,P0008,108,20,0
2025-12-31,S004,P0009,23,20,0
2025-12-31,S004,P0010,63,20,0
2025-12-31,S005,P0001,54,20,0
2025-12-31,S005,P0002,78,20,0
2025-12-31,S005,P0003,47,20,0
2025-12-31,S005,P0004,54,20,0
2025-12-31,S005,P0005,97,20,0
2025-12-31,S005,P0006,38,20,0
2025-12-31,S005,P0007,59,20,0
2025-12-31,S005,P0008,108,20,0
2025-12-31,S005,P0009,52,20,0
2025-12-31,S005,P0010,101,20,0
2026-01-01,S001,P0001,106,20,0
2026-01-01,S001,P0002,67,20,0
2026-01-01,S001,P0003,103,20,0
2026-01-01,S001,P0004,62,20,0
2026-01-01,S001,P0005,47,20,0
2026-01-01,S001,P0006,69,20,0
2026-01-01,S001,P0007,58,20,0
2026-01-01,S001,P0008,105,20,0
2026-01-01,S001,P0009,119,20,0
2026-01-01,S001,P0010,110,20,0
2026-01-01,S002,P0001,87,20,0
2026-01-01,S002,P0002,110,20,0
2026-01-01,S002,P0003,32,20,0
2026-01-01,S002,P0004,53,20,0
2026-01-01,S002,P0005,106,20,0
2026-01-01,S002,P0006,65,20,0
2026-01-01,S002,P0007,59,20,0
2026-01-01,S002,P0008,25,20,0
2026-01-01,S002,P0009,58,20,0
2026-01-01,S002,P0010,78,20,0
2026-01-01,S003,P0001,92,20,0
2026-01-01,S003,P0002,86,20,0
2026-01-01,S003,P0003,48,20,0
2026-01-01,S003,P0004,58,20,0
2026-01-01,S003,P0005,63,20,0
2026-01-01,S003,P0006,72,20,0
2026-01-01,S003,P0007,88,20,0
2026-01-01,S003,P0008,26,20,0
2026-01-01,S003,P0009,29,20,0
2026-01-01,S003,P0010,41,20,0
2026-01-01,S004,P0001,109,20,0
2026-01-01,S004,P0002,33,20,0
2026-01-01,S004,P0003,31,20,0
2026-01-01,S004,P0004,72,20,0
2026-01-01,S004,P0005,72,20,0
2026-01-01,S004,P0006,102,20,0
2026-01-01,S004,P0007,65,20,0
2026-01-01,S004,P0008,107,20,0
2026-01-01,S004,P0009,22,20,0
2026-01-01,S004,P0010,63,20,0
2026-01-01,S005,P0001,52,20,0
2026-01-01,S005,P0002,75,20,0
2026-01-01,S005,P0003,47,20,0
2026-01-01,S005,P0004,53,20,0
2026-01-01,S005,P0005,94,20,0
2026-01-01,S005,P0006,37,20,0
2026-01-01,S005,P0007,59,20,0
2026-01-01,S005,P0008,108,20,0
2026-01-01,S005,P0009,50,20,0
2026-01-01,S005,P0010,99,20,0
2026-01-02,S001,P0001,105,20,0
2026-01-02,S001,P0002,65,20,0
2026-01-02,S001,P0003,101,20,0
2026-01-02,S001,P0004,60,20,0
2026-01-02,S001,P0005,46,20,0
2026-01-02,S001,P0006,68,20,0
2026-01-02,S001,P0007,58,20,0
2026-01-02,S001,P0008,105,20,0
2026-01-02,S001,P0009,118,20,0
2026-01-02,S001,P0010,108,20,0
2026-01-02,S002,P0001,86,20,0
2026-01-02,S002,P0002,103,20,0
2026-01-02,S002,P0003,32,20,0
2026-01-02,S002,P0004,52,20,0
2026-01-02,S002,P0005,104,20,0
2026-01-02,S002,P0006,64,20,0
2026-01-02,S002,P0007,57,20,0
2026-01-02,S002,P0008,25,20,0
2026-01-02,S002,P0009,55,20,0
2026-01-02,S002,P0010,76,20,0
2026-01-02,S003,P0001,90,20,0
2026-01-02,S003,P0002,84,20,0
2026-01-02,S003,P0003,43,20,0
2026-01-02,S003,P0004,55,20,0
2026-01-02,S003,P0005,59,20,0
2026-01-02,S003,P0006,70,20,0
2026-01-02,S003,P0007,87,20,0
2026-01-02,S003,P0008,24,20,0
2026-01-02,S003,P0009,29,20,0
2026-01-02,S003,P0010,41,20,0
2026-01-02,S004,P0001,107,20,0
2026-01-02,S004,P0002,32,20,0
2026-01-02,S004,P0003,29,20,0
2026-01-02,S004,P0004,72,20,0
2026-01-02,S004,P0005,70,20,0
2026-01-02,S004,P0006,102,20,0
2026-01-02,S004,P0007,65,20,0
2026-01-02,S004,P0008,105,20,0
2026-01-02,S004,P0009,21,20,0
2026-01-02,S004,P0010,63,20,0
2026-01-02,S005,P0001,51,20,0
2026-01-02,S005,P0002,75,20,0
2026-01-02,S005,P0003,45,20,0
2026-01-02,S005,P0004,53,20,0
2026-01-02,S005,P0005,91,20,0
2026-01-02,S005,P0006,37,20,0
2026-01-02,S005,P0007,59,20,0
2026-01-02,S005,P0008,107,20,0
2026-01-02,S005,P0009,49,20,0
2026-01-02,S005,P0010,96,20,0
2026-01-03,S001,P0001,103,20,0
2026-01-03,S001,P0002,65,20,0
2026-01-03,S001,P0003,99,20,0
2026-01-03,S001,P0004,59,20,0
2026-01-03,S001,P0005,46,20,0
2026-01-03,S001,P0006,67,20,0
2026-01-03,S001,P0007,58,20,0
2026-01-03,S001,P0008,104,20,0
2026-01-03,S001,P0009,116,20,0
2026-01-03,S001,P0010,107,20,0
2026-01-03,S002,P0001,85,20,0
2026-01-03,S002,P0002,102,20,0
2026-01-03,S002,P0003,32,20,0
2026-01-03,S002,P0004,51,20,0
2026-01-03,S002,P0005,102,20,0
2026-01-03,S002,P0006,63,20,0
2026-01-03,S002,P0007,57,20,0
2026-01-03,S002,P0008,24,20,0
2026-01-03,S002,P0009,50,20,0
2026-01-03,S002,P0010,73,20,0
2026-01-03,S003,P0001,90,20,0
2026-01-03,S003,P0002,83,20,0
2026-01-03,S003,P0003,42,20,0
2026-01-03,S003,P0004,54,20,0
2026-01-03,S003,P0005,57,20,0
2026-01-03,S003,P0006,70,20,0
2026-01-03,S003,P0007,87,20,0
2026-01-03,S003,P0008,22,20,0
2026-01-03,S003,P0009,26,20,0
2026-01-03,S003,P0010,39,20,0
2026-01-03,S004,P0001,106,20,0
2026-01-03,S004,P0002,30,20,0
2026-01-03,S004,P0003,27,20,0
2026-01-03,S004,P0004,71,20,0
2026-01-03,S004,P0005,69,20,0
2026-01-03,S004,P0006,101,20,0
2026-01-03,S004,P0007,65,20,0
2026-01-03,S004,P0008,104,20,0
2026-01-03,S004,P0009,20,20,0
2026-01-03,S004,P0010,61,20,0
2026-01-03,S005,P0001,50,20,0
2026-01-03,S005,P0002,72,20,0
2026-01-03,S005,P0003,44,20,0
2026-01-03,S005,P0004,51,20,0
2026-01-03,S005,P0005,88,20,0
2026-01-03,S005,P0006,36,20,0
2026-01-03,S005,P0007,57,20,0
2026-01-03,S005,P0008,107,20,0
2026-01-03,S005,P0009,48,20,0
2026-01-03,S005,P0010,96,20,0
2026-01-04,S001,P0001,103,20,0
2026-01-04,S001,P0002,64,20,0
2026-01-04,S001,P0003,98,20,0
2026-01-04,S001,P0004,59,20,0
2026-01-04,S001,P0005,45,20,0
2026-01-04,S001,P0006,66,20,0
2026-01-04,S001,P0007,57,20,0
2026-01-04,S001,P0008,103,20,0
2026-01-04,S001,P0009,115,20,0
2026-01-04,S001,P0010,106,20,0
2026-01-04,S002,P0001,84,20,0
2026-01-04,S002,P0002,100,20,0
2026-01-04,S002,P0003,31,20,0
2026-01-04,S002,P0004,50,20,0
2026-01-04,S002,P0005,99,20,0
2026-01-04,S002,P0006,62,20,0
2026-01-04,S002,P0007,55,20,0
2026-01-04,S002,P0008,23,20,0
2026-01-04,S002,P0009,50,20,0
2026-01-04,S002,P0010,72,20,0
2026-01-04,S003,P0001,86,20,0
2026-01-04,S003,P0002,83,20,0
2026-01-04,S003,P0003,41,20,0
2026-01-04,S003,P0004,54,20,0
2026-01-04,S003,P0005,55,20,0
2026-01-04,S003,P0006,69,20,0
2026-01-04,S003,P0007,87,20,0
2026-01-04,S003,P0008,21,20,0
2026-01-04,S003,P0009,22,20,0
2026-01-04,S003,P0010,38,20,0
2026-01-04,S004,P0001,105,20,0
2026-01-04,S004,P0002,29,20,0
2026-01-04,S004,P0003,25,20,0
2026-01-04,S004,P0004,70,20,0
2026-01-04,S004,P0005,68,20,0
2026-01-04,S004,P0006,101,20,0
2026-01-04,S004,P0007,65,20,0
2026-01-04,S004,P0008,100,20,0
2026-01-04,S004,P0009,119,20,0
2026-01-04,S004,P0010,59,20,0
2026-01-04,S005,P0001,48,20,0
2026-01-04,S005,P0002,69,20,0
2026-01-04,S005,P0003,43,20,0
2026-01-04,S005,P0004,49,20,0
2026-01-04,S005,P0005,84,20,0
2026-01-04,S005,P0006,35,20,0
2026-01-04,S005,P0007,57,20,0
2026-01-04,S005,P0008,107,20,0
2026-01-04,S005,P0009,47,20,0
2026-01-04,S005,P0010,96,20,0
2026-01-05,S001,P0001,103,20,0
2026-01-05,S001,P0002,63,20,0
2026-01-05,S001,P0003,95,20,0
2026-01-05,S001,P0004,59,20,0
2026-01-05,S001,P0005,45,20,0
2026-01-05,S001,P0006,66,20,0
2026-01-05,S001,P0007,57,20,0
2026-01-05,S001,P0008,100,20,0
2026-01-05,S001,P0009,110,20,0
2026-01-05,S001,P0010,105,20,0
2026-01-05,S002,P0001,83,20,0
2026-01-05,S002,P0002,98,20,0
2026-01-05,S002,P0003,29,20,0
2026-01-05,S002,P0004,48,20,0
2026-01-05,S002,P0005,95,20,0
2026-01-05,S002,P0006,61,20,0
2026-01-05,S002,P0007,55,20,0
2026-01-05,S002,P0008,23,20,0
2026-01-05,S002,P0009,50,20,0
2026-01-05,S002,P0010,70,20,0
2026-01-05,S003,P0001,84,20,0
2026-01-05,S003,P0002,83,20,0
2026-01-05,S003,P0003,39,20,0
2026-01-05,S003,P0004,53,20,0
2026-01-05,S003,P0005,54,20,0
2026-01-05,S003,P0006,69,20,0
2026-01-05,S003,P0007,85,20,0
2026-01-05,S003,P0008,118,20,0
2026-01-05,S003,P0009,22,20,0
2026-01-05,S003,P0010,37,20,0
2026-01-05,S004,P0001,103,20,0
2026-01-05,S004,P0002,27,20,0
2026-01-05,S004,P0003,22,20,0
2026-01-05,S004,P0004,70,20,0
2026-01-05,S004,P0005,63,20,0
2026-01-05,S004,P0006,100,20,0
2026-01-05,S004,P0007,64,20,0
2026-01-05,S004,P0008,100,20,0
2026-01-05,S004,P0009,116,20,0
2026-01-05,S004,P0010,59,20,0
2026-01-05,S005,P0001,47,20,0
2026-01-05,S005,P0002,68,20,0
2026-01-05,S005,P0003,42,20,0
2026-01-05,S005,P0004,49,20,0
2026-01-05,S005,P0005,76,20,0
2026-01-05,S005,P0006,34,20,0
2026-01-05,S005,P0007,56,20,0
2026-01-05,S005,P0008,106,20,0
2026-01-05,S005,P0009,42,20,0
2026-01-05,S005,P0010,94,20,0
2026-01-06,S001,P0001,102,20,0
2026-01-06,S001,P0002,62,20,0
2026-01-06,S001,P0003,95,20,0
2026-01-06,S001,P0004,58,20,0
2026-01-06,S001,P0005,40,20,0
2026-01-06,S001,P0006,66,20,0
2026-01-06,S001,P0007,55,20,0
2026-01-06,S001,P0008,98,20,0
2026-01-06,S001,P0009,109,20,0
2026-01-06,S001,P0010,105,20,0
2026-01-06,S002,P0001,78,20,0
2026-01-06,S002,P0002,97,20,0
2026-01-06,S002,P0003,28,20,0
2026-01-06,S002,P0004,46,20,0
2026-01-06,S002,P0005,93,20,0
2026-01-06,S002,P0006,61,20,0
2026-01-06,S002,P0007,55,20,0
2026-01-06,S002,P0008,20,20,0
2026-01-06,S002,P0009,50,20,0
2026-01-06,S002,P0010,69,20,0
2026-01-06,S003,P0001,80,20,0
2026-01-06,S003,P0002,81,20,0
2026-01-06,S003,P0003,38,20,0
2026-01-06,S003,P0004,53,20,0
2026-01-06,S003,P0005,51,20,0
2026-01-06,S003,P0006,69,20,0
2026-01-06,S003,P0007,85,20,0
2026-01-06,S003,P0008,118,20,0
2026-01-06,S003,P0009,21,20,0
2026-01-06,S003,P0010,36,20,0
2026-01-06,S004,P0001,103,20,0
2026-01-06,S004,P0002,25,20,0
2026-01-06,S004,P0003,20,20,0
2026-01-06,S004,P0004,69,20,0
2026-01-06,S004,P0005,61,20,0
2026-01-06,S004,P0006,100,20,0
2026-01-06,S004,P0007,62,20,0
2026-01-06,S004,P0008,100,20,0
2026-01-06,S004,P0009,114,20,0
2026-01-06,S004,P0010,58,20,0
2026-01-06,S005,P0001,45,20,0
2026-01-06,S005,P0002,67,20,0
2026-01-06,S005,P0003,39,20,0
2026-01-06,S005,P0004,49,20,0
2026-01-06,S005,P0005,73,20,0
2026-01-06,S005,P0006,33,20,0
2026-01-06,S005,P0007,52,20,0
2026-01-06,S005,P0008,104,20,0
2026-01-06,S005,P0009,38,20,0
2026-01-06,S005,P0010,93,20,0
2026-01-07,S001,P0001,101,20,0
2026-01-07,S001,P0002,62,20,0
2026-01-07,S001,P0003,94,20,0
2026-01-07,S001,P0004,57,20,0
2026-01-07,S001,P0005,38,20,0
2026-01-07,S001,P0006,65,20,0
2026-01-07,S001,P0007,55,20,0
2026-01-07,S001,P0008,97,20,0
2026-01-07,S001,P0009,108,20,0
2026-01-07,S001,P0010,105,20,0
2026-01-07,S002,P0001,76,20,0
2026-01-07,S002,P0002,97,20,0
2026-01-07,S002,P0003,26,20,0
2026-01-07,S002,P0004,45,20,0
2026-01-07,S002,P0005,89,20,0
2026-01-07,S002,P0006,59,20,0
2026-01-07,S002,P0007,54,20,0
2026-01-07,S002,P0008,116,20,0
2026-01-07,S002,P0009,49,20,0
2026-01-07,S002,P0010,66,20,0
2026-01-07,S003,P0001,77,20,0
2026-01-07,S003,P0002,80,20,0
2026-01-07,S003,P0003,38,20,0
2026-01-07,S003,P0004,51,20,0
2026-01-07,S003,P0005,50,20,0
2026-01-07,S003,P0006,68,20,0
2026-01-07,S003,P0007,84,20,0
2026-01-07,S003,P0008,118,20,0
2026-01-07,S003,P0009,20,20,0
2026-01-07,S003,P0010,34,20,0
2026-01-07,S004,P0001,100,20,0
2026-01-07,S004,P0002,25,20,0
2026-01-07,S004,P0003,119,20,0
2026-01-07,S004,P0004,66,20,0
2026-01-07,S004,P0005,60,20,0
2026-01-07,S004,P0006,100,20,0
2026-01-07,S004,P0007,60,20,0
2026-01-07,S004,P0008,98,20,0
2026-01-07,S004,P0009,113,20,0
2026-01-07,S004,P0010,57,20,0
2026-01-07,S005,P0001,42,20,0
2026-01-07,S005,P0002,67,20,0
2026-01-07,S005,P0003,37,20,0
2026-01-07,S005,P0004,49,20,0
2026-01-07,S005,P0005,69,20,0
2026-01-07,S005,P0006,32,20,0
2026-01-07,S005,P0007,51,20,0
2026-01-07,S005,P0008,102,20,0
2026-01-07,S005,P0009,36,20,0
2026-01-07,S005,P0010,93,20,0
2026-01-08,S001,P0001,98,20,0
2026-01-08,S001,P0002,60,20,0
2026-01-08,S001,P0003,89,20,0
2026-01-08,S001,P0004,56,20,0
2026-01-08,S001,P0005,34,20,0
2026-01-08,S001,P0006,65,20,0
2026-01-08,S001,P0007,54,20,0
2026-01-08,S001,P0008,96,20,0
2026-01-08,S001,P0009,106,20,0
2026-01-08,S001,P0010,104,20,0
2026-01-08,S002,P0001,74,20,0
2026-01-08,S002,P0002,94,20,0
2026-01-08,S002,P0003,25,20,0
2026-01-08,S002,P0004,44,20,0
2026-01-08,S002,P0005,84,20,0
2026-01-08,S002,P0006,59,20,0
2026-01-08,S002,P0007,53,20,0
2026-01-08,S002,P0008,116,20,0
2026-01-08,S002,P0009,48,20,0
2026-01-08,S002,P0010,65,20,0
2026-01-08,S003,P0001,76,20,0
2026-01-08,S003,P0002,76,20,0
2026-01-08,S003,P0003,37,20,0
2026-01-08,S003,P0004,51,20,0
2026-01-08,S003,P0005,50,20,0
2026-01-08,S003,P0006,66,20,0
2026-01-08,S003,P0007,84,20,0
2026-01-08,S003,P0008,118,20,0
2026-01-08,S003,P0009,117,20,0
2026-01-08,S003,P0010,34,20,0
2026-01-08,S004,P0001,98,20,0
2026-01-08,S004,P0002,25,20,0
2026-01-08,S004,P0003,117,20,0
2026-01-08,S004,P0004,64,20,0
2026-01-08,S004,P0005,59,20,0
2026-01-08,S004,P0006,100,20,0
2026-01-08,S004,P0007,60,20,0
2026-01-08,S004,P0008,95,20,0
2026-01-08,S004,P0009,111,20,0
2026-01-08,S004,P0010,57,20,0
2026-01-08,S005,P0001,42,20,0
2026-01-08,S005,P0002,64,20,0
2026-01-08,S005,P0003,37,20,0
2026-01-08,S005,P0004,48,20,0
2026-01-08,S005,P0005,66,20,0
2026-01-08,S005,P0006,30,20,0
2026-01-08,S005,P0007,50,20,0
2026-01-08,S005,P0008,101,20,0
2026-01-08,S005,P0009,35,20,0
2026-01-08,S005,P0010,91,20,0
2026-01-09,S001,P0001,97,20,0
2026-01-09,S001,P0002,58,20,0
2026-01-09,S001,P0003,87,20,0
2026-01-09,S001,P0004,56,20,0
2026-01-09,S001,P0005,33,20,0
2026-01-09,S001,P0006,63,20,0
2026-01-09,S001,P0007,51,20,0
2026-01-09,S001,P0008,94,20,0
2026-01-09,S001,P0009,104,20,0
2026-01-09,S001,P0010,104,20,0
2026-01-09,S002,P0001,72,20,0
2026-01-09,S002,P0002,93,20,0
2026-01-09,S002,P0003,25,20,0
2026-01-09,S002,P0004,42,20,0
2026-01-09,S002,P0005,80,20,0
2026-01-09,S002,P0006,59,20,0
2026-01-09,S002,P0007,53,20,0
2026-01-09,S002,P0008,116,20,0
2026-01-09,S002,P0009,46,20,0
2026-01-09,S002,P0010,65,20,0
2026-01-09,S003,P0001,75,20,0
2026-01-09,S003,P0002,75,20,0
2026-01-09,S003,P0003,35,20,0
2026-01-09,S003,P0004,50,20,0
2026-01-09,S003,P0005,50,20,0
2026-01-09,S003,P0006,64,20,0
2026-01-09,S003,P0007,84,20,0
2026-01-09,S003,P0008,117,20,0
2026-01-09,S003,P0009,116,20,0
2026-01-09,S003,P0010,33,20,0
2026-01-09,S004,P0001,92,20,0
2026-01-09,S004,P0002,23,20,0
2026-01-09,S004,P0003,116,20,0
2026-01-09,S004,P0004,64,20,0
2026-01-09,S004,P0005,57,20,0
2026-01-09,S004,P0006,100,20,0
2026-01-09,S004,P0007,60,20,0
2026-01-09,S004,P0008,95,20,0
2026-01-09,S004,P0009,111,20,0
2026-01-09,S004,P0010,57,20,0
2026-01-09,S005,P0001,42,20,0
2026-01-09,S005,P0002,63,20,0
2026-01-09,S005,P0003,37,20,0
2026-01-09,S005,P0004,48,20,0
2026-01-09,S005,P0005,63,20,0
2026-01-09,S005,P0006,30,20,0
2026-01-09,S005,P0007,48,20,0
2026-01-09,S005,P0008,99,20,0
2026-01-09,S005,P0009,35,20,0
2026-01-09,S005,P0010,90,20,0
2026-01-10,S001,P0001,96,20,0
2026-01-10,S001,P0002,57,20,0
2026-01-10,S001,P0003,85,20,0
2026-01-10,S001,P0004,56,20,0
2026-01-10,S001,P0005,31,20,0
2026-01-10,S001,P0006,63,20,0
2026-01-10,S001,P0007,48,20,0
2026-01-10,S001,P0008,93,20,0
2026-01-10,S001,P0009,100,20,0
2026-01-10,S001,P0010,104,20,0
2026-01-10,S002,P0001,70,20,0
2026-01-10,S002,P0002,91,20,0
2026-01-10,S002,P0003,25,20,0
2026-01-10,S002,P0004,40,20,0
2026-01-10,S002,P0005,78,20,0
2026-01-10,S002,P0006,59,20,0
2026-01-10,S002,P0007,52,20,0
2026-01-10,S002,P0008,115,20,0
2026-01-10,S002,P0009,44,20,0
2026-01-10,S002,P0010,65,20,0
2026-01-10,S003,P0001,74,20,0
2026-01-10,S003,P0002,74,20,0
2026-01-10,S003,P0003,32,20,0
2026-01-10,S003,P0004,50,20,0
2026-01-10,S003,P0005,47,20,0
2026-01-10,S003,P0006,64,20,0
2026-01-10,S003,P0007,83,20,0
2026-01-10,S003,P0008,116,20,0
2026-01-10,S003,P0009,114,20,0
2026-01-10,S003,P0010,32,20,0
2026-01-10,S004,P0001,90,20,0
2026-01-10,S004,P0002,20,20,0
2026-01-10,S004,P0003,111,20,0
2026-01-10,S004,P0004,62,20,0
2026-01-10,S004,P0005,55,20,0
2026-01-10,S004,P0006,99,20,0
2026-01-10,S004,P0007,58,20,0
2026-01-10,S004,P0008,94,20,0
2026-01-10,S004,P0009,111,20,0
2026-01-10,S004,P0010,54,20,0
2026-01-10,S005,P0001,40,20,0
2026-01-10,S005,P0002,61,20,0
2026-01-10,S005,P0003,37,20,0
2026-01-10,S005,P0004,47,20,0
2026-01-10,S005,P0005,62,20,0
2026-01-10,S005,P0006,29,20,0
2026-01-10,S005,P0007,47,20,0
2026-01-10,S005,P0008,96,20,0
2026-01-10,S005,P0009,35,20,0
2026-01-10,S005,P0010,89,20,0
2026-01-11,S001,P0001,95,20,0
2026-01-11,S001,P0002,55,20,0
2026-01-11,S001,P0003,85,20,0
2026-01-11,S001,P0004,56,20,0
2026-01-11,S001,P0005,31,20,0
2026-01-11,S001,P0006,63,20,0
2026-01-11,S001,P0007,48,20,0
2026-01-11,S001,P0008,93,20,0
2026-01-11,S001,P0009,100,20,0
2026-01-11,S001,P0010,103,20,0
2026-01-11,S002,P0001,68,20,0
2026-01-11,S002,P0002,90,20,0
2026-01-11,S002,P0003,24,20,0
2026-01-11,S002,P0004,40,20,0
2026-01-11,S002,P0005,77,20,0
2026-01-11,S002,P0006,59,20,0
2026-01-11,S002,P0007,52,20,0
2026-01-11,S002,P0008,115,20,0
2026-01-11,S002,P0009,40,20,0
2026-01-11,S002,P0010,63,20,0
2026-01-11,S003,P0001,74,20,0
2026-01-11,S003,P0002,73,20,0
2026-01-11,S003,P0003,31,20,0
2026-01-11,S003,P0004,49,20,0
2026-01-11,S003,P0005,44,20,0
2026-01-11,S003,P0006,64,20,0
2026-01-11,S003,P0007,82,20,0
2026-01-11,S003,P0008,114,20,0
2026-01-11,S003,P0009,113,20,0
2026-01-11,S003,P0010,32,20,0
2026-01-11,S004,P0001,89,20,0
2026-01-11,S004,P0002,117,20,0
2026-01-11,S004,P0003,111,20,0
2026-01-11,S004,P0004,62,20,0
2026-01-11,S004,P0005,51,20,0
2026-01-11,S004,P0006,99,20,0
2026-01-11,S004,P0007,58,20,0
2026-01-11,S004,P0008,94,20,0
2026-01-11,S004,P0009,109,20,0
2026-01-11,S004,P0010,54,20,0
2026-01-11,S005,P0001,40,20,0
2026-01-11,S005,P0002,60,20,0
2026-01-11,S005,P0003,36,20,0
2026-01-11,S005,P0004,45,20,0
2026-01-11,S005,P0005,57,20,0
2026-01-11,S005,P0006,28,20,0
2026-01-11,S005,P0007,47,20,0
2026-01-11,S005,P0008,95,20,0
2026-01-11,S005,P0009,34,20,0
2026-01-11,S005,P0010,86,20,0
2026-01-12,S001,P0001,95,20,0
2026-01-12,S001,P0002,54,20,0
2026-01-12,S001,P0003,84,20,0
2026-01-12,S001,P0004,56,20,0
2026-01-12,S001,P0005,28,20,0
2026-01-12,S001,P0006,62,20,0
2026-01-12,S001,P0007,47,20,0
2026-01-12,S001,P0008,92,20,0
2026-01-12,S001,P0009,94,20,0
2026-01-12,S001,P0010,103,20,0
2026-01-12,S002,P0001,68,20,0
2026-01-12,S002,P0002,88,20,0
2026-01-12,S002,P0003,21,20,0
2026-01-12,S002,P0004,39,20,0
2026-01-12,S002,P0005,72,20,0
2026-01-12,S002,P0006,58,20,0
2026-01-12,S002,P0007,51,20,0
2026-01-12,S002,P0008,115,20,0
2026-01-12,S002,P0009,37,20,0
2026-01-12,S002,P0010,59,20,0
2026-01-12,S003,P0001,74,20,0
2026-01-12,S003,P0002,73,20,0
2026-01-12,S003,P0003,30,20,0
2026-01-12,S003,P0004,48,20,0
2026-01-12,S003,P0005,41,20,0
2026-01-12,S003,P0006,64,20,0
2026-01-12,S003,P0007,81,20,0
2026-01-12,S003,P0008,113,20,0
2026-01-12,S003,P0009,111,20,0
2026-01-12,S003,P0010,29,20,0
2026-01-12,S004,P0001,88,20,0
2026-01-12,S004,P0002,114,20,0
2026-01-12,S004,P0003,110,20,0
2026-01-12,S004,P0004,61,20,0
2026-01-12,S004,P0005,47,20,0
2026-01-12,S004,P0006,99,20,0
2026-01-12,S004,P0007,57,20,0
2026-01-12,S004,P0008,94,20,0
2026-01-12,S004,P0009,108,20,0
2026-01-12,S004,P0010,53,20,0
2026-01-12,S005,P0001,40,20,0
2026-01-12,S005,P0002,60,20,0
2026-01-12,S005,P0003,34,20,0
2026-01-12,S005,P0004,45,20,0
2026-01-12,S005,P0005,52,20,0
2026-01-12,S005,P0006,26,20,0
2026-01-12,S005,P0007,47,20,0
2026-01-12,S005,P0008,92,20,0
2026-01-12,S005,P0009,34,20,0
2026-01-12,S005,P0010,86,20,0
2026-01-13,S001,P0001,93,20,0
2026-01-13,S001,P0002,52,20,0
2026-01-13,S001,P0003,80,20,0
2026-01-13,S001,P0004,54,20,0
2026-01-13,S001,P0005,27,20,0
2026-01-13,S001,P0006,61,20,0
2026-01-13,S001,P0007,47,20,0
2026-01-13,S001,P0008,92,20,0
2026-01-13,S001,P0009,91,20,0
2026-01-13,S001,P0010,100,20,0
2026-01-13,S002,P0001,67,20,0
2026-01-13,S002,P0002,87,20,0
2026-01-13,S002,P0003,20,20,0
2026-01-13,S002,P0004,39,20,0
2026-01-13,S002,P0005,71,20,0
2026-01-13,S002,P0006,57,20,0
2026-01-13,S002,P0007,51,20,0
2026-01-13,S002,P0008,114,20,0
2026-01-13,S002,P0009,37,20,0
2026-01-13,S002,P0010,57,20,0
2026-01-13,S003,P0001,71,20,0
2026-01-13,S003,P0002,71,20,0
2026-01-13,S003,P0003,30,20,0
2026-01-13,S003,P0004,47,20,0
2026-01-13,S003,P0005,39,20,0
2026-01-13,S003,P0006,61,20,0
2026-01-13,S003,P0007,79,20,0
2026-01-13,S003,P0008,112,20,0
2026-01-13,S003,P0009,108,20,0
2026-01-13,S003,P0010,27,20,0
2026-01-13,S004,P0001,86,20,0
2026-01-13,S004,P0002,113,20,0
2026-01-13,S004,P0003,108,20,0
2026-01-13,S004,P0004,60,20,0
2026-01-13,S004,P0005,44,20,0
2026-01-13,S004,P0006,99,20,0
2026-01-13,S004,P0007,55,20,0
2026-01-13,S004,P0008,94,20,0
2026-01-13,S004,P0009,106,20,0
2026-01-13,S004,P0010,53,20,0
2026-01-13,S005,P0001,37,20,0
2026-01-13,S005,P0002,60,20,0
2026-01-13,S005,P0003,31,20,0
2026-01-13,S005,P0004,42,20,0
2026-01-13,S005,P0005,50,20,0
2026-01-13,S005,P0006,26,20,0
2026-01-13,S005,P0007,46,20,0
2026-01-13,S005,P0008,90,20,0
2026-01-13,S005,P0009,31,20,0
2026-01-13,S005,P0010,85,20,0
2026-01-14,S001,P0001,91,20,0
2026-01-14,S001,P0002,48,20,0
2026-01-14,S001,P0003,78,20,0
2026-01-14,S001,P0004,51,20,0
2026-01-14,S001,P0005,24,20,0
2026-01-14,S001,P0006,61,20,0
2026-01-14,S001,P0007,47,20,0
2026-01-14,S001,P0008,91,20,0
2026-01-14,S001,P0009,89,20,0
2026-01-14,S001,P0010,99,20,0
2026-01-14,S002,P0001,66,20,0
2026-01-14,S002,P0002,86,20,0
2026-01-14,S002,P0003,119,20,0
2026-01-14,S002,P0004,37,20,0
2026-01-14,S002,P0005,68,20,0
2026-01-14,S002,P0006,55,20,0
2026-01-14,S002,P0007,49,20,0
2026-01-14,S002,P0008,114,20,0
2026-01-14,S002,P0009,33,20,0
2026-01-14,S002,P0010,55,20,0
2026-01-14,S003,P0001,69,20,0
2026-01-14,S003,P0002,71,20,0
2026-01-14,S003,P0003,28,20,0
2026-01-14,S003,P0004,45,20,0
2026-01-14,S003,P0005,39,20,0
2026-01-14,S003,P0006,61,20,0
2026-01-14,S003,P0007,77,20,0
2026-01-14,S003,P0008,110,20,0
2026-01-14,S003,P0009,106,20,0
2026-01-14,S003,P0010,27,20,0
2026-01-14,S004,P0001,82,20,0
2026-01-14,S004,P0002,112,20,0
2026-01-14,S004,P0003,106,20,0
2026-01-14,S004,P0004,59,20,0
2026-01-14,S004,P0005,42,20,0
2026-01-14,S004,P0006,99,20,0
2026-01-14,S004,P0007,55,20,0
2026-01-14,S004,P0008,93,20,0
2026-01-14,S004,P0009,104,20,0
2026-01-14,S004,P0010,53,20,0
2026-01-14,S005,P0001,32,20,0
2026-01-14,S005,P0002,60,20,0
2026-01-14,S005,P0003,30,20,0
2026-01-14,S005,P0004,42,20,0
2026-01-14,S005,P0005,47,20,0
2026-01-14,S005,P0006,25,20,0
2026-01-14,S005,P0007,45,20,0
2026-01-14,S005,P0008,88,20,0
2026-01-14,S005,P0009,28,20,0
2026-01-14,S005,P0010,85,20,0
2026-01-15,S001,P0001,90,20,0
2026-01-15,S001,P0002,47,20,0
2026-01-15,S001,P0003,75,20,0
2026-01-15,S001,P0004,50,20,0
2026-01-15,S001,P0005,22,20,0
2026-01-15,S001,P0006,60,20,0
2026-01-15,S001,P0007,45,20,0
2026-01-15,S001,P0008,89,20,0
2026-01-15,S001,P0009,87,20,0
2026-01-15,S001,P0010,97,20,0
2026-01-15,S002,P0001,66,20,0
2026-01-15,S002,P0002,86,20,0
2026-01-15,S002,P0003,118,20,0
2026-01-15,S002,P0004,37,20,0
2026-01-15,S002,P0005,67,20,0
2026-01-15,S002,P0006,55,20,0
2026-01-15,S002,P0007,49,20,0
2026-01-15,S002,P0008,114,20,0
2026-01-15,S002,P0009,32,20,0
2026-01-15,S002,P0010,50,20,0
2026-01-15,S003,P0001,67,20,0
2026-01-15,S003,P0002,70,20,0
2026-01-15,S003,P0003,26,20,0
2026-01-15,S003,P0004,45,20,0
2026-01-15,S003,P0005,37,20,0
2026-01-15,S003,P0006,61,20,0
2026-01-15,S003,P0007,77,20,0
2026-01-15,S003,P0008,110,20,0
2026-01-15,S003,P0009,106,20,0
2026-01-15,S003,P0010,25,20,0
2026-01-15,S004,P0001,80,20,0
2026-01-15,S004,P0002,110,20,0
2026-01-15,S004,P0003,104,20,0
2026-01-15,S004,P0004,59,20,0
2026-01-15,S004,P0005,40,20,0
2026-01-15,S004,P0006,98,20,0
2026-01-15,S004,P0007,55,20,0
2026-01-15,S004,P0008,91,20,0
2026-01-15,S004,P0009,101,20,0
2026-01-15,S004,P0010,52,20,0
2026-01-15,S005,P0001,30,20,0
2026-01-15,S005,P0002,60,20,0
2026-01-15,S005,P0003,29,20,0
2026-01-15,S005,P0004,41,20,0
2026-01-15,S005,P0005,46,20,0
2026-01-15,S005,P0006,23,20,0
2026-01-15,S005,P0007,45,20,0
2026-01-15,S005,P0008,87,20,0
2026-01-15,S005,P0009,24,20,0
2026-01-15,S005,P0010,83,20,0
2026-01-16,S001,P0001,88,20,0
2026-01-16,S001,P0002,45,20,0
2026-01-16,S001,P0003,72,20,0
2026-01-16,S001,P0004,48,20,0
2026-01-16,S001,P0005,119,20,0
2026-01-16,S001,P0006,60,20,0
2026-01-16,S001,P0007,45,20,0
2026-01-16,S001,P0008,87,20,0
2026-01-16,S001,P0009,85,20,0
2026-01-16,S001,P0010,97,20,0
2026-01-16,S002,P0001,64,20,0
2026-01-16,S002,P0002,85,20,0
2026-01-16,S002,P0003,117,20,0
2026-01-16,S002,P0004,37,20,0
2026-01-16,S002,P0005,64,20,0
2026-01-16,S002,P0006,54,20,0
2026-01-16,S002,P0007,49,20,0
2026-01-16,S002,P0008,112,20,0
2026-01-16,S002,P0009,30,20,0
2026-01-16,S002,P0010,49,20,0
2026-01-16,S003,P0001,65,20,0
2026-01-16,S003,P0002,67,20,0
2026-01-16,S003,P0003,24,20,0
2026-01-16,S003,P0004,45,20,0
2026-01-16,S003,P0005,37,20,0
2026-01-16,S003,P0006,60,20,0
2026-01-16,S003,P0007,75,20,0
2026-01-16,S003,P0008,110,20,0
2026-01-16,S003,P0009,104,20,0
2026-01-16,S003,P0010,24,20,0
2026-01-16,S004,P0001,78,20,0
2026-01-16,S004,P0002,110,20,0
2026-01-16,S004,P0003,103,20,0
2026-01-16,S004,P0004,59,20,0
2026-01-16,S004,P0005,39,20,0
2026-01-16,S004,P0006,97,20,0
2026-01-16,S004,P0007,53,20,0
2026-01-16,S004,P0008,89,20,0
2026-01-16,S004,P0009,99,20,0
2026-01-16,S004,P0010,52,20,0
2026-01-16,S005,P0001,29,20,0
2026-01-16,S005,P0002,59,20,0
2026-01-16,S005,P0003,29,20,0
2026-01-16,S005,P0004,41,20,0
2026-01-16,S005,P0005,44,20,0
2026-01-16,S005,P0006,21,20,0
2026-01-16,S005,P0007,45,20,0
2026-01-16,S005,P0008,83,20,0
2026-01-16,S005,P0009,24,20,0
2026-01-16,S005,P0010,81,20,0
2026-01-17,S001,P0001,86,20,0
2026-01-17,S001,P0002,44,20,0
2026-01-17,S001,P0003,70,20,0
2026-01-17,S001,P0004,47,20,0
2026-01-17,S001,P0005,116,20,0
2026-01-17,S001,P0006,58,20,0
2026-01-17,S001,P0007,45,20,0
2026-01-17,S001,P0008,87,20,0
2026-01-17,S001,P0009,83,20,0
2026-01-17,S001,P0010,95,20,0
2026-01-17,S002,P0001,60,20,0
2026-01-17,S002,P0002,84,20,0
2026-01-17,S002,P0003,115,20,0
2026-01-17,S002,P0004,36,20,0
2026-01-17,S002,P0005,59,20,0
2026-01-17,S002,P0006,53,20,0
2026-01-17,S002,P0007,47,20,0
2026-01-17,S002,P0008,110,20,0
2026-01-17,S002,P0009,26,20,0
2026-01-17,S002,P0010,48,20,0
2026-01-17,S003,P0001,65,20,0
2026-01-17,S003,P0002,62,20,0
2026-01-17,S003,P0003,24,20,0
2026-01-17,S003,P0004,44,20,0
2026-01-17,S003,P0005,35,20,0
2026-01-17,S003,P0006,59,20,0
2026-01-17,S003,P0007,75,20,0
2026-01-17,S003,P0008,109,20,0
2026-01-17,S003,P0009,103,20,0
2026-01-17,S003,P0010,24,20,0
2026-01-17,S004,P0001,78,20,0
2026-01-17,S004,P0002,110,20,0
2026-01-17,S004,P0003,100,20,0
2026-01-17,S004,P0004,59,20,0
2026-01-17,S004,P0005,34,20,0
2026-01-17,S004,P0006,97,20,0
2026-01-17,S004,P0007,52,20,0
2026-01-17,S004,P0008,89,20,0
2026-01-17,S004,P0009,98,20,0
2026-01-17,S004,P0010,51,20,0
2026-01-17,S005,P0001,28,20,0
2026-01-17,S005,P0002,57,20,0
2026-01-17,S005,P0003,26,20,0
2026-01-17,S005,P0004,40,20,0
2026-01-17,S005,P0005,42,20,0
2026-01-17,S005,P0006,20,20,0
2026-01-17,S005,P0007,44,20,0
2026-01-17,S005,P0008,83,20,0
2026-01-17,S005,P0009,23,20,0
2026-01-17,S005,P0010,81,20,0
2026-01-18,S001,P0001,82,20,0
2026-01-18,S001,P0002,44,20,0
2026-01-18,S001,P0003,69,20,0
2026-01-18,S001,P0004,46,20,0
2026-01-18,S001,P0005,115,20,0
2026-01-18,S001,P0006,57,20,0
2026-01-18,S001,P0007,44,20,0
2026-01-18,S001,P0008,85,20,0
2026-01-18,S001,P0009,83,20,0
2026-01-18,S001,P0010,93,20,0
2026-01-18,S002,P0001,59,20,0
2026-01-18,S002,P0002,84,20,0
2026-01-18,S002,P0003,113,20,0
2026-01-18,S002,P0004,35,20,0
2026-01-18,S002,P0005,56,20,0
2026-01-18,S002,P0006,52,20,0
2026-01-18,S002,P0007,44,20,0
2026-01-18,S002,P0008,110,20,0
2026-01-18,S002,P0009,26,20,0
2026-01-18,S002,P0010,45,20,0
2026-01-18,S003,P0001,63,20,0
2026-01-18,S003,P0002,57,20,0
2026-01-18,S003,P0003,24,20,0
2026-01-18,S003,P0004,43,20,0
2026-01-18,S003,P0005,31,20,0
2026-01-18,S003,P0006,59,20,0
2026-01-18,S003,P0007,75,20,0
2026-01-18,S003,P0008,107,20,0
2026-01-18,S003,P0009,102,20,0
2026-01-18,S003,P0010,23,20,0
2026-01-18,S004,P0001,77,20,0
2026-01-18,S004,P0002,108,20,0
2026-01-18,S004,P0003,100,20,0
2026-01-18,S004,P0004,59,20,0
2026-01-18,S004,P0005,30,20,0
2026-01-18,S004,P0006,96,20,0
2026-01-18,S004,P0007,51,20,0
2026-01-18,S004,P0008,88,20,0
2026-01-18,S004,P0009,97,20,0
2026-01-18,S004,P0010,50,20,0
2026-01-18,S005,P0001,26,20,0
2026-01-18,S005,P0002,56,20,0
2026-01-18,S005,P0003,24,20,0
2026-01-18,S005,P0004,40,20,0
2026-01-18,S005,P0005,39,20,0
2026-01-18,S005,P0006,119,20,0
2026-01-18,S005,P0007,43,20,0
2026-01-18,S005,P0008,82,20,0
2026-01-18,S005,P0009,21,20,0
2026-01-18,S005,P0010,79,20,0
2026-01-19,S001,P0001,81,20,0
2026-01-19,S001,P0002,44,20,0
2026-01-19,S001,P0003,67,20,0
2026-01-19,S001,P0004,44,20,0
2026-01-19,S001,P0005,107,20,0
2026-01-19,S001,P0006,56,20,0
2026-01-19,S001,P0007,44,20,0
2026-01-19,S001,P0008,85,20,0
2026-01-19,S001,P0009,80,20,0
2026-01-19,S001,P0010,92,20,0
2026-01-19,S002,P0001,59,20,0
2026-01-19,S002,P0002,79,20,0
2026-01-19,S002,P0003,113,20,0
2026-01-19,S002,P0004,33,20,0
2026-01-19,S002,P0005,51,20,0
2026-01-19,S002,P0006,52,20,0
2026-01-19,S002,P0007,41,20,0
2026-01-19,S002,P0008,107,20,0
2026-01-19,S002,P0009,25,20,0
2026-01-19,S002,P0010,45,20,0
2026-01-19,S003,P0001,63,20,0
2026-01-19,S003,P0002,56,20,0
2026-01-19,S003,P0003,24,20,0
2026-01-19,S003,P0004,42,20,0
2026-01-19,S003,P0005,28,20,0
2026-01-19,S003,P0006,58,20,0
2026-01-19,S003,P0007,75,20,0
2026-01-19,S003,P0008,105,20,0
2026-01-19,S003,P0009,100,20,0
2026-01-19,S003,P0010,23,20,0
2026-01-19,S004,P0001,76,20,0
2026-01-19,S004,P0002,107,20,0
2026-01-19,S004,P0003,100,20,0
2026-01-19,S004,P0004,59,20,0
2026-01-19,S004,P0005,27,20,0
2026-01-19,S004,P0006,96,20,0
2026-01-19,S004,P0007,51,20,0
2026-01-19,S004,P0008,88,20,0
2026-01-19,S004,P0009,93,20,0
2026-01-19,S004,P0010,50,20,0
2026-01-19,S005,P0001,23,20,0
2026-01-19,S005,P0002,54,20,0
2026-01-19,S005,P0003,24,20,0
2026-01-19,S005,P0004,39,20,0
2026-01-19,S005,P0005,39,20,0
2026-01-19,S005,P0006,119,20,0
2026-01-19,S005,P0007,42,20,0
2026-01-19,S005,P0008,81,20,0
2026-01-19,S005,P0009,21,20,0
2026-01-19,S005,P0010,79,20,0
2026-01-20,S001,P0001,81,20,0
2026-01-20,S001,P0002,42,20,0
2026-01-20,S001,P0003,64,20,0
2026-01-20,S001,P0004,44,20,0
2026-01-20,S001,P0005,107,20,0
2026-01-20,S001,P0006,56,20,0
2026-01-20,S001,P0007,43,20,0
2026-01-20,S001,P0008,84,20,0
2026-01-20,S001,P0009,80,20,0
2026-01-20,S001,P0010,89,20,0
2026-01-20,S002,P0001,58,20,0
2026-01-20,S002,P0002,78,20,0
2026-01-20,S002,P0003,111,20,0
2026-01-20,S002,P0004,32,20,0
2026-01-20,S002,P0005,47,20,0
2026-01-20,S002,P0006,52,20,0
2026-01-20,S002,P0007,38,20,0
2026-01-20,S002,P0008,104,20,0
2026-01-20,S002,P0009,24,20,0
2026-01-20,S002,P0010,44,20,0
2026-01-20,S003,P0001,62,20,0
2026-01-20,S003,P0002,55,20,0
2026-01-20,S003,P0003,22,20,0
2026-01-20,S003,P0004,41,20,0
2026-01-20,S003,P0005,27,20,0
2026-01-20,S003,P0006,58,20,0
2026-01-20,S003,P0007,73,20,0
2026-01-20,S003,P0008,102,20,0
2026-01-20,S003,P0009,98,20,0
2026-01-20,S003,P0010,23,20,0
2026-01-20,S004,P0001,73,20,0
2026-01-20,S004,P0002,107,20,0
2026-01-20,S004,P0003,97,20,0
2026-01-20,S004,P0004,59,20,0
2026-01-20,S004,P0005,23,20,0
2026-01-20,S004,P0006,95,20,0
2026-01-20,S004,P0007,50,20,0
2026-01-20,S004,P0008,86,20,0
2026-01-20,S004,P0009,88,20,0
2026-01-20,S004,P0010,46,20,0
2026-01-20,S005,P0001,23,20,0
2026-01-20,S005,P0002,54,20,0
2026-01-20,S005,P0003,23,20,0
2026-01-20,S005,P0004,39,20,0
2026-01-20,S005,P0005,38,20,0
2026-01-20,S005,P0006,118,20,0
2026-01-20,S005,P0007,42,20,0
2026-01-20,S005,P0008,80,20,0
2026-01-20,S005,P0009,20,20,0
2026-01-20,S005,P0010,78,20,0
2026-01-21,S001,P0001,81,20,0
2026-01-21,S001,P0002,41,20,0
2026-01-21,S001,P0003,60,20,0
2026-01-21,S001,P0004,44,20,0
2026-01-21,S001,P0005,106,20,0
2026-01-21,S001,P0006,55,20,0
2026-01-21,S001,P0007,43,20,0
2026-01-21,S001,P0008,81,20,0
2026-01-21,S001,P0009,79,20,0
2026-01-21,S001,P0010,88,20,0
2026-01-21,S002,P0001,58,20,0
2026-01-21,S002,P0002,77,20,0
2026-01-21,S002,P0003,110,20,0
2026-01-21,S002,P0004,32,20,0
2026-01-21,S002,P0005,46,20,0
2026-01-21,S002,P0006,52,20,0
2026-01-21,S002,P0007,38,20,0
2026-01-21,S002,P0008,104,20,0
2026-01-21,S002,P0009,21,20,0
2026-01-21,S002,P0010,44,20,0
2026-01-21,S003,P0001,62,20,0
2026-01-21,S003,P0002,53,20,0
2026-01-21,S003,P0003,20,20,0
2026-01-21,S003,P0004,40,20,0
2026-01-21,S003,P0005,23,20,0
2026-01-21,S003,P0006,56,20,0
2026-01-21,S003,P0007,73,20,0
2026-01-21,S003,P0008,100,20,0
2026-01-21,S003,P0009,97,20,0
2026-01-21,S003,P0010,22,20,0
2026-01-21,S004,P0001,72,20,0
2026-01-21,S004,P0002,106,20,0
2026-01-21,S004,P0003,95,20,0
2026-01-21,S004,P0004,57,20,0
2026-01-21,S004,P0005,21,20,0
2026-01-21,S004,P0006,92,20,0
2026-01-21,S004,P0007,50,20,0
2026-01-21,S004,P0008,86,20,0
2026-01-21,S004,P0009,87,20,0
2026-01-21,S004,P0010,43,20,0
2026-01-21,S005,P0001,20,20,0
2026-01-21,S005,P0002,54,20,0
2026-01-21,S005,P0003,23,20,0
2026-01-21,S005,P0004,37,20,0
2026-01-21,S005,P0005,35,20,0
2026-01-21,S005,P0006,117,20,0
2026-01-21,S005,P0007,41,20,0
2026-01-21,S005,P0008,77,20,0
2026-01-21,S005,P0009,20,20,0
2026-01-21,S005,P0010,77,20,0
2026-01-22,S001,P0001,79,20,0
2026-01-22,S001,P0002,39,20,0
2026-01-22,S001,P0003,58,20,0
2026-01-22,S001,P0004,43,20,0
2026-01-22,S001,P0005,103,20,0
2026-01-22,S001,P0006,54,20,0
2026-01-22,S001,P0007,42,20,0
2026-01-22,S001,P0008,81,20,0
2026-01-22,S001,P0009,79,20,0
2026-01-22,S001,P0010,88,20,0
2026-01-22,S002,P0001,55,20,0
2026-01-22,S002,P0002,76,20,0
2026-01-22,S002,P0003,108,20,0
2026-01-22,S002,P0004,32,20,0
2026-01-22,S002,P0005,44,20,0
2026-01-22,S002,P0006,52,20,0
2026-01-22,S002,P0007,38,20,0
2026-01-22,S002,P0008,103,20,0
2026-01-22,S002,P0009,119,20,0
2026-01-22,S002,P0010,44,20,0
2026-01-22,S003,P0001,61,20,0
2026-01-22,S003,P0002,53,20,0
2026-01-22,S003,P0003,118,20,0
2026-01-22,S003,P0004,40,20,0
2026-01-22,S003,P0005,21,20,0
2026-01-22,S003,P0006,56,20,0
2026-01-22,S003,P0007,73,20,0
2026-01-22,S003,P0008,99,20,0
2026-01-22,S003,P0009,95,20,0
2026-01-22,S003,P0010,22,20,0
2026-01-22,S004,P0001,71,20,0
2026-01-22,S004,P0002,104,20,0
2026-01-22,S004,P0003,92,20,0
2026-01-22,S004,P0004,55,20,0
2026-01-22,S004,P0005,20,20,0
2026-01-22,S004,P0006,90,20,0
2026-01-22,S004,P0007,49,20,0
2026-01-22,S004,P0008,84,20,0
2026-01-22,S004,P0009,87,20,0
2026-01-22,S004,P0010,42,20,0
2026-01-22,S005,P0001,116,20,0
2026-01-22,S005,P0002,52,20,0
2026-01-22,S005,P0003,22,20,0
2026-01-22,S005,P0004,36,20,0
2026-01-22,S005,P0005,31,20,0
2026-01-22,S005,P0006,117,20,0
2026-01-22,S005,P0007,38,20,0
2026-01-22,S005,P0008,75,20,0
2026-01-22,S005,P0009,117,20,0
2026-01-22,S005,P0010,76,20,0
2026-01-23,S001,P0001,79,20,0
2026-01-23,S001,P0002,37,20,0
2026-01-23,S001,P0003,58,20,0
2026-01-23,S001,P0004,38,20,0
2026-01-23,S001,P0005,101,20,0
2026-01-23,S001,P0006,52,20,0
2026-01-23,S001,P0007,41,20,0
2026-01-23,S001,P0008,80,20,0
2026-01-23,S001,P0009,77,20,0
2026-01-23,S001,P0010,87,20,0
2026-01-23,S002,P0001,54,20,0
2026-01-23,S002,P0002,71,20,0
2026-01-23,S002,P0003,108,20,0
2026-01-23,S002,P0004,32,20,0
2026-01-23,S002,P0005,42,20,0
2026-01-23,S002,P0006,52,20,0
2026-01-23,S002,P0007,37,20,0
2026-01-23,S002,P0008,101,20,0
2026-01-23,S002,P0009,117,20,0
2026-01-23,S002,P0010,44,20,0
2026-01-23,S003,P0001,60,20,0
2026-01-23,S003,P0002,53,20,0
2026-01-23,S003,P0003,116,20,0
2026-01-23,S003,P0004,38,20,0
2026-01-23,S003,P0005,21,20,0
2026-01-23,S003,P0006,54,20,0
2026-01-23,S003,P0007,72,20,0
2026-01-23,S003,P0008,99,20,0
2026-01-23,S003,P0009,93,20,0
2026-01-23,S003,P0010,21,20,0
2026-01-23,S004,P0001,70,20,0
2026-01-23,S004,P0002,103,20,0
2026-01-23,S004,P0003,90,20,0
2026-01-23,S004,P0004,54,20,0
2026-01-23,S004,P0005,117,20,0
2026-01-23,S004,P0006,90,20,0
2026-01-23,S004,P0007,49,20,0
2026-01-23,S004,P0008,81,20,0
2026-01-23,S004,P0009,87,20,0
2026-01-23,S004,P0010,40,20,0
2026-01-23,S005,P0001,113,20,0
2026-01-23,S005,P0002,52,20,0
2026-01-23,S005,P0003,20,20,0
2026-01-23,S005,P0004,34,20,0
2026-01-23,S005,P0005,27,20,0
2026-01-23,S005,P0006,116,20,0
2026-01-23,S005,P0007,37,20,0
2026-01-23,S005,P0008,74,20,0
2026-01-23,S005,P0009,116,20,0
2026-01-23,S005,P0010,76,20,0
2026-01-24,S001,P0001,79,20,0
2026-01-24,S001,P0002,37,20,0
2026-01-24,S001,P0003,57,20,0
2026-01-24,S001,P0004,36,20,0
2026-01-24,S001,P0005,100,20,0
2026-01-24,S001,P0006,51,20,0
2026-01-24,S001,P0007,40,20,0
2026-01-24,S001,P0008,80,20,0
2026-01-24,S001,P0009,73,20,0
2026-01-24,S001,P0010,87,20,0
2026-01-24,S002,P0001,54,20,0
2026-01-24,S002,P0002,71,20,0
2026-01-24,S002,P0003,108,20,0
2026-01-24,S002,P0004,30,20,0
2026-01-24,S002,P0005,41,20,0
2026-01-24,S002,P0006,52,20,0
2026-01-24,S002,P0007,36,20,0
2026-01-24,S002,P0008,99,20,0
2026-01-24,S002,P0009,116,20,0
2026-01-24,S002,P0010,42,20,0
2026-01-24,S003,P0001,58,20,0
2026-01-24,S003,P0002,53,20,0
2026-01-24,S003,P0003,114,20,0
2026-01-24,S003,P0004,34,20,0
2026-01-24,S003,P0005,21,20,0
2026-01-24,S003,P0006,54,20,0
2026-01-24,S003,P0007,72,20,0
2026-01-24,S003,P0008,97,20,0
2026-01-24,S003,P0009,90,20,0
2026-01-24,S003,P0010,20,20,0
2026-01-24,S004,P0001,69,20,0
2026-01-24,S004,P0002,102,20,0
2026-01-24,S004,P0003,89,20,0
2026-01-24,S004,P0004,53,20,0
2026-01-24,S004,P0005,113,20,0
2026-01-24,S004,P0006,90,20,0
2026-01-24,S004,P0007,49,20,0
2026-01-24,S004,P0008,81,20,0
2026-01-24,S004,P0009,83,20,0
2026-01-24,S004,P0010,37,20,0
2026-01-24,S005,P0001,112,20,0
2026-01-24,S005,P0002,51,20,0
2026-01-24,S005,P0003,119,20,0
2026-01-24,S005,P0004,32,20,0
2026-01-24,S005,P0005,25,20,0
2026-01-24,S005,P0006,116,20,0
2026-01-24,S005,P0007,36,20,0
2026-01-24,S005,P0008,73,20,0
2026-01-24,S005,P0009,112,20,0
2026-01-24,S005,P0010,74,20,0
2026-01-25,S001,P0001,79,20,0
2026-01-25,S001,P0002,37,20,0
2026-01-25,S001,P0003,56,20,0
2026-01-25,S001,P0004,36,20,0
2026-01-25,S001,P0005,98,20,0
2026-01-25,S001,P0006,51,20,0
2026-01-25,S001,P0007,40,20,0
2026-01-25,S001,P0008,79,20,0
2026-01-25,S001,P0009,71,20,0
2026-01-25,S001,P0010,86,20,0
2026-01-25,S002,P0001,52,20,0
2026-01-25,S002,P0002,69,20,0
2026-01-25,S002,P0003,108,20,0
2026-01-25,S002,P0004,29,20,0
2026-01-25,S002,P0005,38,20,0
2026-01-25,S002,P0006,52,20,0
2026-01-25,S002,P0007,36,20,0
2026-01-25,S002,P0008,98,20,0
2026-01-25,S002,P0009,115,20,0
2026-01-25,S002,P0010,41,20,0
2026-01-25,S003,P0001,57,20,0
2026-01-25,S003,P0002,50,20,0
2026-01-25,S003,P0003,113,20,0
2026-01-25,S003,P0004,34,20,0
2026-01-25,S003,P0005,119,20,0
2026-01-25,S003,P0006,53,20,0
2026-01-25,S003,P0007,72,20,0
2026-01-25,S003,P0008,96,20,0
2026-01-25,S003,P0009,90,20,0
2026-01-25,S003,P0010,119,20,0
2026-01-25,S004,P0001,68,20,0
2026-01-25,S004,P0002,101,20,0
2026-01-25,S004,P0003,86,20,0
2026-01-25,S004,P0004,51,20,0
2026-01-25,S004,P0005,110,20,0
2026-01-25,S004,P0006,89,20,0
2026-01-25,S004,P0007,49,20,0
2026-01-25,S004,P0008,81,20,0
2026-01-25,S004,P0009,78,20,0
2026-01-25,S004,P0010,37,20,0
2026-01-25,S005,P0001,110,20,0
2026-01-25,S005,P0002,51,20,0
2026-01-25,S005,P0003,119,20,0
2026-01-25,S005,P0004,31,20,0
2026-01-25,S005,P0005,25,20,0
2026-01-25,S005,P0006,115,20,0
2026-01-25,S005,P0007,34,20,0
2026-01-25,S005,P0008,71,20,0
2026-01-25,S005,P0009,112,20,0
2026-01-25,S005,P0010,71,20,0
2026-01-26,S001,P0001,79,20,0
2026-01-26,S001,P0002,36,20,0
2026-01-26,S001,P0003,52,20,0
2026-01-26,S001,P0004,36,20,0
2026-01-26,S001,P0005,97,20,0
2026-01-26,S001,P0006,49,20,0
2026-01-26,S001,P0007,39,20,0
2026-01-26,S001,P0008,77,20,0
2026-01-26,S001,P0009,69,20,0
2026-01-26,S001,P0010,85,20,0
2026-01-26,S002,P0001,52,20,0
2026-01-26,S002,P0002,66,20,0
2026-01-26,S002,P0003,106,20,0
2026-01-26,S002,P0004,28,20,0
2026-01-26,S002,P0005,37,20,0
2026-01-26,S002,P0006,52,20,0
2026-01-26,S002,P0007,36,20,0
2026-01-26,S002,P0008,98,20,0
2026-01-26,S002,P0009,114,20,0
2026-01-26,S002,P0010,40,20,0
2026-01-26,S003,P0001,56,20,0
2026-01-26,S003,P0002,49,20,0
2026-01-26,S003,P0003,112,20,0
2026-01-26,S003,P0004,31,20,0
2026-01-26,S003,P0005,118,20,0
2026-01-26,S003,P0006,53,20,0
2026-01-26,S003,P0007,72,20,0
2026-01-26,S003,P0008,95,20,0
2026-01-26,S003,P0009,87,20,0
2026-01-26,S003,P0010,116,20,0
2026-01-26,S004,P0001,66,20,0
2026-01-26,S004,P0002,101,20,0
2026-01-26,S004,P0003,84,20,0
2026-01-26,S004,P0004,49,20,0
2026-01-26,S004,P0005,110,20,0
2026-01-26,S004,P0006,88,20,0
2026-01-26,S004,P0007,49,20,0
2026-01-26,S004,P0008,81,20,0
2026-01-26,S004,P0009,77,20,0
2026-01-26,S004,P0010,35,20,0
2026-01-26,S005,P0001,108,20,0
2026-01-26,S005,P0002,50,20,0
2026-01-26,S005,P0003,118,20,0
2026-01-26,S005,P0004,31,20,0
2026-01-26,S005,P0005,24,20,0
2026-01-26,S005,P0006,115,20,0
2026-01-26,S005,P0007,34,20,0
2026-01-26,S005,P0008,68,20,0
2026-01-26,S005,P0009,111,20,0
2026-01-26,S005,P0010,69,20,0
2026-01-27,S001,P0001,76,20,0
2026-01-27,S001,P0002,34,20,0
2026-01-27,S001,P0003,49,20,0
2026-01-27,S001,P0004,35,20,0
2026-01-27,S001,P0005,94,20,0
2026-01-27,S001,P0006,46,20,0
2026-01-27,S001,P0007,37,20,0
2026-01-27,S001,P0008,75,20,0
2026-01-27,S001,P0009,64,20,0
2026-01-27,S001,P0010,85,20,0
2026-01-27,S002,P0001,50,20,0
2026-01-27,S002,P0002,65,20,0
2026-01-27,S002,P0003,101,20,0
2026-01-27,S002,P0004,27,20,0
2026-01-27,S002,P0005,34,20,0
2026-01-27,S002,P0006,51,20,0
2026-01-27,S002,P0007,35,20,0
2026-01-27,S002,P0008,97,20,0
2026-01-27,S002,P0009,112,20,0
2026-01-27,S002,P0010,38,20,0
2026-01-27,S003,P0001,55,20,0
2026-01-27,S003,P0002,48,20,0
2026-01-27,S003,P0003,111,20,0
2026-01-27,S003,P0004,31,20,0
2026-01-27,S003,P0005,117,20,0
2026-01-27,S003,P0006,52,20,0
2026-01-27,S003,P0007,70,20,0
2026-01-27,S003,P0008,93,20,0
2026-01-27,S003,P0009,84,20,0
2026-01-27,S003,P0010,115,20,0
2026-01-27,S004,P0001,65,20,0
2026-01-27,S004,P0002,100,20,0
2026-01-27,S004,P0003,81,20,0
2026-01-27,S004,P0004,48,20,0
2026-01-27,S004,P0005,108,20,0
2026-01-27,S004,P0006,88,20,0
2026-01-27,S004,P0007,48,20,0
2026-01-27,S004,P0008,81,20,0
2026-01-27,S004,P0009,75,20,0
2026-01-27,S004,P0010,34,20,0
2026-01-27,S005,P0001,106,20,0
2026-01-27,S005,P0002,48,20,0
2026-01-27,S005,P0003,118,20,0
2026-01-27,S005,P0004,29,20,0
2026-01-27,S005,P0005,20,20,0
2026-01-27,S005,P0006,115,20,0
2026-01-27,S005,P0007,34,20,0
2026-01-27,S005,P0008,65,20,0
2026-01-27,S005,P0009,111,20,0
2026-01-27,S005,P0010,67,20,0
2026-01-28,S001,P0001,74,20,0
2026-01-28,S001,P0002,33,20,0
2026-01-28,S001,P0003,46,20,0
2026-01-28,S001,P0004,33,20,0
2026-01-28,S001,P0005,92,20,0
2026-01-28,S001,P0006,43,20,0
2026-01-28,S001,P0007,36,20,0
2026-01-28,S001,P0008,75,20,0
2026-01-28,S001,P0009,62,20,0
2026-01-28,S001,P0010,83,20,0
2026-01-28,S002,P0001,50,20,0
2026-01-28,S002,P0002,64,20,0
2026-01-28,S002,P0003,101,20,0
2026-01-28,S002,P0004,27,20,0
2026-01-28,S002,P0005,30,20,0
2026-01-28,S002,P0006,51,20,0
2026-01-28,S002,P0007,34,20,0
2026-01-28,S002,P0008,95,20,0
2026-01-28,S002,P0009,111,20,0
2026-01-28,S002,P0010,36,20,0
2026-01-28,S003,P0001,54,20,0
2026-01-28,S003,P0002,47,20,0
2026-01-28,S003,P0003,108,20,0
2026-01-28,S003,P0004,29,20,0
2026-01-28,S003,P0005,116,20,0
2026-01-28,S003,P0006,52,20,0
2026-01-28,S003,P0007,69,20,0
2026-01-28,S003,P0008,93,20,0
2026-01-28,S003,P0009,84,20,0
2026-01-28,S003,P0010,114,20,0
2026-01-28,S004,P0001,64,20,0
2026-01-28,S004,P0002,98,20,0
2026-01-28,S004,P0003,79,20,0
2026-01-28,S004,P0004,48,20,0
2026-01-28,S004,P0005,108,20,0
2026-01-28,S004,P0006,87,20,0
2026-01-28,S004,P0007,46,20,0
2026-01-28,S004,P0008,79,20,0
2026-01-28,S004,P0009,75,20,0
2026-01-28,S004,P0010,34,20,0
2026-01-28,S005,P0001,101,20,0
2026-01-28,S005,P0002,47,20,0
2026-01-28,S005,P0003,117,20,0
2026-01-28,S005,P0004,27,20,0
2026-01-28,S005,P0005,114,20,0
2026-01-28,S005,P0006,115,20,0
2026-01-28,S005,P0007,34,20,0
2026-01-28,S005,P0008,64,20,0
2026-01-28,S005,P0009,108,20,0
2026-01-28,S005,P0010,64,20,0
2026-01-29,S001,P0001,73,20,0
2026-01-29,S001,P0002,28,20,0
2026-01-29,S001,P0003,43,20,0
2026-01-29,S001,P0004,32,20,0
2026-01-29,S001,P0005,91,20,0
2026-01-29,S001,P0006,43,20,0
2026-01-29,S001,P0007,35,20,0
2026-01-29,S001,P0008,74,20,0
2026-01-29,S001,P0009,59,20,0
2026-01-29,S001,P0010,79,20,0
2026-01-29,S002,P0001,48,20,0
2026-01-29,S002,P0002,63,20,0
2026-01-29,S002,P0003,101,20,0
2026-01-29,S002,P0004,27,20,0
2026-01-29,S002,P0005,27,20,0
2026-01-29,S002,P0006,51,20,0
2026-01-29,S002,P0007,33,20,0
2026-01-29,S002,P0008,95,20,0
2026-01-29,S002,P0009,109,20,0
2026-01-29,S002,P0010,34,20,0
2026-01-29,S003,P0001,51,20,0
2026-01-29,S003,P0002,45,20,0
2026-01-29,S003,P0003,108,20,0
2026-01-29,S003,P0004,29,20,0
2026-01-29,S003,P0005,114,20,0
2026-01-29,S003,P0006,52,20,0
2026-01-29,S003,P0007,68,20,0
2026-01-29,S003,P0008,93,20,0
2026-01-29,S003,P0009,82,20,0
2026-01-29,S003,P0010,112,20,0
2026-01-29,S004,P0001,63,20,0
2026-01-29,S004,P0002,95,20,0
2026-01-29,S004,P0003,79,20,0
2026-01-29,S004,P0004,46,20,0
2026-01-29,S004,P0005,105,20,0
2026-01-29,S004,P0006,85,20,0
2026-01-29,S004,P0007,44,20,0
2026-01-29,S004,P0008,76,20,0
2026-01-29,S004,P0009,75,20,0
2026-01-29,S004,P0010,34,20,0
2026-01-29,S005,P0001,98,20,0
2026-01-29,S005,P0002,46,20,0
2026-01-29,S005,P0003,117,20,0
2026-01-29,S005,P0004,25,20,0
2026-01-29,S005,P0005,113,20,0
2026-01-29,S005,P0006,115,20,0
2026-01-29,S005,P0007,34,20,0
2026-01-29,S005,P0008,64,20,0
2026-01-29,S005,P0009,108,20,0
2026-01-29,S005,P0010,61,20,0
2026-01-30,S001,P0001,71,20,0
2026-01-30,S001,P0002,26,20,0
2026-01-30,S001,P0003,42,20,0
2026-01-30,S001,P0004,31,20,0
2026-01-30,S001,P0005,87,20,0
2026-01-30,S001,P0006,42,20,0
2026-01-30,S001,P0007,35,20,0
2026-01-30,S001,P0008,72,20,0
2026-01-30,S001,P0009,58,20,0
2026-01-30,S001,P0010,78,20,0
2026-01-30,S002,P0001,45,20,0
2026-01-30,S002,P0002,60,20,0
2026-01-30,S002,P0003,98,20,0
2026-01-30,S002,P0004,24,20,0
2026-01-30,S002,P0005,26,20,0
2026-01-30,S002,P0006,50,20,0
2026-01-30,S002,P0007,33,20,0
2026-01-30,S002,P0008,94,20,0
2026-01-30,S002,P0009,108,20,0
2026-01-30,S002,P0010,32,20,0
2026-01-30,S003,P0001,49,20,0
2026-01-30,S003,P0002,42,20,0
2026-01-30,S003,P0003,107,20,0
2026-01-30,S003,P0004,29,20,0
2026-01-30,S003,P0005,110,20,0
2026-01-30,S003,P0006,51,20,0
2026-01-30,S003,P0007,67,20,0
2026-01-30,S003,P0008,91,20,0
2026-01-30,S003,P0009,82,20,0
2026-01-30,S003,P0010,111,20,0
2026-01-30,S004,P0001,61,20,0
2026-01-30,S004,P0002,95,20,0
2026-01-30,S004,P0003,79,20,0
2026-01-30,S004,P0004,46,20,0
2026-01-30,S004,P0005,105,20,0
2026-01-30,S004,P0006,84,20,0
2026-01-30,S004,P0007,44,20,0
2026-01-30,S004,P0008,76,20,0
2026-01-30,S004,P0009,74,20,0
2026-01-30,S004,P0010,31,20,0
2026-01-30,S005,P0001,98,20,0
2026-01-30,S005,P0002,45,20,0
2026-01-30,S005,P0003,116,20,0
2026-01-30,S005,P0004,25,20,0
2026-01-30,S005,P0005,112,20,0
2026-01-30,S005,P0006,113,20,0
2026-01-30,S005,P0007,34,20,0
2026-01-30,S005,P0008,64,20,0
2026-01-30,S005,P0009,105,20,0
2026-01-30,S005,P0010,60,20,0
2026-01-31,S001,P0001,69,20,0
2026-01-31,S001,P0002,25,20,0
2026-01-31,S001,P0003,42,20,0
2026-01-31,S001,P0004,31,20,0
2026-01-31,S001,P0005,83,20,0
2026-01-31,S001,P0006,42,20,0
2026-01-31,S001,P0007,35,20,0
2026-01-31,S001,P0008,72,20,0
2026-01-31,S001,P0009,58,20,0
2026-01-31,S001,P0010,78,20,0
2026-01-31,S002,P0001,43,20,0
2026-01-31,S002,P0002,59,20,0
2026-01-31,S002,P0003,97,20,0
2026-01-31,S002,P0004,24,20,0
2026-01-31,S002,P0005,22,20,0
2026-01-31,S002,P0006,50,20,0
2026-01-31,S002,P0007,32,20,0
2026-01-31,S002,P0008,93,20,0
2026-01-31,S002,P0009,107,20,0
2026-01-31,S002,P0010,30,20,0
2026-01-31,S003,P0001,49,20,0
2026-01-31,S003,P0002,39,20,0
2026-01-31,S003,P0003,106,20,0
2026-01-31,S003,P0004,26,20,0
2026-01-31,S003,P0005,109,20,0
2026-01-31,S003,P0006,51,20,0
2026-01-31,S003,P0007,67,20,0
2026-01-31,S003,P0008,91,20,0
2026-01-31,S003,P0009,81,20,0
2026-01-31,S003,P0010,109,20,0
2026-01-31,S004,P0001,57,20,0
2026-01-31,S004,P0002,95,20,0
2026-01-31,S004,P0003,79,20,0
2026-01-31,S004,P0004,45,20,0
2026-01-31,S004,P0005,103,20,0
2026-01-31,S004,P0006,82,20,0
2026-01-31,S004,P0007,43,20,0
2026-01-31,S004,P0008,76,20,0
2026-01-31,S004,P0009,73,20,0
2026-01-31,S004,P0010,29,20,0
2026-01-31,S005,P0001,97,20,0
2026-01-31,S005,P0002,42,20,0
2026-01-31,S005,P0003,114,20,0
2026-01-31,S005,P0004,25,20,0
2026-01-31,S005,P0005,109,20,0
2026-01-31,S005,P0006,113,20,0
2026-01-31,S005,P0007,33,20,0
2026-01-31,S005,P0008,62,20,0
2026-01-31,S005,P0009,102,20,0
2026-01-31,S005,P0010,60,20,0
2026-02-01,S001,P0001,67,20,0
2026-02-01,S001,P0002,22,20,0
2026-02-01,S001,P0003,42,20,0
2026-02-01,S001,P0004,28,20,0
2026-02-01,S001,P0005,82,20,0
2026-02-01,S001,P0006,42,20,0
2026-02-01,S001,P0007,35,20,0
2026-02-01,S001,P0008,72,20,0
2026-02-01,S001,P0009,57,20,0
2026-02-01,S001,P0010,76,20,0
2026-02-01,S002,P0001,43,20,0
2026-02-01,S002,P0002,57,20,0
2026-02-01,S002,P0003,96,20,0
2026-02-01,S002,P0004,24,20,0
2026-02-01,S002,P0005,21,20,0
2026-02-01,S002,P0006,49,20,0
2026-02-01,S002,P0007,31,20,0
2026-02-01,S002,P0008,92,20,0
2026-02-01,S002,P0009,107,20,0
2026-02-01,S002,P0010,30,20,0
2026-02-01,S003,P0001,48,20,0
2026-02-01,S003,P0002,37,20,0
2026-02-01,S003,P0003,105,20,0
2026-02-01,S003,P0004,25,20,0
2026-02-01,S003,P0005,107,20,0
2026-02-01,S003,P0006,49,20,0
2026-02-01,S003,P0007,66,20,0
2026-02-01,S003,P0008,91,20,0
2026-02-01,S003,P0009,78,20,0
2026-02-01,S003,P0010,107,20,0
2026-02-01,S004,P0001,54,20,0
2026-02-01,S004,P0002,92,20,0
2026-02-01,S004,P0003,77,20,0
2026-02-01,S004,P0004,44,20,0
2026-02-01,S004,P0005,100,20,0
2026-02-01,S004,P0006,82,20,0
2026-02-01,S004,P0007,42,20,0
2026-02-01,S004,P0008,74,20,0
2026-02-01,S004,P0009,71,20,0
2026-02-01,S004,P0010,29,20,0
2026-02-01,S005,P0001,96,20,0
2026-02-01,S005,P0002,42,20,0
2026-02-01,S005,P0003,112,20,0
2026-02-01,S005,P0004,25,20,0
2026-02-01,S005,P0005,104,20,0
2026-02-01,S005,P0006,113,20,0
2026-02-01,S005,P0007,32,20,0
2026-02-01,S005,P0008,62,20,0
2026-02-01,S005,P0009,100,20,0
2026-02-01,S005,P0010,58,20,0
2026-02-02,S001,P0001,64,20,0
2026-02-02,S001,P0002,119,20,0
2026-02-02,S001,P0003,42,20,0
2026-02-02,S001,P0004,28,20,0
2026-02-02,S001,P0005,81,20,0
2026-02-02,S001,P0006,41,20,0
2026-02-02,S001,P0007,35,20,0
2026-02-02,S001,P0008,72,20,0
2026-02-02,S001,P0009,54,20,0
2026-02-02,S001,P0010,75,20,0
2026-02-02,S002,P0001,43,20,0
2026-02-02,S002,P0002,57,20,0
2026-02-02,S002,P0003,96,20,0
2026-02-02,S002,P0004,22,20,0
2026-02-02,S002,P0005,118,20,0
2026-02-02,S002,P0006,49,20,0
2026-02-02,S002,P0007,31,20,0
2026-02-02,S002,P0008,89,20,0
2026-02-02,S002,P0009,105,20,0
2026-02-02,S002,P0010,29,20,0
2026-02-02,S003,P0001,47,20,0
2026-02-02,S003,P0002,34,20,0
2026-02-02,S003,P0003,101,20,0
2026-02-02,S003,P0004,24,20,0
2026-02-02,S003,P0005,105,20,0
2026-02-02,S003,P0006,48,20,0
2026-02-02,S003,P0007,65,20,0
2026-02-02,S003,P0008,90,20,0
2026-02-02,S003,P0009,78,20,0
2026-02-02,S003,P0010,105,20,0
2026-02-02,S004,P0001,52,20,0
2026-02-02,S004,P0002,90,20,0
2026-02-02,S004,P0003,76,20,0
2026-02-02,S004,P0004,43,20,0
2026-02-02,S004,P0005,99,20,0
2026-02-02,S004,P0006,82,20,0
2026-02-02,S004,P0007,41,20,0
2026-02-02,S004,P0008,74,20,0
2026-02-02,S004,P0009,70,20,0
2026-02-02,S004,P0010,28,20,0
2026-02-02,S005,P0001,96,20,0
2026-02-02,S005,P0002,39,20,0
2026-02-02,S005,P0003,110,20,0
2026-02-02,S005,P0004,24,20,0
2026-02-02,S005,P0005,100,20,0
2026-02-02,S005,P0006,111,20,0
2026-02-02,S005,P0007,32,20,0
2026-02-02,S005,P0008,61,20,0
2026-02-02,S005,P0009,99,20,0
2026-02-02,S005,P0010,57,20,0
2026-02-03,S001,P0001,63,20,0
2026-02-03,S001,P0002,119,20,0
2026-02-03,S001,P0003,40,20,0
2026-02-03,S001,P0004,27,20,0
2026-02-03,S001,P0005,77,20,0
2026-02-03,S001,P0006,41,20,0
2026-02-03,S001,P0007,33,20,0
2026-02-03,S001,P0008,70,20,0
2026-02-03,S001,P0009,53,20,0
2026-02-03,S001,P0010,74,20,0
2026-02-03,S002,P0001,41,20,0
2026-02-03,S002,P0002,53,20,0
2026-02-03,S002,P0003,95,20,0
2026-02-03,S002,P0004,21,20,0
2026-02-03,S002,P0005,113,20,0
2026-02-03,S002,P0006,48,20,0
2026-02-03,S002,P0007,31,20,0
2026-02-03,S002,P0008,88,20,0
2026-02-03,S002,P0009,99,20,0
2026-02-03,S002,P0010,27,20,0
2026-02-03,S003,P0001,46,20,0
2026-02-03,S003,P0002,33,20,0
2026-02-03,S003,P0003,100,20,0
2026-02-03,S003,P0004,24,20,0
2026-02-03,S003,P0005,102,20,0
2026-02-03,S003,P0006,48,20,0
2026-02-03,S003,P0007,64,20,0
2026-02-03,S003,P0008,88,20,0
2026-02-03,S003,P0009,75,20,0
2026-02-03,S003,P0010,103,20,0
2026-02-03,S004,P0001,51,20,0
2026-02-03,S004,P0002,86,20,0
2026-02-03,S004,P0003,75,20,0
2026-02-03,S004,P0004,41,20,0
2026-02-03,S004,P0005,97,20,0
2026-02-03,S004,P0006,82,20,0
2026-02-03,S004,P0007,40,20,0
2026-02-03,S004,P0008,74,20,0
2026-02-03,S004,P0009,69,20,0
2026-02-03,S004,P0010,27,20,0
2026-02-03,S005,P0001,95,20,0
2026-02-03,S005,P0002,39,20,0
2026-02-03,S005,P0003,109,20,0
2026-02-03,S005,P0004,23,20,0
2026-02-03,S005,P0005,99,20,0
2026-02-03,S005,P0006,111,20,0
2026-02-03,S005,P0007,31,20,0
2026-02-03,S005,P0008,60,20,0
2026-02-03,S005,P0009,98,20,0
2026-02-03,S005,P0010,55,20,0
2026-02-04,S001,P0001,63,20,0
2026-02-04,S001,P0002,116,20,0
2026-02-04,S001,P0003,40,20,0
2026-02-04,S001,P0004,27,20,0
2026-02-04,S001,P0005,73,20,0
2026-02-04,S001,P0006,41,20,0
2026-02-04,S001,P0007,32,20,0
2026-02-04,S001,P0008,70,20,0
2026-02-04,S001,P0009,53,20,0
2026-02-04,S001,P0010,73,20,0
2026-02-04,S002,P0001,39,20,0
2026-02-04,S002,P0002,53,20,0
2026-02-04,S002,P0003,94,20,0
2026-02-04,S002,P0004,21,20,0
2026-02-04,S002,P0005,109,20,0
2026-02-04,S002,P0006,48,20,0
2026-02-04,S002,P0007,30,20,0
2026-02-04,S002,P0008,87,20,0
2026-02-04,S002,P0009,97,20,0
2026-02-04,S002,P0010,27,20,0
2026-02-04,S003,P0001,45,20,0
2026-02-04,S003,P0002,32,20,0
2026-02-04,S003,P0003,95,20,0
2026-02-04,S003,P0004,23,20,0
2026-02-04,S003,P0005,101,20,0
2026-02-04,S003,P0006,48,20,0
2026-02-04,S003,P0007,59,20,0
2026-02-04,S003,P0008,88,20,0
2026-02-04,S003,P0009,73,20,0
2026-02-04,S003,P0010,103,20,0
2026-02-04,S004,P0001,49,20,0
2026-02-04,S004,P0002,86,20,0
2026-02-04,S004,P0003,74,20,0
2026-02-04,S004,P0004,40,20,0
2026-02-04,S004,P0005,95,20,0
2026-02-04,S004,P0006,81,20,0
2026-02-04,S004,P0007,39,20,0
2026-02-04,S004,P0008,74,20,0
2026-02-04,S004,P0009,66,20,0
2026-02-04,S004,P0010,26,20,0
2026-02-04,S005,P0001,94,20,0
2026-02-04,S005,P0002,38,20,0
2026-02-04,S005,P0003,109,20,0
2026-02-04,S005,P0004,23,20,0
2026-02-04,S005,P0005,96,20,0
2026-02-04,S005,P0006,111,20,0
2026-02-04,S005,P0007,31,20,0
2026-02-04,S005,P0008,60,20,0
2026-02-04,S005,P0009,96,20,0
2026-02-04,S005,P0010,55,20,0
2026-02-05,S001,P0001,62,20,0
2026-02-05,S001,P0002,115,20,0
2026-02-05,S001,P0003,39,20,0
2026-02-05,S001,P0004,27,20,0
2026-02-05,S001,P0005,69,20,0
2026-02-05,S001,P0006,40,20,0
2026-02-05,S001,P0007,30,20,0
2026-02-05,S001,P0008,70,20,0
2026-02-05,S001,P0009,52,20,0
2026-02-05,S001,P0010,72,20,0
2026-02-05,S002,P0001,39,20,0
2026-02-05,S002,P0002,51,20,0
2026-02-05,S002,P0003,93,20,0
2026-02-05,S002,P0004,20,20,0
2026-02-05,S002,P0005,104,20,0
2026-02-05,S002,P0006,48,20,0
2026-02-05,S002,P0007,30,20,0
2026-02-05,S002,P0008,86,20,0
2026-02-05,S002,P0009,96,20,0
2026-02-05,S002,P0010,26,20,0
2026-02-05,S003,P0001,45,20,0
2026-02-05,S003,P0002,28,20,0
2026-02-05,S003,P0003,94,20,0
2026-02-05,S003,P0004,23,20,0
2026-02-05,S003,P0005,100,20,0
2026-02-05,S003,P0006,47,20,0
2026-02-05,S003,P0007,58,20,0
2026-02-05,S003,P0008,86,20,0
2026-02-05,S003,P0009,73,20,0
2026-02-05,S003,P0010,99,20,0
2026-02-05,S004,P0001,48,20,0
2026-02-05,S004,P0002,86,20,0
2026-02-05,S004,P0003,72,20,0
2026-02-05,S004,P0004,40,20,0
2026-02-05,S004,P0005,92,20,0
2026-02-05,S004,P0006,79,20,0
2026-02-05,S004,P0007,37,20,0
2026-02-05,S004,P0008,73,20,0
2026-02-05,S004,P0009,64,20,0
2026-02-05,S004,P0010,26,20,0
2026-02-05,S005,P0001,94,20,0
2026-02-05,S005,P0002,37,20,0
2026-02-05,S005,P0003,108,20,0
2026-02-05,S005,P0004,22,20,0
2026-02-05,S005,P0005,95,20,0
2026-02-05,S005,P0006,108,20,0
2026-02-05,S005,P0007,29,20,0
2026-02-05,S005,P0008,58,20,0
2026-02-05,S005,P0009,93,20,0
2026-02-05,S005,P0010,55,20,0
2026-02-06,S001,P0001,62,20,0
2026-02-06,S001,P0002,114,20,0
2026-02-06,S001,P0003,38,20,0
2026-02-06,S001,P0004,24,20,0
2026-02-06,S001,P0005,66,20,0
2026-02-06,S001,P0006,40,20,0
2026-02-06,S001,P0007,28,20,0
2026-02-06,S001,P0008,69,20,0
2026-02-06,S001,P0009,51,20,0
2026-02-06,S001,P0010,72,20,0
2026-02-06,S002,P0001,38,20,0
2026-02-06,S002,P0002,48,20,0
2026-02-06,S002,P0003,91,20,0
2026-02-06,S002,P0004,118,20,0
2026-02-06,S002,P0005,102,20,0
2026-02-06,S002,P0006,47,20,0
2026-02-06,S002,P0007,29,20,0
2026-02-06,S002,P0008,83,20,0
2026-02-06,S002,P0009,95,20,0
2026-02-06,S002,P0010,25,20,0
2026-02-06,S003,P0001,44,20,0
2026-02-06,S003,P0002,26,20,0
2026-02-06,S003,P0003,93,20,0
2026-02-06,S003,P0004,22,20,0
2026-02-06,S003,P0005,96,20,0
2026-02-06,S003,P0006,46,20,0
2026-02-06,S003,P0007,57,20,0
2026-02-06,S003,P0008,86,20,0
2026-02-06,S003,P0009,73,20,0
2026-02-06,S003,P0010,97,20,0
2026-02-06,S004,P0001,48,20,0
2026-02-06,S004,P0002,86,20,0
2026-02-06,S004,P0003,72,20,0
2026-02-06,S004,P0004,40,20,0
2026-02-06,S004,P0005,87,20,0
2026-02-06,S004,P0006,78,20,0
2026-02-06,S004,P0007,34,20,0
2026-02-06,S004,P0008,72,20,0
2026-02-06,S004,P0009,62,20,0
2026-02-06,S004,P0010,25,20,0
2026-02-06,S005,P0001,93,20,0
2026-02-06,S005,P0002,33,20,0
2026-02-06,S005,P0003,106,20,0
2026-02-06,S005,P0004,20,20,0
2026-02-06,S005,P0005,94,20,0
2026-02-06,S005,P0006,108,20,0
2026-02-06,S005,P0007,28,20,0
2026-02-06,S005,P0008,57,20,0
2026-02-06,S005,P0009,90,20,0
2026-02-06,S005,P0010,54,20,0
2026-02-07,S001,P0001,62,20,0
2026-02-07,S001,P0002,111,20,0
2026-02-07,S001,P0003,38,20,0
2026-02-07,S001,P0004,24,20,0
2026-02-07,S001,P0005,64,20,0
2026-02-07,S001,P0006,38,20,0
2026-02-07,S001,P0007,27,20,0
2026-02-07,S001,P0008,68,20,0
2026-02-07,S001,P0009,50,20,0
2026-02-07,S001,P0010,72,20,0
2026-02-07,S002,P0001,37,20,0
2026-02-07,S002,P0002,48,20,0
2026-02-07,S002,P0003,89,20,0
2026-02-07,S002,P0004,118,20,0
2026-02-07,S002,P0005,100,20,0
2026-02-07,S002,P0006,46,20,0
2026-02-07,S002,P0007,29,20,0
2026-02-07,S002,P0008,82,20,0
2026-02-07,S002,P0009,94,20,0
2026-02-07,S002,P0010,25,20,0
2026-02-07,S003,P0001,44,20,0
2026-02-07,S003,P0002,23,20,0
2026-02-07,S003,P0003,92,20,0
2026-02-07,S003,P0004,21,20,0
2026-02-07,S003,P0005,93,20,0
2026-02-07,S003,P0006,46,20,0
2026-02-07,S003,P0007,56,20,0
2026-02-07,S003,P0008,86,20,0
2026-02-07,S003,P0009,72,20,0
2026-02-07,S003,P0010,93,20,0
2026-02-07,S004,P0001,46,20,0
2026-02-07,S004,P0002,83,20,0
2026-02-07,S004,P0003,71,20,0
2026-02-07,S004,P0004,40,20,0
2026-02-07,S004,P0005,86,20,0
2026-02-07,S004,P0006,77,20,0
2026-02-07,S004,P0007,34,20,0
2026-02-07,S004,P0008,70,20,0
2026-02-07,S004,P0009,61,20,0
2026-02-07,S004,P0010,25,20,0
2026-02-07,S005,P0001,88,20,0
2026-02-07,S005,P0002,30,20,0
2026-02-07,S005,P0003,104,20,0
2026-02-07,S005,P0004,119,20,0
2026-02-07,S005,P0005,92,20,0
2026-02-07,S005,P0006,107,20,0
2026-02-07,S005,P0007,26,20,0
2026-02-07,S005,P0008,56,20,0
2026-02-07,S005,P0009,89,20,0
2026-02-07,S005,P0010,52,20,0
2026-02-08,S001,P0001,60,20,0
2026-02-08,S001,P0002,110,20,0
2026-02-08,S001,P0003,35,20,0
2026-02-08,S001,P0004,24,20,0
2026-02-08,S001,P0005,61,20,0
2026-02-08,S001,P0006,38,20,0
2026-02-08,S001,P0007,26,20,0
2026-02-08,S001,P0008,67,20,0
2026-02-08,S001,P0009,47,20,0
2026-02-08,S001,P0010,70,20,0
2026-02-08,S002,P0001,35,20,0
2026-02-08,S002,P0002,47,20,0
2026-02-08,S002,P0003,86,20,0
2026-02-08,S002,P0004,117,20,0
2026-02-08,S002,P0005,99,20,0
2026-02-08,S002,P0006,46,20,0
2026-02-08,S002,P0007,28,20,0
2026-02-08,S002,P0008,80,20,0
2026-02-08,S002,P0009,91,20,0
2026-02-08,S002,P0010,25,20,0
2026-02-08,S003,P0001,42,20,0
2026-02-08,S003,P0002,22,20,0
2026-02-08,S003,P0003,88,20,0
2026-02-08,S003,P0004,21,20,0
2026-02-08,S003,P0005,92,20,0
2026-02-08,S003,P0006,45,20,0
2026-02-08,S003,P0007,55,20,0
2026-02-08,S003,P0008,84,20,0
2026-02-08,S003,P0009,72,20,0
2026-02-08,S003,P0010,93,20,0
2026-02-08,S004,P0001,44,20,0
2026-02-08,S004,P0002,82,20,0
2026-02-08,S004,P0003,70,20,0
2026-02-08,S004,P0004,39,20,0
2026-02-08,S004,P0005,80,20,0
2026-02-08,S004,P0006,76,20,0
2026-02-08,S004,P0007,34,20,0
2026-02-08,S004,P0008,68,20,0
2026-02-08,S004,P0009,58,20,0
2026-02-08,S004,P0010,24,20,0
2026-02-08,S005,P0001,86,20,0
2026-02-08,S005,P0002,29,20,0
2026-02-08,S005,P0003,102,20,0
2026-02-08,S005,P0004,119,20,0
2026-02-08,S005,P0005,91,20,0
2026-02-08,S005,P0006,107,20,0
2026-02-08,S005,P0007,25,20,0
2026-02-08,S005,P0008,56,20,0
2026-02-08,S005,P0009,88,20,0
2026-02-08,S005,P0010,50,20,0
2026-02-09,S001,P0001,58,20,0
2026-02-09,S001,P0002,108,20,0
2026-02-09,S001,P0003,32,20,0
2026-02-09,S001,P0004,23,20,0
2026-02-09,S001,P0005,59,20,0
2026-02-09,S001,P0006,37,20,0
2026-02-09,S001,P0007,26,20,0
2026-02-09,S001,P0008,66,20,0
2026-02-09,S001,P0009,45,20,0
2026-02-09,S001,P0010,69,20,0
2026-02-09,S002,P0001,35,20,0
2026-02-09,S002,P0002,46,20,0
2026-02-09,S002,P0003,86,20,0
2026-02-09,S002,P0004,114,20,0
2026-02-09,S002,P0005,98,20,0
2026-02-09,S002,P0006,46,20,0
2026-02-09,S002,P0007,28,20,0
2026-02-09,S002,P0008,75,20,0
2026-02-09,S002,P0009,90,20,0
2026-02-09,S002,P0010,21,20,0
2026-02-09,S003,P0001,42,20,0
2026-02-09,S003,P0002,20,20,0
2026-02-09,S003,P0003,88,20,0
2026-02-09,S003,P0004,119,20,0
2026-02-09,S003,P0005,90,20,0
2026-02-09,S003,P0006,45,20,0
2026-02-09,S003,P0007,53,20,0
2026-02-09,S003,P0008,82,20,0
2026-02-09,S003,P0009,71,20,0
2026-02-09,S003,P0010,91,20,0
2026-02-09,S004,P0001,40,20,0
2026-02-09,S004,P0002,79,20,0
2026-02-09,S004,P0003,69,20,0
2026-02-09,S004,P0004,38,20,0
2026-02-09,S004,P0005,77,20,0
2026-02-09,S004,P0006,75,20,0
2026-02-09,S004,P0007,34,20,0
2026-02-09,S004,P0008,67,20,0
2026-02-09,S004,P0009,57,20,0
2026-02-09,S004,P0010,24,20,0
2026-02-09,S005,P0001,86,20,0
2026-02-09,S005,P0002,29,20,0
2026-02-09,S005,P0003,101,20,0
2026-02-09,S005,P0004,117,20,0
2026-02-09,S005,P0005,88,20,0
2026-02-09,S005,P0006,106,20,0
2026-02-09,S005,P0007,25,20,0
2026-02-09,S005,P0008,56,20,0
2026-02-09,S005,P0009,87,20,0
2026-02-09,S005,P0010,48,20,0
2026-02-10,S001,P0001,58,20,0
2026-02-10,S001,P0002,107,20,0
2026-02-10,S001,P0003,32,20,0
2026-02-10,S001,P0004,21,20,0
2026-02-10,S001,P0005,57,20,0
2026-02-10,S001,P0006,37,20,0
2026-02-10,S001,P0007,25,20,0
2026-02-10,S001,P0008,66,20,0
2026-02-10,S001,P0009,42,20,0
2026-02-10,S001,P0010,66,20,0
2026-02-10,S002,P0001,34,20,0
2026-02-10,S002,P0002,45,20,0
2026-02-10,S002,P0003,84,20,0
2026-02-10,S002,P0004,113,20,0
2026-02-10,S002,P0005,95,20,0
2026-02-10,S002,P0006,46,20,0
2026-02-10,S002,P0007,27,20,0
2026-02-10,S002,P0008,74,20,0
2026-02-10,S002,P0009,89,20,0
2026-02-10,S002,P0010,20,20,0
2026-02-10,S003,P0001,39,20,0
2026-02-10,S003,P0002,118,20,0
2026-02-10,S003,P0003,87,20,0
2026-02-10,S003,P0004,118,20,0
2026-02-10,S003,P0005,87,20,0
2026-02-10,S003,P0006,44,20,0
2026-02-10,S003,P0007,53,20,0
2026-02-10,S003,P0008,82,20,0
2026-02-10,S003,P0009,69,20,0
2026-02-10,S003,P0010,90,20,0
2026-02-10,S004,P0001,38,20,0
2026-02-10,S004,P0002,78,20,0
2026-02-10,S004,P0003,66,20,0
2026-02-10,S004,P0004,38,20,0
2026-02-10,S004,P0005,76,20,0
2026-02-10,S004,P0006,75,20,0
2026-02-10,S004,P0007,32,20,0
2026-02-10,S004,P0008,66,20,0
2026-02-10,S004,P0009,57,20,0
2026-02-10,S004,P0010,20,20,0
2026-02-10,S005,P0001,84,20,0
2026-02-10,S005,P0002,28,20,0
2026-02-10,S005,P0003,99,20,0
2026-02-10,S005,P0004,116,20,0
2026-02-10,S005,P0005,85,20,0
2026-02-10,S005,P0006,105,20,0
2026-02-10,S005,P0007,23,20,0
2026-02-10,S005,P0008,55,20,0
2026-02-10,S005,P0009,81,20,0
2026-02-10,S005,P0010,48,20,0
2026-02-11,S001,P0001,57,20,0
2026-02-11,S001,P0002,105,20,0
2026-02-11,S001,P0003,32,20,0
2026-02-11,S001,P0004,119,20,0
2026-02-11,S001,P0005,54,20,0
2026-02-11,S001,P0006,37,20,0
2026-02-11,S001,P0007,23,20,0
2026-02-11,S001,P0008,65,20,0
2026-02-11,S001,P0009,40,20,0
2026-02-11,S001,P0010,64,20,0
2026-02-11,S002,P0001,32,20,0
2026-02-11,S002,P0002,43,20,0
2026-02-11,S002,P0003,84,20,0
2026-02-11,S002,P0004,113,20,0
2026-02-11,S002,P0005,93,20,0
2026-02-11,S002,P0006,46,20,0
2026-02-11,S002,P0007,26,20,0
2026-02-11,S002,P0008,73,20,0
2026-02-11,S002,P0009,84,20,0
2026-02-11,S002,P0010,119,20,0
2026-02-11,S003,P0001,37,20,0
2026-02-11,S003,P0002,118,20,0
2026-02-11,S003,P0003,84,20,0
2026-02-11,S003,P0004,118,20,0
2026-02-11,S003,P0005,85,20,0
2026-02-11,S003,P0006,44,20,0
2026-02-11,S003,P0007,52,20,0
2026-02-11,S003,P0008,82,20,0
2026-02-11,S003,P0009,67,20,0
2026-02-11,S003,P0010,90,20,0
2026-02-11,S004,P0001,37,20,0
2026-02-11,S004,P0002,78,20,0
2026-02-11,S004,P0003,66,20,0
2026-02-11,S004,P0004,38,20,0
2026-02-11,S004,P0005,75,20,0
2026-02-11,S004,P0006,75,20,0
2026-02-11,S004,P0007,30,20,0
2026-02-11,S004,P0008,65,20,0
2026-02-11,S004,P0009,55,20,0
2026-02-11,S004,P0010,119,20,0
2026-02-11,S005,P0001,83,20,0
2026-02-11,S005,P0002,28,20,0
2026-02-11,S005,P0003,99,20,0
2026-02-11,S005,P0004,116,20,0
2026-02-11,S005,P0005,84,20,0
2026-02-11,S005,P0006,105,20,0
2026-02-11,S005,P0007,23,20,0
2026-02-11,S005,P0008,54,20,0
2026-02-11,S005,P0009,79,20,0
2026-02-11,S005,P0010,47,20,0
2026-02-12,S001,P0001,57,20,0
2026-02-12,S001,P0002,103,20,0
2026-02-12,S001,P0003,31,20,0
2026-02-12,S001,P0004,119,20,0
2026-02-12,S001,P0005,53,20,0
2026-02-12,S001,P0006,37,20,0
2026-02-12,S001,P0007,23,20,0
2026-02-12,S001,P0008,64,20,0
2026-02-12,S001,P0009,40,20,0
2026-02-12,S001,P0010,64,20,0
2026-02-12,S002,P0001,29,20,0
2026-02-12,S002,P0002,41,20,0
2026-02-12,S002,P0003,84,20,0
2026-02-12,S002,P0004,112,20,0
2026-02-12,S002,P0005,90,20,0
2026-02-12,S002,P0006,45,20,0
2026-02-12,S002,P0007,26,20,0
2026-02-12,S002,P0008,71,20,0
2026-02-12,S002,P0009,80,20,0
2026-02-12,S002,P0010,118,20,0
2026-02-12,S003,P0001,36,20,0
2026-02-12,S003,P0002,117,20,0
2026-02-12,S003,P0003,83,20,0
2026-02-12,S003,P0004,118,20,0
2026-02-12,S003,P0005,84,20,0
2026-02-12,S003,P0006,44,20,0
2026-02-12,S003,P0007,51,20,0
2026-02-12,S003,P0008,79,20,0
2026-02-12,S003,P0009,66,20,0
2026-02-12,S003,P0010,87,20,0
2026-02-12,S004,P0001,37,20,0
2026-02-12,S004,P0002,76,20,0
2026-02-12,S004,P0003,66,20,0
2026-02-12,S004,P0004,38,20,0
2026-02-12,S004,P0005,74,20,0
2026-02-12,S004,P0006,74,20,0
2026-02-12,S004,P0007,27,20,0
2026-02-12,S004,P0008,62,20,0
2026-02-12,S004,P0009,54,20,0
2026-02-12,S004,P0010,119,20,0
2026-02-12,S005,P0001,82,20,0
2026-02-12,S005,P0002,27,20,0
2026-02-12,S005,P0003,98,20,0
2026-02-12,S005,P0004,116,20,0
2026-02-12,S005,P0005,78,20,0
2026-02-12,S005,P0006,104,20,0
2026-02-12,S005,P0007,23,20,0
2026-02-12,S005,P0008,51,20,0
2026-02-12,S005,P0009,76,20,0
2026-02-12,S005,P0010,47,20,0
2026-02-13,S001,P0001,54,20,0
2026-02-13,S001,P0002,103,20,0
2026-02-13,S001,P0003,30,20,0
2026-02-13,S001,P0004,119,20,0
2026-02-13,S001,P0005,49,20,0
2026-02-13,S001,P0006,35,20,0
2026-02-13,S001,P0007,22,20,0
2026-02-13,S001,P0008,63,20,0
2026-02-13,S001,P0009,38,20,0
2026-02-13,S001,P0010,64,20,0
2026-02-13,S002,P0001,27,20,0
2026-02-13,S002,P0002,36,20,0
2026-02-13,S002,P0003,81,20,0
2026-02-13,S002,P0004,112,20,0
2026-02-13,S002,P0005,90,20,0
2026-02-13,S002,P0006,45,20,0
2026-02-13,S002,P0007,26,20,0
2026-02-13,S002,P0008,71,20,0
2026-02-13,S002,P0009,80,20,0
2026-02-13,S002,P0010,117,20,0
2026-02-13,S003,P0001,35,20,0
2026-02-13,S003,P0002,115,20,0
2026-02-13,S003,P0003,82,20,0
2026-02-13,S003,P0004,116,20,0
2026-02-13,S003,P0005,76,20,0
2026-02-13,S003,P0006,44,20,0
2026-02-13,S003,P0007,50,20,0
2026-02-13,S003,P0008,79,20,0
2026-02-13,S003,P0009,65,20,0
2026-02-13,S003,P0010,86,20,0
2026-02-13,S004,P0001,36,20,0
2026-02-13,S004,P0002,75,20,0
2026-02-13,S004,P0003,66,20,0
2026-02-13,S004,P0004,36,20,0
2026-02-13,S004,P0005,69,20,0
2026-02-13,S004,P0006,73,20,0
2026-02-13,S004,P0007,27,20,0
2026-02-13,S004,P0008,61,20,0
2026-02-13,S004,P0009,54,20,0
2026-02-13,S004,P0010,118,20,0
2026-02-13,S005,P0001,79,20,0
2026-02-13,S005,P0002,26,20,0
2026-02-13,S005,P0003,96,20,0
2026-02-13,S005,P0004,116,20,0
2026-02-13,S005,P0005,74,20,0
2026-02-13,S005,P0006,103,20,0
2026-02-13,S005,P0007,22,20,0
2026-02-13,S005,P0008,50,20,0
2026-02-13,S005,P0009,75,20,0
2026-02-13,S005,P0010,47,20,0
2026-02-14,S001,P0001,50,20,0
2026-02-14,S001,P0002,100,20,0
2026-02-14,S001,P0003,29,20,0
2026-02-14,S001,P0004,119,20,0
2026-02-14,S001,P0005,46,20,0
2026-02-14,S001,P0006,35,20,0
2026-02-14,S001,P0007,119,20,0
2026-02-14,S001,P0008,61,20,0
2026-02-14,S001,P0009,36,20,0
2026-02-14,S001,P0010,62,20,0
2026-02-14,S002,P0001,26,20,0
2026-02-14,S002,P0002,35,20,0
2026-02-14,S002,P0003,78,20,0
2026-02-14,S002,P0004,112,20,0
2026-02-14,S002,P0005,87,20,0
2026-02-14,S002,P0006,45,20,0
2026-02-14,S002,P0007,24,20,0
2026-02-14,S002,P0008,69,20,0
2026-02-14,S002,P0009,78,20,0
2026-02-14,S002,P0010,116,20,0
2026-02-14,S003,P0001,34,20,0
2026-02-14,S003,P0002,113,20,0
2026-02-14,S003,P0003,80,20,0
2026-02-14,S003,P0004,115,20,0
2026-02-14,S003,P0005,72,20,0
2026-02-14,S003,P0006,44,20,0
2026-02-14,S003,P0007,50,20,0
2026-02-14,S003,P0008,77,20,0
2026-02-14,S003,P0009,60,20,0
2026-02-14,S003,P0010,85,20,0
2026-02-14,S004,P0001,36,20,0
2026-02-14,S004,P0002,74,20,0
2026-02-14,S004,P0003,64,20,0
2026-02-14,S004,P0004,36,20,0
2026-02-14,S004,P0005,67,20,0
2026-02-14,S004,P0006,73,20,0
2026-02-14,S004,P0007,27,20,0
2026-02-14,S004,P0008,61,20,0
2026-02-14,S004,P0009,53,20,0
2026-02-14,S004,P0010,117,20,0
2026-02-14,S005,P0001,74,20,0
2026-02-14,S005,P0002,24,20,0
2026-02-14,S005,P0003,96,20,0
2026-02-14,S005,P0004,115,20,0
2026-02-14,S005,P0005,71,20,0
2026-02-14,S005,P0006,103,20,0
2026-02-14,S005,P0007,22,20,0
2026-02-14,S005,P0008,48,20,0
2026-02-14,S005,P0009,74,20,0
2026-02-14,S005,P0010,46,20,0
2026-02-15,S001,P0001,50,20,0
2026-02-15,S001,P0002,99,20,0
2026-02-15,S001,P0003,29,20,0
2026-02-15,S001,P0004,117,20,0
2026-02-15,S001,P0005,46,20,0
2026-02-15,S001,P0006,35,20,0
2026-02-15,S001,P0007,119,20,0
2026-02-15,S001,P0008,61,20,0
2026-02-15,S001,P0009,36,20,0
2026-02-15,S001,P0010,60,20,0
2026-02-15,S002,P0001,26,20,0
2026-02-15,S002,P0002,34,20,0
2026-02-15,S002,P0003,78,20,0
2026-02-15,S002,P0004,112,20,0
2026-02-15,S002,P0005,83,20,0
2026-02-15,S002,P0006,45,20,0
2026-02-15,S002,P0007,24,20,0
2026-02-15,S002,P0008,69,20,0
2026-02-15,S002,P0009,78,20,0
2026-02-15,S002,P0010,112,20,0
2026-02-15,S003,P0001,34,20,0
2026-02-15,S003,P0002,110,20,0
2026-02-15,S003,P0003,79,20,0
2026-02-15,S003,P0004,112,20,0
2026-02-15,S003,P0005,70,20,0
2026-02-15,S003,P0006,44,20,0
2026-02-15,S003,P0007,50,20,0
2026-02-15,S003,P0008,76,20,0
2026-02-15,S003,P0009,56,20,0
2026-02-15,S003,P0010,81,20,0
2026-02-15,S004,P0001,35,20,0
2026-02-15,S004,P0002,72,20,0
2026-02-15,S004,P0003,64,20,0
2026-02-15,S004,P0004,35,20,0
2026-02-15,S004,P0005,65,20,0
2026-02-15,S004,P0006,73,20,0
2026-02-15,S004,P0007,24,20,0
2026-02-15,S004,P0008,59,20,0
2026-02-15,S004,P0009,50,20,0
2026-02-15,S004,P0010,117,20,0
2026-02-15,S005,P0001,73,20,0
2026-02-15,S005,P0002,23,20,0
2026-02-15,S005,P0003,96,20,0
2026-02-15,S005,P0004,114,20,0
2026-02-15,S005,P0005,69,20,0
2026-02-15,S005,P0006,103,20,0
2026-02-15,S005,P0007,22,20,0
2026-02-15,S005,P0008,47,20,0
2026-02-15,S005,P0009,74,20,0
2026-02-15,S005,P0010,45,20,0
2026-02-16,S001,P0001,46,20,0
2026-02-16,S001,P0002,97,20,0
2026-02-16,S001,P0003,28,20,0
2026-02-16,S001,P0004,115,20,0
2026-02-16,S001,P0005,42,20,0
2026-02-16,S001,P0006,35,20,0
2026-02-16,S001,P0007,118,20,0
2026-02-16,S001,P0008,60,20,0
2026-02-16,S001,P0009,31,20,0
2026-02-16,S001,P0010,57,20,0
2026-02-16,S002,P0001,26,20,0
2026-02-16,S002,P0002,30,20,0
2026-02-16,S002,P0003,78,20,0
2026-02-16,S002,P0004,111,20,0
2026-02-16,S002,P0005,78,20,0
2026-02-16,S002,P0006,43,20,0
2026-02-16,S002,P0007,23,20,0
2026-02-16,S002,P0008,69,20,0
2026-02-16,S002,P0009,74,20,0
2026-02-16,S002,P0010,112,20,0
2026-02-16,S003,P0001,32,20,0
2026-02-16,S003,P0002,109,20,0
2026-02-16,S003,P0003,78,20,0
2026-02-16,S003,P0004,112,20,0
2026-02-16,S003,P0005,68,20,0
2026-02-16,S003,P0006,43,20,0
2026-02-16,S003,P0007,50,20,0
2026-02-16,S003,P0008,74,20,0
2026-02-16,S003,P0009,55,20,0
2026-02-16,S003,P0010,80,20,0
2026-02-16,S004,P0001,34,20,0
2026-02-16,S004,P0002,70,20,0
2026-02-16,S004,P0003,63,20,0
2026-02-16,S004,P0004,34,20,0
2026-02-16,S004,P0005,64,20,0
2026-02-16,S004,P0006,73,20,0
2026-02-16,S004,P0007,24,20,0
2026-02-16,S004,P0008,57,20,0
2026-02-16,S004,P0009,48,20,0
2026-02-16,S004,P0010,116,20,0
2026-02-16,S005,P0001,72,20,0
2026-02-16,S005,P0002,21,20,0
2026-02-16,S005,P0003,95,20,0
2026-02-16,S005,P0004,114,20,0
2026-02-16,S005,P0005,69,20,0
2026-02-16,S005,P0006,102,20,0
2026-02-16,S005,P0007,22,20,0
2026-02-16,S005,P0008,45,20,0
2026-02-16,S005,P0009,72,20,0
2026-02-16,S005,P0010,45,20,0
2026-02-17,S001,P0001,44,20,0
2026-02-17,S001,P0002,96,20,0
2026-02-17,S001,P0003,26,20,0
2026-02-17,S001,P0004,115,20,0
2026-02-17,S001,P0005,41,20,0
2026-02-17,S001,P0006,35,20,0
2026-02-17,S001,P0007,115,20,0
2026-02-17,S001,P0008,56,20,0
2026-02-17,S001,P0009,29,20,0
2026-02-17,S001,P0010,54,20,0
2026-02-17,S002,P0001,24,20,0
2026-02-17,S002,P0002,26,20,0
2026-02-17,S002,P0003,75,20,0
2026-02-17,S002,P0004,110,20,0
2026-02-17,S002,P0005,75,20,0
2026-02-17,S002,P0006,42,20,0
2026-02-17,S002,P0007,23,20,0
2026-02-17,S002,P0008,68,20,0
2026-02-17,S002,P0009,72,20,0
2026-02-17,S002,P0010,112,20,0
2026-02-17,S003,P0001,30,20,0
2026-02-17,S003,P0002,108,20,0
2026-02-17,S003,P0003,76,20,0
2026-02-17,S003,P0004,110,20,0
2026-02-17,S003,P0005,65,20,0
2026-02-17,S003,P0006,41,20,0
2026-02-17,S003,P0007,50,20,0
2026-02-17,S003,P0008,72,20,0
2026-02-17,S003,P0009,54,20,0
2026-02-17,S003,P0010,79,20,0
2026-02-17,S004,P0001,32,20,0
2026-02-17,S004,P0002,68,20,0
2026-02-17,S004,P0003,61,20,0
2026-02-17,S004,P0004,33,20,0
2026-02-17,S004,P0005,63,20,0
2026-02-17,S004,P0006,73,20,0
2026-02-17,S004,P0007,24,20,0
2026-02-17,S004,P0008,57,20,0
2026-02-17,S004,P0009,48,20,0
2026-02-17,S004,P0010,116,20,0
2026-02-17,S005,P0001,69,20,0
2026-02-17,S005,P0002,21,20,0
2026-02-17,S005,P0003,95,20,0
2026-02-17,S005,P0004,113,20,0
2026-02-17,S005,P0005,67,20,0
2026-02-17,S005,P0006,102,20,0
2026-02-17,S005,P0007,22,20,0
2026-02-17,S005,P0008,42,20,0
2026-02-17,S005,P0009,69,20,0
2026-02-17,S005,P0010,44,20,0
2026-02-18,S001,P0001,44,20,0
2026-02-18,S001,P0002,93,20,0
2026-02-18,S001,P0003,24,20,0
2026-02-18,S001,P0004,114,20,0
2026-02-18,S001,P0005,38,20,0
2026-02-18,S001,P0006,35,20,0
2026-02-18,S001,P0007,114,20,0
2026-02-18,S001,P0008,55,20,0
2026-02-18,S001,P0009,27,20,0
2026-02-18,S001,P0010,53,20,0
2026-02-18,S002,P0001,24,20,0
2026-02-18,S002,P0002,26,20,0
2026-02-18,S002,P0003,75,20,0
2026-02-18,S002,P0004,110,20,0
2026-02-18,S002,P0005,73,20,0
2026-02-18,S002,P0006,41,20,0
2026-02-18,S002,P0007,23,20,0
2026-02-18,S002,P0008,68,20,0
2026-02-18,S002,P0009,70,20,0
2026-02-18,S002,P0010,111,20,0
2026-02-18,S003,P0001,29,20,0
2026-02-18,S003,P0002,108,20,0
2026-02-18,S003,P0003,75,20,0
2026-02-18,S003,P0004,107,20,0
2026-02-18,S003,P0005,65,20,0
2026-02-18,S003,P0006,41,20,0
2026-02-18,S003,P0007,49,20,0
2026-02-18,S003,P0008,69,20,0
2026-02-18,S003,P0009,53,20,0
2026-02-18,S003,P0010,77,20,0
2026-02-18,S004,P0001,32,20,0
2026-02-18,S004,P0002,66,20,0
2026-02-18,S004,P0003,59,20,0
2026-02-18,S004,P0004,32,20,0
2026-02-18,S004,P0005,62,20,0
2026-02-18,S004,P0006,72,20,0
2026-02-18,S004,P0007,22,20,0
2026-02-18,S004,P0008,55,20,0
2026-02-18,S004,P0009,43,20,0
2026-02-18,S004,P0010,114,20,0
2026-02-18,S005,P0001,66,20,0
2026-02-18,S005,P0002,119,20,0
2026-02-18,S005,P0003,91,20,0
2026-02-18,S005,P0004,113,20,0
2026-02-18,S005,P0005,67,20,0
2026-02-18,S005,P0006,102,20,0
2026-02-18,S005,P0007,21,20,0
2026-02-18,S005,P0008,40,20,0
2026-02-18,S005,P0009,67,20,0
2026-02-18,S005,P0010,41,20,0
2026-02-19,S001,P0001,44,20,0
2026-02-19,S001,P0002,93,20,0
2026-02-19,S001,P0003,20,20,0
2026-02-19,S001,P0004,114,20,0
2026-02-19,S001,P0005,37,20,0
2026-02-19,S001,P0006,35,20,0
2026-02-19,S001,P0007,112,20,0
2026-02-19,S001,P0008,51,20,0
2026-02-19,S001,P0009,24,20,0
2026-02-19,S001,P0010,52,20,0
2026-02-19,S002,P0001,22,20,0
2026-02-19,S002,P0002,25,20,0
2026-02-19,S002,P0003,73,20,0
2026-02-19,S002,P0004,109,20,0
2026-02-19,S002,P0005,72,20,0
2026-02-19,S002,P0006,40,20,0
2026-02-19,S002,P0007,22,20,0
2026-02-19,S002,P0008,68,20,0
2026-02-19,S002,P0009,70,20,0
2026-02-19,S002,P0010,111,20,0
2026-02-19,S003,P0001,28,20,0
2026-02-19,S003,P0002,106,20,0
2026-02-19,S003,P0003,75,20,0
2026-02-19,S003,P0004,103,20,0
2026-02-19,S003,P0005,62,20,0
2026-02-19,S003,P0006,41,20,0
2026-02-19,S003,P0007,49,20,0
2026-02-19,S003,P0008,68,20,0
2026-02-19,S003,P0009,50,20,0
2026-02-19,S003,P0010,77,20,0
2026-02-19,S004,P0001,31,20,0
2026-02-19,S004,P0002,64,20,0
2026-02-19,S004,P0003,58,20,0
2026-02-19,S004,P0004,28,20,0
2026-02-19,S004,P0005,59,20,0
2026-02-19,S004,P0006,71,20,0
2026-02-19,S004,P0007,21,20,0
2026-02-19,S004,P0008,55,20,0
2026-02-19,S004,P0009,43,20,0
2026-02-19,S004,P0010,110,20,0
2026-02-19,S005,P0001,65,20,0
2026-02-19,S005,P0002,117,20,0
2026-02-19,S005,P0003,89,20,0
2026-02-19,S005,P0004,111,20,0
2026-02-19,S005,P0005,63,20,0
2026-02-19,S005,P0006,101,20,0
2026-02-19,S005,P0007,118,20,0
2026-02-19,S005,P0008,40,20,0
2026-02-19,S005,P0009,65,20,0
2026-02-19,S005,P0010,39,20,0
2026-02-20,S001,P0001,43,20,0
2026-02-20,S001,P0002,92,20,0
2026-02-20,S001,P0003,118,20,0
2026-02-20,S001,P0004,113,20,0
2026-02-20,S001,P0005,35,20,0
2026-02-20,S001,P0006,35,20,0
2026-02-20,S001,P0007,112,20,0
2026-02-20,S001,P0008,51,20,0
2026-02-20,S001,P0009,21,20,0
2026-02-20,S001,P0010,51,20,0
2026-02-20,S002,P0001,119,20,0
2026-02-20,S002,P0002,25,20,0
2026-02-20,S002,P0003,73,20,0
2026-02-20,S002,P0004,108,20,0
2026-02-20,S002,P0005,70,20,0
2026-02-20,S002,P0006,40,20,0
2026-02-20,S002,P0007,21,20,0
2026-02-20,S002,P0008,68,20,0
2026-02-20,S002,P0009,68,20,0
2026-02-20,S002,P0010,109,20,0
2026-02-20,S003,P0001,28,20,0
2026-02-20,S003,P0002,104,20,0
2026-02-20,S003,P0003,74,20,0
2026-02-20,S003,P0004,102,20,0
2026-02-20,S003,P0005,60,20,0
2026-02-20,S003,P0006,41,20,0
2026-02-20,S003,P0007,48,20,0
2026-02-20,S003,P0008,68,20,0
2026-02-20,S003,P0009,49,20,0
2026-02-20,S003,P0010,76,20,0
2026-02-20,S004,P0001,28,20,0
2026-02-20,S004,P0002,63,20,0
2026-02-20,S004,P0003,57,20,0
2026-02-20,S004,P0004,25,20,0
2026-02-20,S004,P0005,57,20,0
2026-02-20,S004,P0006,70,20,0
2026-02-20,S004,P0007,119,20,0
2026-02-20,S004,P0008,54,20,0
2026-02-20,S004,P0009,39,20,0
2026-02-20,S004,P0010,107,20,0
2026-02-20,S005,P0001,63,20,0
2026-02-20,S005,P0002,115,20,0
2026-02-20,S005,P0003,88,20,0
2026-02-20,S005,P0004,110,20,0
2026-02-20,S005,P0005,63,20,0
2026-02-20,S005,P0006,101,20,0
2026-02-20,S005,P0007,118,20,0
2026-02-20,S005,P0008,37,20,0
2026-02-20,S005,P0009,63,20,0
2026-02-20,S005,P0010,38,20,0
2026-02-21,S001,P0001,43,20,0
2026-02-21,S001,P0002,89,20,0
2026-02-21,S001,P0003,116,20,0
2026-02-21,S001,P0004,110,20,0
2026-02-21,S001,P0005,33,20,0
2026-02-21,S001,P0006,33,20,0
2026-02-21,S001,P0007,111,20,0
2026-02-21,S001,P0008,50,20,0
2026-02-21,S001,P0009,119,20,0
2026-02-21,S001,P0010,47,20,0
2026-02-21,S002,P0001,118,20,0
2026-02-21,S002,P0002,23,20,0
2026-02-21,S002,P0003,71,20,0
2026-02-21,S002,P0004,107,20,0
2026-02-21,S002,P0005,69,20,0
2026-02-21,S002,P0006,39,20,0
2026-02-21,S002,P0007,20,20,0
2026-02-21,S002,P0008,65,20,0
2026-02-21,S002,P0009,67,20,0
2026-02-21,S002,P0010,106,20,0
2026-02-21,S003,P0001,28,20,0
2026-02-21,S003,P0002,104,20,0
2026-02-21,S003,P0003,74,20,0
2026-02-21,S003,P0004,100,20,0
2026-02-21,S003,P0005,58,20,0
2026-02-21,S003,P0006,41,20,0
2026-02-21,S003,P0007,48,20,0
2026-02-21,S003,P0008,67,20,0
2026-02-21,S003,P0009,48,20,0
2026-02-21,S003,P0010,76,20,0
2026-02-21,S004,P0001,23,20,0
2026-02-21,S004,P0002,63,20,0
2026-02-21,S004,P0003,55,20,0
2026-02-21,S004,P0004,23,20,0
2026-02-21,S004,P0005,57,20,0
2026-02-21,S004,P0006,69,20,0
2026-02-21,S004,P0007,117,20,0
2026-02-21,S004,P0008,54,20,0
2026-02-21,S004,P0009,35,20,0
2026-02-21,S004,P0010,107,20,0
2026-02-21,S005,P0001,61,20,0
2026-02-21,S005,P0002,112,20,0
2026-02-21,S005,P0003,83,20,0
2026-02-21,S005,P0004,107,20,0
2026-02-21,S005,P0005,62,20,0
2026-02-21,S005,P0006,101,20,0
2026-02-21,S005,P0007,117,20,0
2026-02-21,S005,P0008,34,20,0
2026-02-21,S005,P0009,61,20,0
2026-02-21,S005,P0010,37,20,0
2026-02-22,S001,P0001,42,20,0
2026-02-22,S001,P0002,87,20,0
2026-02-22,S001,P0003,113,20,0
2026-02-22,S001,P0004,109,20,0
2026-02-22,S001,P0005,28,20,0
2026-02-22,S001,P0006,31,20,0
2026-02-22,S001,P0007,110,20,0
2026-02-22,S001,P0008,46,20,0
2026-02-22,S001,P0009,117,20,0
2026-02-22,S001,P0010,45,20,0
2026-02-22,S002,P0001,117,20,0
2026-02-22,S002,P0002,20,20,0
2026-02-22,S002,P0003,67,20,0
2026-02-22,S002,P0004,106,20,0
2026-02-22,S002,P0005,64,20,0
2026-02-22,S002,P0006,39,20,0
2026-02-22,S002,P0007,119,20,0
2026-02-22,S002,P0008,65,20,0
2026-02-22,S002,P0009,64,20,0
2026-02-22,S002,P0010,103,20,0
2026-02-22,S003,P0001,28,20,0
2026-02-22,S003,P0002,101,20,0
2026-02-22,S003,P0003,73,20,0
2026-02-22,S003,P0004,99,20,0
2026-02-22,S003,P0005,52,20,0
2026-02-22,S003,P0006,41,20,0
2026-02-22,S003,P0007,46,20,0
2026-02-22,S003,P0008,65,20,0
2026-02-22,S003,P0009,44,20,0
2026-02-22,S003,P0010,75,20,0
2026-02-22,S004,P0001,21,20,0
2026-02-22,S004,P0002,62,20,0
2026-02-22,S004,P0003,53,20,0
2026-02-22,S004,P0004,23,20,0
2026-02-22,S004,P0005,55,20,0
2026-02-22,S004,P0006,69,20,0
2026-02-22,S004,P0007,116,20,0
2026-02-22,S004,P0008,53,20,0
2026-02-22,S004,P0009,34,20,0
2026-02-22,S004,P0010,107,20,0
2026-02-22,S005,P0001,59,20,0
2026-02-22,S005,P0002,109,20,0
2026-02-22,S005,P0003,78,20,0
2026-02-22,S005,P0004,106,20,0
2026-02-22,S005,P0005,61,20,0
2026-02-22,S005,P0006,101,20,0
2026-02-22,S005,P0007,117,20,0
2026-02-22,S005,P0008,32,20,0
2026-02-22,S005,P0009,60,20,0
2026-02-22,S005,P0010,34,20,0
2026-02-23,S001,P0001,41,20,0
2026-02-23,S001,P0002,84,20,0
2026-02-23,S001,P0003,112,20,0
2026-02-23,S001,P0004,107,20,0
2026-02-23,S001,P0005,28,20,0
2026-02-23,S001,P0006,31,20,0
2026-02-23,S001,P0007,109,20,0
2026-02-23,S001,P0008,45,20,0
2026-02-23,S001,P0009,114,20,0
2026-02-23,S001,P0010,45,20,0
2026-02-23,S002,P0001,117,20,0
2026-02-23,S002,P0002,20,20,0
2026-02-23,S002,P0003,66,20,0
2026-02-23,S002,P0004,104,20,0
2026-02-23,S002,P0005,62,20,0
2026-02-23,S002,P0006,39,20,0
2026-02-23,S002,P0007,118,20,0
2026-02-23,S002,P0008,64,20,0
2026-02-23,S002,P0009,63,20,0
2026-02-23,S002,P0010,102,20,0
2026-02-23,S003,P0001,25,20,0
2026-02-23,S003,P0002,100,20,0
2026-02-23,S003,P0003,71,20,0
2026-02-23,S003,P0004,99,20,0
2026-02-23,S003,P0005,50,20,0
2026-02-23,S003,P0006,41,20,0
2026-02-23,S003,P0007,45,20,0
2026-02-23,S003,P0008,62,20,0
2026-02-23,S003,P0009,41,20,0
2026-02-23,S003,P0010,74,20,0
2026-02-23,S004,P0001,118,20,0
2026-02-23,S004,P0002,60,20,0
2026-02-23,S004,P0003,52,20,0
2026-02-23,S004,P0004,21,20,0
2026-02-23,S004,P0005,54,20,0
2026-02-23,S004,P0006,69,20,0
2026-02-23,S004,P0007,113,20,0
2026-02-23,S004,P0008,52,20,0
2026-02-23,S004,P0009,34,20,0
2026-02-23,S004,P0010,105,20,0
2026-02-23,S005,P0001,58,20,0
2026-02-23,S005,P0002,107,20,0
2026-02-23,S005,P0003,78,20,0
2026-02-23,S005,P0004,104,20,0
2026-02-23,S005,P0005,59,20,0
2026-02-23,S005,P0006,101,20,0
2026-02-23,S005,P0007,116,20,0
2026-02-23,S005,P0008,32,20,0
2026-02-23,S005,P0009,57,20,0
2026-02-23,S005,P0010,32,20,0
2026-02-24,S001,P0001,40,20,0
2026-02-24,S001,P0002,84,20,0
2026-02-24,S001,P0003,110,20,0
2026-02-24,S001,P0004,107,20,0
2026-02-24,S001,P0005,26,20,0
2026-02-24,S001,P0006,30,20,0
2026-02-24,S001,P0007,109,20,0
2026-02-24,S001,P0008,45,20,0
2026-02-24,S001,P0009,111,20,0
2026-02-24,S001,P0010,43,20,0
2026-02-24,S002,P0001,115,20,0
2026-02-24,S002,P0002,119,20,0
2026-02-24,S002,P0003,66,20,0
2026-02-24,S002,P0004,104,20,0
2026-02-24,S002,P0005,62,20,0
2026-02-24,S002,P0006,37,20,0
2026-02-24,S002,P0007,117,20,0
2026-02-24,S002,P0008,64,20,0
2026-02-24,S002,P0009,61,20,0
2026-02-24,S002,P0010,101,20,0
2026-02-24,S003,P0001,24,20,0
2026-02-24,S003,P0002,98,20,0
2026-02-24,S003,P0003,71,20,0
2026-02-24,S003,P0004,96,20,0
2026-02-24,S003,P0005,49,20,0
2026-02-24,S003,P0006,41,20,0
2026-02-24,S003,P0007,43,20,0
2026-02-24,S003,P0008,62,20,0
2026-02-24,S003,P0009,40,20,0
2026-02-24,S003,P0010,73,20,0
2026-02-24,S004,P0001,115,20,0
2026-02-24,S004,P0002,58,20,0
2026-02-24,S004,P0003,51,20,0
2026-02-24,S004,P0004,20,20,0
2026-02-24,S004,P0005,50,20,0
2026-02-24,S004,P0006,68,20,0
2026-02-24,S004,P0007,111,20,0
2026-02-24,S004,P0008,48,20,0
2026-02-24,S004,P0009,33,20,0
2026-02-24,S004,P0010,105,20,0
2026-02-24,S005,P0001,58,20,0
2026-02-24,S005,P0002,105,20,0
2026-02-24,S005,P0003,78,20,0
2026-02-24,S005,P0004,104,20,0
2026-02-24,S005,P0005,57,20,0
2026-02-24,S005,P0006,101,20,0
2026-02-24,S005,P0007,114,20,0
2026-02-24,S005,P0008,29,20,0
2026-02-24,S005,P0009,56,20,0
2026-02-24,S005,P0010,31,20,0
2026-02-25,S001,P0001,37,20,0
2026-02-25,S001,P0002,83,20,0
2026-02-25,S001,P0003,110,20,0
2026-02-25,S001,P0004,106,20,0
2026-02-25,S001,P0005,24,20,0
2026-02-25,S001,P0006,30,20,0
2026-02-25,S001,P0007,106,20,0
2026-02-25,S001,P0008,44,20,0
2026-02-25,S001,P0009,109,20,0
2026-02-25,S001,P0010,42,20,0
2026-02-25,S002,P0001,112,20,0
2026-02-25,S002,P0002,117,20,0
2026-02-25,S002,P0003,65,20,0
2026-02-25,S002,P0004,103,20,0
2026-02-25,S002,P0005,61,20,0
2026-02-25,S002,P0006,37,20,0
2026-02-25,S002,P0007,116,20,0
2026-02-25,S002,P0008,64,20,0
2026-02-25,S002,P0009,56,20,0
2026-02-25,S002,P0010,98,20,0
2026-02-25,S003,P0001,20,20,0
2026-02-25,S003,P0002,97,20,0
2026-02-25,S003,P0003,69,20,0
2026-02-25,S003,P0004,95,20,0
2026-02-25,S003,P0005,47,20,0
2026-02-25,S003,P0006,41,20,0
2026-02-25,S003,P0007,42,20,0
2026-02-25,S003,P0008,60,20,0
2026-02-25,S003,P0009,39,20,0
2026-02-25,S003,P0010,73,20,0
2026-02-25,S004,P0001,114,20,0
2026-02-25,S004,P0002,58,20,0
2026-02-25,S004,P0003,49,20,0
2026-02-25,S004,P0004,119,20,0
2026-02-25,S004,P0005,48,20,0
2026-02-25,S004,P0006,68,20,0
2026-02-25,S004,P0007,111,20,0
2026-02-25,S004,P0008,48,20,0
2026-02-25,S004,P0009,30,20,0
2026-02-25,S004,P0010,103,20,0
2026-02-25,S005,P0001,57,20,0
2026-02-25,S005,P0002,104,20,0
2026-02-25,S005,P0003,76,20,0
2026-02-25,S005,P0004,104,20,0
2026-02-25,S005,P0005,56,20,0
2026-02-25,S005,P0006,101,20,0
2026-02-25,S005,P0007,112,20,0
2026-02-25,S005,P0008,29,20,0
2026-02-25,S005,P0009,56,20,0
2026-02-25,S005,P0010,31,20,0
2026-02-26,S001,P0001,36,20,0
2026-02-26,S001,P0002,80,20,0
2026-02-26,S001,P0003,107,20,0
2026-02-26,S001,P0004,103,20,0
2026-02-26,S001,P0005,20,20,0
2026-02-26,S001,P0006,29,20,0
2026-02-26,S001,P0007,104,20,0
2026-02-26,S001,P0008,41,20,0
2026-02-26,S001,P0009,107,20,0
2026-02-26,S001,P0010,41,20,0
2026-02-26,S002,P0001,110,20,0
2026-02-26,S002,P0002,116,20,0
2026-02-26,S002,P0003,65,20,0
2026-02-26,S002,P0004,101,20,0
2026-02-26,S002,P0005,57,20,0
2026-02-26,S002,P0006,37,20,0
2026-02-26,S002,P0007,115,20,0
2026-02-26,S002,P0008,62,20,0
2026-02-26,S002,P0009,54,20,0
2026-02-26,S002,P0010,97,20,0
2026-02-26,S003,P0001,117,20,0
2026-02-26,S003,P0002,97,20,0
2026-02-26,S003,P0003,67,20,0
2026-02-26,S003,P0004,95,20,0
2026-02-26,S003,P0005,46,20,0
2026-02-26,S003,P0006,40,20,0
2026-02-26,S003,P0007,42,20,0
2026-02-26,S003,P0008,57,20,0
2026-02-26,S003,P0009,39,20,0
2026-02-26,S003,P0010,73,20,0
2026-02-26,S004,P0001,114,20,0
2026-02-26,S004,P0002,55,20,0
2026-02-26,S004,P0003,49,20,0
2026-02-26,S004,P0004,118,20,0
2026-02-26,S004,P0005,46,20,0
2026-02-26,S004,P0006,67,20,0
2026-02-26,S004,P0007,111,20,0
2026-02-26,S004,P0008,48,20,0
2026-02-26,S004,P0009,28,20,0
2026-02-26,S004,P0010,103,20,0
2026-02-26,S005,P0001,56,20,0
2026-02-26,S005,P0002,104,20,0
2026-02-26,S005,P0003,74,20,0
2026-02-26,S005,P0004,104,20,0
2026-02-26,S005,P0005,54,20,0
2026-02-26,S005,P0006,97,20,0
2026-02-26,S005,P0007,110,20,0
2026-02-26,S005,P0008,28,20,0
2026-02-26,S005,P0009,53,20,0
2026-02-26,S005,P0010,30,20,0
2026-02-27,S001,P0001,32,20,0
2026-02-27,S001,P0002,79,20,0
2026-02-27,S001,P0003,106,20,0
2026-02-27,S001,P0004,100,20,0
2026-02-27,S001,P0005,117,20,0
2026-02-27,S001,P0006,28,20,0
2026-02-27,S001,P0007,102,20,0
2026-02-27,S001,P0008,41,20,0
2026-02-27,S001,P0009,106,20,0
2026-02-27,S001,P0010,39,20,0
2026-02-27,S002,P0001,109,20,0
2026-02-27,S002,P0002,115,20,0
2026-02-27,S002,P0003,63,20,0
2026-02-27,S002,P0004,99,20,0
2026-02-27,S002,P0005,55,20,0
2026-02-27,S002,P0006,36,20,0
2026-02-27,S002,P0007,114,20,0
2026-02-27,S002,P0008,59,20,0
2026-02-27,S002,P0009,52,20,0
2026-02-27,S002,P0010,95,20,0
2026-02-27,S003,P0001,115,20,0
2026-02-27,S003,P0002,97,20,0
2026-02-27,S003,P0003,66,20,0
2026-02-27,S003,P0004,94,20,0
2026-02-27,S003,P0005,42,20,0
2026-02-27,S003,P0006,39,20,0
2026-02-27,S003,P0007,42,20,0
2026-02-27,S003,P0008,56,20,0
2026-02-27,S003,P0009,36,20,0
2026-02-27,S003,P0010,71,20,0
2026-02-27,S004,P0001,112,20,0
2026-02-27,S004,P0002,54,20,0
2026-02-27,S004,P0003,44,20,0
2026-02-27,S004,P0004,118,20,0
2026-02-27,S004,P0005,41,20,0
2026-02-27,S004,P0006,67,20,0
2026-02-27,S004,P0007,108,20,0
2026-02-27,S004,P0008,48,20,0
2026-02-27,S004,P0009,26,20,0
2026-02-27,S004,P0010,100,20,0
2026-02-27,S005,P0001,54,20,0
2026-02-27,S005,P0002,103,20,0
2026-02-27,S005,P0003,73,20,0
2026-02-27,S005,P0004,102,20,0
2026-02-27,S005,P0005,53,20,0
2026-02-27,S005,P0006,96,20,0
2026-02-27,S005,P0007,110,20,0
2026-02-27,S005,P0008,27,20,0
2026-02-27,S005,P0009,52,20,0
2026-02-27,S005,P0010,29,20,0
2026-02-28,S001,P0001,31,20,0
2026-02-28,S001,P0002,78,20,0
2026-02-28,S001,P0003,106,20,0
2026-02-28,S001,P0004,97,20,0
2026-02-28,S001,P0005,113,20,0
2026-02-28,S001,P0006,27,20,0
2026-02-28,S001,P0007,99,20,0
2026-02-28,S001,P0008,41,20,0
2026-02-28,S001,P0009,105,20,0
2026-02-28,S001,P0010,38,20,0
2026-02-28,S002,P0001,109,20,0
2026-02-28,S002,P0002,115,20,0
2026-02-28,S002,P0003,63,20,0
2026-02-28,S002,P0004,98,20,0
2026-02-28,S002,P0005,51,20,0
2026-02-28,S002,P0006,36,20,0
2026-02-28,S002,P0007,113,20,0
2026-02-28,S002,P0008,58,20,0
2026-02-28,S002,P0009,51,20,0
2026-02-28,S002,P0010,92,20,0
2026-02-28,S003,P0001,113,20,0
2026-02-28,S003,P0002,97,20,0
2026-02-28,S003,P0003,63,20,0
2026-02-28,S003,P0004,94,20,0
2026-02-28,S003,P0005,42,20,0
2026-02-28,S003,P0006,39,20,0
2026-02-28,S003,P0007,42,20,0
2026-02-28,S003,P0008,55,20,0
2026-02-28,S003,P0009,34,20,0
2026-02-28,S003,P0010,70,20,0
2026-02-28,S004,P0001,111,20,0
2026-02-28,S004,P0002,53,20,0
2026-02-28,S004,P0003,44,20,0
2026-02-28,S004,P0004,116,20,0
2026-02-28,S004,P0005,39,20,0
2026-02-28,S004,P0006,67,20,0
2026-02-28,S004,P0007,104,20,0
2026-02-28,S004,P0008,47,20,0
2026-02-28,S004,P0009,20,20,0
2026-02-28,S004,P0010,99,20,0
2026-02-28,S005,P0001,52,20,0
2026-02-28,S005,P0002,102,20,0
2026-02-28,S005,P0003,70,20,0
2026-02-28,S005,P0004,99,20,0
2026-02-28,S005,P0005,52,20,0
2026-02-28,S005,P0006,95,20,0
2026-02-28,S005,P0007,108,20,0
2026-02-28,S005,P0008,27,20,0
2026-02-28,S005,P0009,51,20,0
2026-02-28,S005,P0010,27,20,0
2026-03-01,S001,P0001,29,20,0
2026-03-01,S001,P0002,73,20,0
2026-03-01,S001,P0003,106,20,0
2026-03-01,S001,P0004,97,20,0
2026-03-01,S001,P0005,111,20,0
2026-03-01,S001,P0006,26,20,0
2026-03-01,S001,P0007,97,20,0
2026-03-01,S001,P0008,40,20,0
2026-03-01,S001,P0009,103,20,0
2026-03-01,S001,P0010,37,20,0
2026-03-01,S002,P0001,108,20,0
2026-03-01,S002,P0002,112,20,0
2026-03-01,S002,P0003,62,20,0
2026-03-01,S002,P0004,97,20,0
2026-03-01,S002,P0005,45,20,0
2026-03-01,S002,P0006,36,20,0
2026-03-01,S002,P0007,113,20,0
2026-03-01,S002,P0008,56,20,0
2026-03-01,S002,P0009,50,20,0
2026-03-01,S002,P0010,91,20,0
2026-03-01,S003,P0001,110,20,0
2026-03-01,S003,P0002,92,20,0
2026-03-01,S003,P0003,60,20,0
2026-03-01,S003,P0004,94,20,0
2026-03-01,S003,P0005,40,20,0
2026-03-01,S003,P0006,39,20,0
2026-03-01,S003,P0007,41,20,0
2026-03-01,S003,P0008,51,20,0
2026-03-01,S003,P0009,31,20,0
2026-03-01,S003,P0010,68,20,0
2026-03-01,S004,P0001,107,20,0
2026-03-01,S004,P0002,52,20,0
2026-03-01,S004,P0003,43,20,0
2026-03-01,S004,P0004,114,20,0
2026-03-01,S004,P0005,35,20,0
2026-03-01,S004,P0006,65,20,0
2026-03-01,S004,P0007,103,20,0
2026-03-01,S004,P0008,47,20,0
2026-03-01,S004,P0009,20,20,0
2026-03-01,S004,P0010,98,20,0
2026-03-01,S005,P0001,51,20,0
2026-03-01,S005,P0002,99,20,0
2026-03-01,S005,P0003,69,20,0
2026-03-01,S005,P0004,99,20,0
2026-03-01,S005,P0005,50,20,0
2026-03-01,S005,P0006,93,20,0
2026-03-01,S005,P0007,106,20,0
2026-03-01,S005,P0008,27,20,0
2026-03-01,S005,P0009,47,20,0
2026-03-01,S005,P0010,25,20,0
2026-03-02,S001,P0001,26,20,0
2026-03-02,S001,P0002,71,20,0
2026-03-02,S001,P0003,104,20,0
2026-03-02,S001,P0004,95,20,0
2026-03-02,S001,P0005,111,20,0
2026-03-02,S001,P0006,26,20,0
2026-03-02,S001,P0007,97,20,0
2026-03-02,S001,P0008,39,20,0
2026-03-02,S001,P0009,100,20,0
2026-03-02,S001,P0010,37,20,0
2026-03-02,S002,P0001,106,20,0
2026-03-02,S002,P0002,112,20,0
2026-03-02,S002,P0003,62,20,0
2026-03-02,S002,P0004,97,20,0
2026-03-02,S002,P0005,44,20,0
2026-03-02,S002,P0006,35,20,0
2026-03-02,S002,P0007,112,20,0
2026-03-02,S002,P0008,56,20,0
2026-03-02,S002,P0009,48,20,0
2026-03-02,S002,P0010,90,20,0
2026-03-02,S003,P0001,110,20,0
2026-03-02,S003,P0002,90,20,0
2026-03-02,S003,P0003,60,20,0
2026-03-02,S003,P0004,94,20,0
2026-03-02,S003,P0005,39,20,0
2026-03-02,S003,P0006,37,20,0
2026-03-02,S003,P0007,41,20,0
2026-03-02,S003,P0008,50,20,0
2026-03-02,S003,P0009,29,20,0
2026-03-02,S003,P0010,68,20,0
2026-03-02,S004,P0001,106,20,0
2026-03-02,S004,P0002,51,20,0
2026-03-02,S004,P0003,43,20,0
2026-03-02,S004,P0004,114,20,0
2026-03-02,S004,P0005,30,20,0
2026-03-02,S004,P0006,65,20,0
2026-03-02,S004,P0007,102,20,0
2026-03-02,S004,P0008,45,20,0
2026-03-02,S004,P0009,118,20,0
2026-03-02,S004,P0010,98,20,0
2026-03-02,S005,P0001,50,20,0
2026-03-02,S005,P0002,94,20,0
2026-03-02,S005,P0003,67,20,0
2026-03-02,S005,P0004,98,20,0
2026-03-02,S005,P0005,46,20,0
2026-03-02,S005,P0006,92,20,0
2026-03-02,S005,P0007,106,20,0
2026-03-02,S005,P0008,27,20,0
2026-03-02,S005,P0009,44,20,0
2026-03-02,S005,P0010,24,20,0
2026-03-03,S001,P0001,26,20,0
2026-03-03,S001,P0002,70,20,0
2026-03-03,S001,P0003,102,20,0
2026-03-03,S001,P0004,91,20,0
2026-03-03,S001,P0005,108,20,0
2026-03-03,S001,P0006,25,20,0
2026-03-03,S001,P0007,95,20,0
2026-03-03,S001,P0008,37,20,0
2026-03-03,S001,P0009,96,20,0
2026-03-03,S001,P0010,37,20,0
2026-03-03,S002,P0001,104,20,0
2026-03-03,S002,P0002,112,20,0
2026-03-03,S002,P0003,61,20,0
2026-03-03,S002,P0004,97,20,0
2026-03-03,S002,P0005,44,20,0
2026-03-03,S002,P0006,35,20,0
2026-03-03,S002,P0007,112,20,0
2026-03-03,S002,P0008,55,20,0
2026-03-03,S002,P0009,47,20,0
2026-03-03,S002,P0010,88,20,0
2026-03-03,S003,P0001,109,20,0
2026-03-03,S003,P0002,89,20,0
2026-03-03,S003,P0003,56,20,0
2026-03-03,S003,P0004,93,20,0
2026-03-03,S003,P0005,36,20,0
2026-03-03,S003,P0006,37,20,0
2026-03-03,S003,P0007,39,20,0
2026-03-03,S003,P0008,50,20,0
2026-03-03,S003,P0009,29,20,0
2026-03-03,S003,P0010,64,20,0
2026-03-03,S004,P0001,105,20,0
2026-03-03,S004,P0002,49,20,0
2026-03-03,S004,P0003,43,20,0
2026-03-03,S004,P0004,114,20,0
2026-03-03,S004,P0005,29,20,0
2026-03-03,S004,P0006,64,20,0
2026-03-03,S004,P0007,99,20,0
2026-03-03,S004,P0008,44,20,0
2026-03-03,S004,P0009,117,20,0
2026-03-03,S004,P0010,98,20,0
2026-03-03,S005,P0001,48,20,0
2026-03-03,S005,P0002,93,20,0
2026-03-03,S005,P0003,67,20,0
2026-03-03,S005,P0004,96,20,0
2026-03-03,S005,P0005,42,20,0
2026-03-03,S005,P0006,92,20,0
2026-03-03,S005,P0007,106,20,0
2026-03-03,S005,P0008,27,20,0
2026-03-03,S005,P0009,42,20,0
2026-03-03,S005,P0010,23,20,0
2026-03-04,S001,P0001,26,20,0
2026-03-04,S001,P0002,69,20,0
2026-03-04,S001,P0003,101,20,0
2026-03-04,S001,P0004,91,20,0
2026-03-04,S001,P0005,104,20,0
2026-03-04,S001,P0006,25,20,0
2026-03-04,S001,P0007,92,20,0
2026-03-04,S001,P0008,37,20,0
2026-03-04,S001,P0009,94,20,0
2026-03-04,S001,P0010,36,20,0
2026-03-04,S002,P0001,104,20,0
2026-03-04,S002,P0002,110,20,0
2026-03-04,S002,P0003,59,20,0
2026-03-04,S002,P0004,96,20,0
2026-03-04,S002,P0005,42,20,0
2026-03-04,S002,P0006,35,20,0
2026-03-04,S002,P0007,112,20,0
2026-03-04,S002,P0008,54,20,0
2026-03-04,S002,P0009,45,20,0
2026-03-04,S002,P0010,86,20,0
2026-03-04,S003,P0001,107,20,0
2026-03-04,S003,P0002,89,20,0
2026-03-04,S003,P0003,53,20,0
2026-03-04,S003,P0004,92,20,0
2026-03-04,S003,P0005,36,20,0
2026-03-04,S003,P0006,36,20,0
2026-03-04,S003,P0007,38,20,0
2026-03-04,S003,P0008,50,20,0
2026-03-04,S003,P0009,27,20,0
2026-03-04,S003,P0010,61,20,0
2026-03-04,S004,P0001,104,20,0
2026-03-04,S004,P0002,46,20,0
2026-03-04,S004,P0003,42,20,0
2026-03-04,S004,P0004,113,20,0
2026-03-04,S004,P0005,28,20,0
2026-03-04,S004,P0006,64,20,0
2026-03-04,S004,P0007,97,20,0
2026-03-04,S004,P0008,42,20,0
2026-03-04,S004,P0009,112,20,0
2026-03-04,S004,P0010,96,20,0
2026-03-04,S005,P0001,47,20,0
2026-03-04,S005,P0002,92,20,0
2026-03-04,S005,P0003,65,20,0
2026-03-04,S005,P0004,95,20,0
2026-03-04,S005,P0005,37,20,0
2026-03-04,S005,P0006,91,20,0
2026-03-04,S005,P0007,106,20,0
2026-03-04,S005,P0008,24,20,0
2026-03-04,S005,P0009,42,20,0
2026-03-04,S005,P0010,21,20,0
2026-03-05,S001,P0001,25,20,0
2026-03-05,S001,P0002,68,20,0
2026-03-05,S001,P0003,100,20,0
2026-03-05,S001,P0004,88,20,0
2026-03-05,S001,P0005,103,20,0
2026-03-05,S001,P0006,24,20,0
2026-03-05,S001,P0007,92,20,0
2026-03-05,S001,P0008,35,20,0
2026-03-05,S001,P0009,94,20,0
2026-03-05,S001,P0010,33,20,0
2026-03-05,S002,P0001,102,20,0
2026-03-05,S002,P0002,108,20,0
2026-03-05,S002,P0003,56,20,0
2026-03-05,S002,P0004,96,20,0
2026-03-05,S002,P0005,41,20,0
2026-03-05,S002,P0006,34,20,0
2026-03-05,S002,P0007,112,20,0
2026-03-05,S002,P0008,53,20,0
2026-03-05,S002,P0009,43,20,0
2026-03-05,S002,P0010,84,20,0
2026-03-05,S003,P0001,105,20,0
2026-03-05,S003,P0002,85,20,0
2026-03-05,S003,P0003,53,20,0
2026-03-05,S003,P0004,91,20,0
2026-03-05,S003,P0005,32,20,0
2026-03-05,S003,P0006,36,20,0
2026-03-05,S003,P0007,36,20,0
2026-03-05,S003,P0008,49,20,0
2026-03-05,S003,P0009,25,20,0
2026-03-05,S003,P0010,61,20,0
2026-03-05,S004,P0001,103,20,0
2026-03-05,S004,P0002,45,20,0
2026-03-05,S004,P0003,41,20,0
2026-03-05,S004,P0004,112,20,0
2026-03-05,S004,P0005,26,20,0
2026-03-05,S004,P0006,64,20,0
2026-03-05,S004,P0007,97,20,0
2026-03-05,S004,P0008,40,20,0
2026-03-05,S004,P0009,112,20,0
2026-03-05,S004,P0010,94,20,0
2026-03-05,S005,P0001,45,20,0
2026-03-05,S005,P0002,90,20,0
2026-03-05,S005,P0003,65,20,0
2026-03-05,S005,P0004,95,20,0
2026-03-05,S005,P0005,31,20,0
2026-03-05,S005,P0006,91,20,0
2026-03-05,S005,P0007,105,20,0
2026-03-05,S005,P0008,24,20,0
2026-03-05,S005,P0009,42,20,0
2026-03-05,S005,P0010,20,20,0
2026-03-06,S001,P0001,24,20,0
2026-03-06,S001,P0002,67,20,0
2026-03-06,S001,P0003,99,20,0
2026-03-06,S001,P0004,88,20,0
2026-03-06,S001,P0005,102,20,0
2026-03-06,S001,P0006,23,20,0
2026-03-06,S001,P0007,91,20,0
2026-03-06,S001,P0008,34,20,0
2026-03-06,S001,P0009,91,20,0
2026-03-06,S001,P0010,33,20,0
2026-03-06,S002,P0001,101,20,0
2026-03-06,S002,P0002,106,20,0
2026-03-06,S002,P0003,54,20,0
2026-03-06,S002,P0004,95,20,0
2026-03-06,S002,P0005,39,20,0
2026-03-06,S002,P0006,34,20,0
2026-03-06,S002,P0007,111,20,0
2026-03-06,S002,P0008,53,20,0
2026-03-06,S002,P0009,40,20,0
2026-03-06,S002,P0010,83,20,0
2026-03-06,S003,P0001,102,20,0
2026-03-06,S003,P0002,85,20,0
2026-03-06,S003,P0003,51,20,0
2026-03-06,S003,P0004,91,20,0
2026-03-06,S003,P0005,27,20,0
2026-03-06,S003,P0006,36,20,0
2026-03-06,S003,P0007,36,20,0
2026-03-06,S003,P0008,49,20,0
2026-03-06,S003,P0009,24,20,0
2026-03-06,S003,P0010,60,20,0
2026-03-06,S004,P0001,101,20,0
2026-03-06,S004,P0002,44,20,0
2026-03-06,S004,P0003,40,20,0
2026-03-06,S004,P0004,111,20,0
2026-03-06,S004,P0005,24,20,0
2026-03-06,S004,P0006,63,20,0
2026-03-06,S004,P0007,95,20,0
2026-03-06,S004,P0008,39,20,0
2026-03-06,S004,P0009,110,20,0
2026-03-06,S004,P0010,94,20,0
2026-03-06,S005,P0001,44,20,0
2026-03-06,S005,P0002,89,20,0
2026-03-06,S005,P0003,65,20,0
2026-03-06,S005,P0004,94,20,0
2026-03-06,S005,P0005,28,20,0
2026-03-06,S005,P0006,90,20,0
2026-03-06,S005,P0007,105,20,0
2026-03-06,S005,P0008,24,20,0
2026-03-06,S005,P0009,39,20,0
2026-03-06,S005,P0010,117,20,0
2026-03-07,S001,P0001,23,20,0
2026-03-07,S001,P0002,66,20,0
2026-03-07,S001,P0003,98,20,0
2026-03-07,S001,P0004,88,20,0
2026-03-07,S001,P0005,99,20,0
2026-03-07,S001,P0006,22,20,0
2026-03-07,S001,P0007,91,20,0
2026-03-07,S001,P0008,34,20,0
2026-03-07,S001,P0009,90,20,0
2026-03-07,S001,P0010,32,20,0
2026-03-07,S002,P0001,99,20,0
2026-03-07,S002,P0002,106,20,0
2026-03-07,S002,P0003,53,20,0
2026-03-07,S002,P0004,95,20,0
2026-03-07,S002,P0005,39,20,0
2026-03-07,S002,P0006,33,20,0
2026-03-07,S002,P0007,109,20,0
2026-03-07,S002,P0008,52,20,0
2026-03-07,S002,P0009,40,20,0
2026-03-07,S002,P0010,81,20,0
2026-03-07,S003,P0001,102,20,0
2026-03-07,S003,P0002,85,20,0
2026-03-07,S003,P0003,49,20,0
2026-03-07,S003,P0004,89,20,0
2026-03-07,S003,P0005,25,20,0
2026-03-07,S003,P0006,36,20,0
2026-03-07,S003,P0007,36,20,0
2026-03-07,S003,P0008,49,20,0
2026-03-07,S003,P0009,23,20,0
2026-03-07,S003,P0010,58,20,0
2026-03-07,S004,P0001,100,20,0
2026-03-07,S004,P0002,42,20,0
2026-03-07,S004,P0003,37,20,0
2026-03-07,S004,P0004,111,20,0
2026-03-07,S004,P0005,23,20,0
2026-03-07,S004,P0006,63,20,0
2026-03-07,S004,P0007,92,20,0
2026-03-07,S004,P0008,38,20,0
2026-03-07,S004,P0009,105,20,0
2026-03-07,S004,P0010,94,20,0
2026-03-07,S005,P0001,44,20,0
2026-03-07,S005,P0002,88,20,0
2026-03-07,S005,P0003,63,20,0
2026-03-07,S005,P0004,93,20,0
2026-03-07,S005,P0005,24,20,0
2026-03-07,S005,P0006,90,20,0
2026-03-07,S005,P0007,103,20,0
2026-03-07,S005,P0008,20,20,0
2026-03-07,S005,P0009,36,20,0
2026-03-07,S005,P0010,115,20,0
2026-03-08,S001,P0001,21,20,0
2026-03-08,S001,P0002,65,20,0
2026-03-08,S001,P0003,94,20,0
2026-03-08,S001,P0004,88,20,0
2026-03-08,S001,P0005,98,20,0
2026-03-08,S001,P0006,21,20,0
2026-03-08,S001,P0007,91,20,0
2026-03-08,S001,P0008,33,20,0
2026-03-08,S001,P0009,89,20,0
2026-03-08,S001,P0010,32,20,0
2026-03-08,S002,P0001,98,20,0
2026-03-08,S002,P0002,104,20,0
2026-03-08,S002,P0003,51,20,0
2026-03-08,S002,P0004,93,20,0
2026-03-08,S002,P0005,39,20,0
2026-03-08,S002,P0006,32,20,0
2026-03-08,S002,P0007,108,20,0
2026-03-08,S002,P0008,49,20,0
2026-03-08,S002,P0009,38,20,0
2026-03-08,S002,P0010,77,20,0
2026-03-08,S003,P0001,101,20,0
2026-03-08,S003,P0002,83,20,0
2026-03-08,S003,P0003,49,20,0
2026-03-08,S003,P0004,86,20,0
2026-03-08,S003,P0005,22,20,0
2026-03-08,S003,P0006,35,20,0
2026-03-08,S003,P0007,36,20,0
2026-03-08,S003,P0008,47,20,0
2026-03-08,S003,P0009,119,20,0
2026-03-08,S003,P0010,57,20,0
2026-03-08,S004,P0001,98,20,0
2026-03-08,S004,P0002,41,20,0
2026-03-08,S004,P0003,37,20,0
2026-03-08,S004,P0004,108,20,0
2026-03-08,S004,P0005,22,20,0
2026-03-08,S004,P0006,63,20,0
2026-03-08,S004,P0007,92,20,0
2026-03-08,S004,P0008,36,20,0
2026-03-08,S004,P0009,105,20,0
2026-03-08,S004,P0010,94,20,0
2026-03-08,S005,P0001,41,20,0
2026-03-08,S005,P0002,87,20,0
2026-03-08,S005,P0003,62,20,0
2026-03-08,S005,P0004,90,20,0
2026-03-08,S005,P0005,21,20,0
2026-03-08,S005,P0006,88,20,0
2026-03-08,S005,P0007,102,20,0
2026-03-08,S005,P0008,20,20,0
2026-03-08,S005,P0009,34,20,0
2026-03-08,S005,P0010,113,20,0
2026-03-09,S001,P0001,118,20,0
2026-03-09,S001,P0002,63,20,0
2026-03-09,S001,P0003,92,20,0
2026-03-09,S001,P0004,86,20,0
2026-03-09,S001,P0005,96,20,0
2026-03-09,S001,P0006,21,20,0
2026-03-09,S001,P0007,90,20,0
2026-03-09,S001,P0008,31,20,0
2026-03-09,S001,P0009,87,20,0
2026-03-09,S001,P0010,31,20,0
2026-03-09,S002,P0001,98,20,0
2026-03-09,S002,P0002,102,20,0
2026-03-09,S002,P0003,50,20,0
2026-03-09,S002,P0004,93,20,0
2026-03-09,S002,P0005,38,20,0
2026-03-09,S002,P0006,32,20,0
2026-03-09,S002,P0007,108,20,0
2026-03-09,S002,P0008,46,20,0
2026-03-09,S002,P0009,36,20,0
2026-03-09,S002,P0010,74,20,0
2026-03-09,S003,P0001,100,20,0
2026-03-09,S003,P0002,83,20,0
2026-03-09,S003,P0003,48,20,0
2026-03-09,S003,P0004,86,20,0
2026-03-09,S003,P0005,22,20,0
2026-03-09,S003,P0006,34,20,0
2026-03-09,S003,P0007,33,20,0
2026-03-09,S003,P0008,46,20,0
2026-03-09,S003,P0009,118,20,0
2026-03-09,S003,P0010,57,20,0
2026-03-09,S004,P0001,98,20,0
2026-03-09,S004,P0002,39,20,0
2026-03-09,S004,P0003,37,20,0
2026-03-09,S004,P0004,107,20,0
2026-03-09,S004,P0005,22,20,0
2026-03-09,S004,P0006,62,20,0
2026-03-09,S004,P0007,91,20,0
2026-03-09,S004,P0008,35,20,0
2026-03-09,S004,P0009,102,20,0
2026-03-09,S004,P0010,91,20,0
2026-03-09,S005,P0001,40,20,0
2026-03-09,S005,P0002,85,20,0
2026-03-09,S005,P0003,61,20,0
2026-03-09,S005,P0004,88,20,0
2026-03-09,S005,P0005,118,20,0
2026-03-09,S005,P0006,86,20,0
2026-03-09,S005,P0007,101,20,0
2026-03-09,S005,P0008,119,20,0
2026-03-09,S005,P0009,32,20,0
2026-03-09,S005,P0010,111,20,0
2026-03-10,S001,P0001,115,20,0
2026-03-10,S001,P0002,62,20,0
2026-03-10,S001,P0003,92,20,0
2026-03-10,S001,P0004,83,20,0
2026-03-10,S001,P0005,91,20,0
2026-03-10,S001,P0006,20,20,0
2026-03-10,S001,P0007,90,20,0
2026-03-10,S001,P0008,29,20,0
2026-03-10,S001,P0009,85,20,0
2026-03-10,S001,P0010,28,20,0
2026-03-10,S002,P0001,98,20,0
2026-03-10,S002,P0002,98,20,0
2026-03-10,S002,P0003,49,20,0
2026-03-10,S002,P0004,91,20,0
2026-03-10,S002,P0005,35,20,0
2026-03-10,S002,P0006,31,20,0
2026-03-10,S002,P0007,105,20,0
2026-03-10,S002,P0008,44,20,0
2026-03-10,S002,P0009,31,20,0
2026-03-10,S002,P0010,73,20,0
2026-03-10,S003,P0001,100,20,0
2026-03-10,S003,P0002,82,20,0
2026-03-10,S003,P0003,48,20,0
2026-03-10,S003,P0004,85,20,0
2026-03-10,S003,P0005,20,20,0
2026-03-10,S003,P0006,33,20,0
2026-03-10,S003,P0007,30,20,0
2026-03-10,S003,P0008,45,20,0
2026-03-10,S003,P0009,117,20,0
2026-03-10,S003,P0010,57,20,0
2026-03-10,S004,P0001,97,20,0
2026-03-10,S004,P0002,37,20,0
2026-03-10,S004,P0003,37,20,0
2026-03-10,S004,P0004,107,20,0
2026-03-10,S004,P0005,20,20,0
2026-03-10,S004,P0006,62,20,0
2026-03-10,S004,P0007,91,20,0
2026-03-10,S004,P0008,32,20,0
2026-03-10,S004,P0009,100,20,0
2026-03-10,S004,P0010,90,20,0
2026-03-10,S005,P0001,39,20,0
2026-03-10,S005,P0002,84,20,0
2026-03-10,S005,P0003,60,20,0
2026-03-10,S005,P0004,88,20,0
2026-03-10,S005,P0005,115,20,0
2026-03-10,S005,P0006,85,20,0
2026-03-10,S005,P0007,99,20,0
2026-03-10,S005,P0008,117,20,0
2026-03-10,S005,P0009,30,20,0
2026-03-10,S005,P0010,111,20,0
2026-03-11,S001,P0001,114,20,0
2026-03-11,S001,P0002,59,20,0
2026-03-11,S001,P0003,92,20,0
2026-03-11,S001,P0004,82,20,0
2026-03-11,S001,P0005,88,20,0
2026-03-11,S001,P0006,20,20,0
2026-03-11,S001,P0007,89,20,0
2026-03-11,S001,P0008,29,20,0
2026-03-11,S001,P0009,84,20,0
2026-03-11,S001,P0010,25,20,0
2026-03-11,S002,P0001,95,20,0
2026-03-11,S002,P0002,96,20,0
2026-03-11,S002,P0003,48,20,0
2026-03-11,S002,P0004,91,20,0
2026-03-11,S002,P0005,34,20,0
2026-03-11,S002,P0006,30,20,0
2026-03-11,S002,P0007,104,20,0
2026-03-11,S002,P0008,41,20,0
2026-03-11,S002,P0009,29,20,0
2026-03-11,S002,P0010,72,20,0
2026-03-11,S003,P0001,98,20,0
2026-03-11,S003,P0002,79,20,0
2026-03-11,S003,P0003,45,20,0
2026-03-11,S003,P0004,83,20,0
2026-03-11,S003,P0005,118,20,0
2026-03-11,S003,P0006,32,20,0
2026-03-11,S003,P0007,30,20,0
2026-03-11,S003,P0008,43,20,0
2026-03-11,S003,P0009,116,20,0
2026-03-11,S003,P0010,56,20,0
2026-03-11,S004,P0001,96,20,0
2026-03-11,S004,P0002,35,20,0
2026-03-11,S004,P0003,36,20,0
2026-03-11,S004,P0004,105,20,0
2026-03-11,S004,P0005,116,20,0
2026-03-11,S004,P0006,61,20,0
2026-03-11,S004,P0007,90,20,0
2026-03-11,S004,P0008,29,20,0
2026-03-11,S004,P0009,97,20,0
2026-03-11,S004,P0010,90,20,0
2026-03-11,S005,P0001,37,20,0
2026-03-11,S005,P0002,82,20,0
2026-03-11,S005,P0003,59,20,0
2026-03-11,S005,P0004,88,20,0
2026-03-11,S005,P0005,111,20,0
2026-03-11,S005,P0006,85,20,0
2026-03-11,S005,P0007,98,20,0
2026-03-11,S005,P0008,115,20,0
2026-03-11,S005,P0009,27,20,0
2026-03-11,S005,P0010,111,20,0
2026-03-12,S001,P0001,114,20,0
2026-03-12,S001,P0002,57,20,0
2026-03-12,S001,P0003,91,20,0
2026-03-12,S001,P0004,81,20,0
2026-03-12,S001,P0005,84,20,0
2026-03-12,S001,P0006,20,20,0
2026-03-12,S001,P0007,89,20,0
2026-03-12,S001,P0008,28,20,0
2026-03-12,S001,P0009,83,20,0
2026-03-12,S001,P0010,25,20,0
2026-03-12,S002,P0001,94,20,0
2026-03-12,S002,P0002,95,20,0
2026-03-12,S002,P0003,46,20,0
2026-03-12,S002,P0004,90,20,0
2026-03-12,S002,P0005,31,20,0
2026-03-12,S002,P0006,30,20,0
2026-03-12,S002,P0007,103,20,0
2026-03-12,S002,P0008,39,20,0
2026-03-12,S002,P0009,29,20,0
2026-03-12,S002,P0010,72,20,0
2026-03-12,S003,P0001,97,20,0
2026-03-12,S003,P0002,78,20,0
2026-03-12,S003,P0003,44,20,0
2026-03-12,S003,P0004,83,20,0
2026-03-12,S003,P0005,118,20,0
2026-03-12,S003,P0006,32,20,0
2026-03-12,S003,P0007,24,20,0
2026-03-12,S003,P0008,40,20,0
2026-03-12,S003,P0009,116,20,0
2026-03-12,S003,P0010,55,20,0
2026-03-12,S004,P0001,95,20,0
2026-03-12,S004,P0002,34,20,0
2026-03-12,S004,P0003,36,20,0
2026-03-12,S004,P0004,105,20,0
2026-03-12,S004,P0005,112,20,0
2026-03-12,S004,P0006,61,20,0
2026-03-12,S004,P0007,89,20,0
2026-03-12,S004,P0008,28,20,0
2026-03-12,S004,P0009,96,20,0
2026-03-12,S004,P0010,89,20,0
2026-03-12,S005,P0001,37,20,0
2026-03-12,S005,P0002,78,20,0
2026-03-12,S005,P0003,57,20,0
2026-03-12,S005,P0004,87,20,0
2026-03-12,S005,P0005,108,20,0
2026-03-12,S005,P0006,85,20,0
2026-03-12,S005,P0007,98,20,0
2026-03-12,S005,P0008,113,20,0
2026-03-12,S005,P0009,26,20,0
2026-03-12,S005,P0010,110,20,0
2026-03-13,S001,P0001,113,20,0
2026-03-13,S001,P0002,56,20,0
2026-03-13,S001,P0003,90,20,0
2026-03-13,S001,P0004,81,20,0
2026-03-13,S001,P0005,84,20,0
2026-03-13,S001,P0006,119,20,0
2026-03-13,S001,P0007,88,20,0
2026-03-13,S001,P0008,27,20,0
2026-03-13,S001,P0009,79,20,0
2026-03-13,S001,P0010,24,20,0
2026-03-13,S002,P0001,90,20,0
2026-03-13,S002,P0002,93,20,0
2026-03-13,S002,P0003,44,20,0
2026-03-13,S002,P0004,90,20,0
2026-03-13,S002,P0005,27,20,0
2026-03-13,S002,P0006,29,20,0
2026-03-13,S002,P0007,102,20,0
2026-03-13,S002,P0008,38,20,0
2026-03-13,S002,P0009,28,20,0
2026-03-13,S002,P0010,71,20,0
2026-03-13,S003,P0001,96,20,0
2026-03-13,S003,P0002,77,20,0
2026-03-13,S003,P0003,43,20,0
2026-03-13,S003,P0004,82,20,0
2026-03-13,S003,P0005,116,20,0
2026-03-13,S003,P0006,32,20,0
2026-03-13,S003,P0007,22,20,0
2026-03-13,S003,P0008,40,20,0
2026-03-13,S003,P0009,115,20,0
2026-03-13,S003,P0010,54,20,0
2026-03-13,S004,P0001,92,20,0
2026-03-13,S004,P0002,33,20,0
2026-03-13,S004,P0003,33,20,0
2026-03-13,S004,P0004,104,20,0
2026-03-13,S004,P0005,111,20,0
2026-03-13,S004,P0006,59,20,0
2026-03-13,S004,P0007,87,20,0
2026-03-13,S004,P0008,26,20,0
2026-03-13,S004,P0009,96,20,0
2026-03-13,S004,P0010,88,20,0
2026-03-13,S005,P0001,36,20,0
2026-03-13,S005,P0002,78,20,0
2026-03-13,S005,P0003,56,20,0
2026-03-13,S005,P0004,87,20,0
2026-03-13,S005,P0005,106,20,0
2026-03-13,S005,P0006,85,20,0
2026-03-13,S005,P0007,98,20,0
2026-03-13,S005,P0008,113,20,0
2026-03-13,S005,P0009,25,20,0
2026-03-13,S005,P0010,108,20,0
2026-03-14,S001,P0001,112,20,0
2026-03-14,S001,P0002,54,20,0
2026-03-14,S001,P0003,90,20,0
2026-03-14,S001,P0004,80,20,0
2026-03-14,S001,P0005,84,20,0
2026-03-14,S001,P0006,119,20,0
2026-03-14,S001,P0007,87,20,0
2026-03-14,S001,P0008,23,20,0
2026-03-14,S001,P0009,76,20,0
2026-03-14,S001,P0010,23,20,0
2026-03-14,S002,P0001,90,20,0
2026-03-14,S002,P0002,91,20,0
2026-03-14,S002,P0003,43,20,0
2026-03-14,S002,P0004,89,20,0
2026-03-14,S002,P0005,26,20,0
2026-03-14,S002,P0006,29,20,0
2026-03-14,S002,P0007,101,20,0
2026-03-14,S002,P0008,38,20,0
2026-03-14,S002,P0009,24,20,0
2026-03-14,S002,P0010,69,20,0
2026-03-14,S003,P0001,94,20,0
2026-03-14,S003,P0002,75,20,0
2026-03-14,S003,P0003,39,20,0
2026-03-14,S003,P0004,81,20,0
2026-03-14,S003,P0005,115,20,0
2026-03-14,S003,P0006,31,20,0
2026-03-14,S003,P0007,21,20,0
2026-03-14,S003,P0008,39,20,0
2026-03-14,S003,P0009,111,20,0
2026-03-14,S003,P0010,53,20,0
2026-03-14,S004,P0001,91,20,0
2026-03-14,S004,P0002,31,20,0
2026-03-14,S004,P0003,32,20,0
2026-03-14,S004,P0004,102,20,0
2026-03-14,S004,P0005,110,20,0
2026-03-14,S004,P0006,59,20,0
2026-03-14,S004,P0007,87,20,0
2026-03-14,S004,P0008,26,20,0
2026-03-14,S004,P0009,92,20,0
2026-03-14,S004,P0010,87,20,0
2026-03-14,S005,P0001,34,20,0
2026-03-14,S005,P0002,75,20,0
2026-03-14,S005,P0003,56,20,0
2026-03-14,S005,P0004,86,20,0
2026-03-14,S005,P0005,103,20,0
2026-03-14,S005,P0006,84,20,0
2026-03-14,S005,P0007,98,20,0
2026-03-14,S005,P0008,113,20,0
2026-03-14,S005,P0009,24,20,0
2026-03-14,S005,P0010,106,20,0
2026-03-15,S001,P0001,110,20,0
2026-03-15,S001,P0002,51,20,0
2026-03-15,S001,P0003,88,20,0
2026-03-15,S001,P0004,79,20,0
2026-03-15,S001,P0005,82,20,0
2026-03-15,S001,P0006,119,20,0
2026-03-15,S001,P0007,87,20,0
2026-03-15,S001,P0008,22,20,0
2026-03-15,S001,P0009,73,20,0
2026-03-15,S001,P0010,119,20,0
2026-03-15,S002,P0001,87,20,0
2026-03-15,S002,P0002,89,20,0
2026-03-15,S002,P0003,43,20,0
2026-03-15,S002,P0004,88,20,0
2026-03-15,S002,P0005,23,20,0
2026-03-15,S002,P0006,29,20,0
2026-03-15,S002,P0007,101,20,0
2026-03-15,S002,P0008,37,20,0
2026-03-15,S002,P0009,22,20,0
2026-03-15,S002,P0010,66,20,0
2026-03-15,S003,P0001,93,20,0
2026-03-15,S003,P0002,72,20,0
2026-03-15,S003,P0003,36,20,0
2026-03-15,S003,P0004,81,20,0
2026-03-15,S003,P0005,112,20,0
2026-03-15,S003,P0006,30,20,0
2026-03-15,S003,P0007,21,20,0
2026-03-15,S003,P0008,38,20,0
2026-03-15,S003,P0009,107,20,0
2026-03-15,S003,P0010,51,20,0
2026-03-15,S004,P0001,90,20,0
2026-03-15,S004,P0002,30,20,0
2026-03-15,S004,P0003,32,20,0
2026-03-15,S004,P0004,102,20,0
2026-03-15,S004,P0005,107,20,0
2026-03-15,S004,P0006,59,20,0
2026-03-15,S004,P0007,86,20,0
2026-03-15,S004,P0008,26,20,0
2026-03-15,S004,P0009,90,20,0
2026-03-15,S004,P0010,86,20,0
2026-03-15,S005,P0001,34,20,0
2026-03-15,S005,P0002,74,20,0
2026-03-15,S005,P0003,54,20,0
2026-03-15,S005,P0004,85,20,0
2026-03-15,S005,P0005,98,20,0
2026-03-15,S005,P0006,83,20,0
2026-03-15,S005,P0007,95,20,0
2026-03-15,S005,P0008,110,20,0
2026-03-15,S005,P0009,24,20,0
2026-03-15,S005,P0010,103,20,0
2026-03-16,S001,P0001,109,20,0
2026-03-16,S001,P0002,48,20,0
2026-03-16,S001,P0003,85,20,0
2026-03-16,S001,P0004,78,20,0
2026-03-16,S001,P0005,79,20,0
2026-03-16,S001,P0006,118,20,0
2026-03-16,S001,P0007,86,20,0
2026-03-16,S001,P0008,119,20,0
2026-03-16,S001,P0009,71,20,0
2026-03-16,S001,P0010,118,20,0
2026-03-16,S002,P0001,86,20,0
2026-03-16,S002,P0002,88,20,0
2026-03-16,S002,P0003,43,20,0
2026-03-16,S002,P0004,87,20,0
2026-03-16,S002,P0005,21,20,0
2026-03-16,S002,P0006,27,20,0
2026-03-16,S002,P0007,101,20,0
2026-03-16,S002,P0008,37,20,0
2026-03-16,S002,P0009,117,20,0
2026-03-16,S002,P0010,64,20,0
2026-03-16,S003,P0001,93,20,0
2026-03-16,S003,P0002,70,20,0
2026-03-16,S003,P0003,35,20,0
2026-03-16,S003,P0004,81,20,0
2026-03-16,S003,P0005,112,20,0
2026-03-16,S003,P0006,30,20,0
2026-03-16,S003,P0007,119,20,0
2026-03-16,S003,P0008,37,20,0
2026-03-16,S003,P0009,104,20,0
2026-03-16,S003,P0010,50,20,0
2026-03-16,S004,P0001,89,20,0
2026-03-16,S004,P0002,28,20,0
2026-03-16,S004,P0003,31,20,0
2026-03-16,S004,P0004,100,20,0
2026-03-16,S004,P0005,107,20,0
2026-03-16,S004,P0006,57,20,0
2026-03-16,S004,P0007,83,20,0
2026-03-16,S004,P0008,25,20,0
2026-03-16,S004,P0009,87,20,0
2026-03-16,S004,P0010,86,20,0
2026-03-16,S005,P0001,32,20,0
2026-03-16,S005,P0002,73,20,0
2026-03-16,S005,P0003,53,20,0
2026-03-16,S005,P0004,85,20,0
2026-03-16,S005,P0005,96,20,0
2026-03-16,S005,P0006,82,20,0
2026-03-16,S005,P0007,95,20,0
2026-03-16,S005,P0008,110,20,0
2026-03-16,S005,P0009,22,20,0
2026-03-16,S005,P0010,102,20,0
2026-03-17,S001,P0001,107,20,0
2026-03-17,S001,P0002,47,20,0
2026-03-17,S001,P0003,83,20,0
2026-03-17,S001,P0004,77,20,0
2026-03-17,S001,P0005,76,20,0
2026-03-17,S001,P0006,118,20,0
2026-03-17,S001,P0007,85,20,0
2026-03-17,S001,P0008,118,20,0
2026-03-17,S001,P0009,71,20,0
2026-03-17,S001,P0010,117,20,0
2026-03-17,S002,P0001,85,20,0
2026-03-17,S002,P0002,84,20,0
2026-03-17,S002,P0003,43,20,0
2026-03-17,S002,P0004,86,20,0
2026-03-17,S002,P0005,117,20,0
2026-03-17,S002,P0006,25,20,0
2026-03-17,S002,P0007,100,20,0
2026-03-17,S002,P0008,35,20,0
2026-03-17,S002,P0009,110,20,0
2026-03-17,S002,P0010,62,20,0
2026-03-17,S003,P0001,93,20,0
2026-03-17,S003,P0002,70,20,0
2026-03-17,S003,P0003,31,20,0
2026-03-17,S003,P0004,79,20,0
2026-03-17,S003,P0005,109,20,0
2026-03-17,S003,P0006,29,20,0
2026-03-17,S003,P0007,118,20,0
2026-03-17,S003,P0008,37,20,0
2026-03-17,S003,P0009,104,20,0
2026-03-17,S003,P0010,49,20,0
2026-03-17,S004,P0001,88,20,0
2026-03-17,S004,P0002,26,20,0
2026-03-17,S004,P0003,31,20,0
2026-03-17,S004,P0004,98,20,0
2026-03-17,S004,P0005,103,20,0
2026-03-17,S004,P0006,57,20,0
2026-03-17,S004,P0007,83,20,0
2026-03-17,S004,P0008,25,20,0
2026-03-17,S004,P0009,85,20,0
2026-03-17,S004,P0010,86,20,0
2026-03-17,S005,P0001,32,20,0
2026-03-17,S005,P0002,73,20,0
2026-03-17,S005,P0003,53,20,0
2026-03-17,S005,P0004,83,20,0
2026-03-17,S005,P0005,92,20,0
2026-03-17,S005,P0006,82,20,0
2026-03-17,S005,P0007,94,20,0
2026-03-17,S005,P0008,109,20,0
2026-03-17,S005,P0009,20,20,0
2026-03-17,S005,P0010,101,20,0
2026-03-18,S001,P0001,106,20,0
2026-03-18,S001,P0002,47,20,0
2026-03-18,S001,P0003,82,20,0
2026-03-18,S001,P0004,77,20,0
2026-03-18,S001,P0005,73,20,0
2026-03-18,S001,P0006,117,20,0
2026-03-18,S001,P0007,84,20,0
2026-03-18,S001,P0008,117,20,0
2026-03-18,S001,P0009,69,20,0
2026-03-18,S001,P0010,117,20,0
2026-03-18,S002,P0001,84,20,0
2026-03-18,S002,P0002,84,20,0
2026-03-18,S002,P0003,40,20,0
2026-03-18,S002,P0004,85,20,0
2026-03-18,S002,P0005,113,20,0
2026-03-18,S002,P0006,24,20,0
2026-03-18,S002,P0007,100,20,0
2026-03-18,S002,P0008,33,20,0
2026-03-18,S002,P0009,107,20,0
2026-03-18,S002,P0010,62,20,0
2026-03-18,S003,P0001,91,20,0
2026-03-18,S003,P0002,68,20,0
2026-03-18,S003,P0003,31,20,0
2026-03-18,S003,P0004,79,20,0
2026-03-18,S003,P0005,109,20,0
2026-03-18,S003,P0006,29,20,0
2026-03-18,S003,P0007,118,20,0
2026-03-18,S003,P0008,33,20,0
2026-03-18,S003,P0009,103,20,0
2026-03-18,S003,P0010,48,20,0
2026-03-18,S004,P0001,86,20,0
2026-03-18,S004,P0002,25,20,0
2026-03-18,S004,P0003,31,20,0
2026-03-18,S004,P0004,98,20,0
2026-03-18,S004,P0005,103,20,0
2026-03-18,S004,P0006,56,20,0
2026-03-18,S004,P0007,83,20,0
2026-03-18,S004,P0008,24,20,0
2026-03-18,S004,P0009,84,20,0
2026-03-18,S004,P0010,86,20,0
2026-03-18,S005,P0001,31,20,0
2026-03-18,S005,P0002,70,20,0
2026-03-18,S005,P0003,51,20,0
2026-03-18,S005,P0004,82,20,0
2026-03-18,S005,P0005,89,20,0
2026-03-18,S005,P0006,82,20,0
2026-03-18,S005,P0007,93,20,0
2026-03-18,S005,P0008,107,20,0
2026-03-18,S005,P0009,20,20,0
2026-03-18,S005,P0010,99,20,0
2026-03-19,S001,P0001,103,20,0
2026-03-19,S001,P0002,44,20,0
2026-03-19,S001,P0003,81,20,0
2026-03-19,S001,P0004,77,20,0
2026-03-19,S001,P0005,72,20,0
2026-03-19,S001,P0006,117,20,0
2026-03-19,S001,P0007,83,20,0
2026-03-19,S001,P0008,116,20,0
2026-03-19,S001,P0009,69,20,0
2026-03-19,S001,P0010,117,20,0
2026-03-19,S002,P0001,80,20,0
2026-03-19,S002,P0002,82,20,0
2026-03-19,S002,P0003,38,20,0
2026-03-19,S002,P0004,84,20,0
2026-03-19,S002,P0005,110,20,0
2026-03-19,S002,P0006,24,20,0
2026-03-19,S002,P0007,100,20,0
2026-03-19,S002,P0008,30,20,0
2026-03-19,S002,P0009,105,20,0
2026-03-19,S002,P0010,61,20,0
2026-03-19,S003,P0001,88,20,0
2026-03-19,S003,P0002,68,20,0
2026-03-19,S003,P0003,28,20,0
2026-03-19,S003,P0004,79,20,0
2026-03-19,S003,P0005,106,20,0
2026-03-19,S003,P0006,27,20,0
2026-03-19,S003,P0007,118,20,0
2026-03-19,S003,P0008,30,20,0
2026-03-19,S003,P0009,102,20,0
2026-03-19,S003,P0010,45,20,0
2026-03-19,S004,P0001,86,20,0
2026-03-19,S004,P0002,21,20,0
2026-03-19,S004,P0003,30,20,0
2026-03-19,S004,P0004,95,20,0
2026-03-19,S004,P0005,101,20,0
2026-03-19,S004,P0006,56,20,0
2026-03-19,S004,P0007,82,20,0
2026-03-19,S004,P0008,24,20,0
2026-03-19,S004,P0009,81,20,0
2026-03-19,S004,P0010,85,20,0
2026-03-19,S005,P0001,29,20,0
2026-03-19,S005,P0002,70,20,0
2026-03-19,S005,P0003,49,20,0
2026-03-19,S005,P0004,82,20,0
2026-03-19,S005,P0005,86,20,0
2026-03-19,S005,P0006,81,20,0
2026-03-19,S005,P0007,93,20,0
2026-03-19,S005,P0008,103,20,0
2026-03-19,S005,P0009,118,20,0
2026-03-19,S005,P0010,96,20,0
2026-03-20,S001,P0001,103,20,0
2026-03-20,S001,P0002,42,20,0
2026-03-20,S001,P0003,80,20,0
2026-03-20,S001,P0004,77,20,0
2026-03-20,S001,P0005,69,20,0
2026-03-20,S001,P0006,115,20,0
2026-03-20,S001,P0007,83,20,0
2026-03-20,S001,P0008,116,20,0
2026-03-20,S001,P0009,66,20,0
2026-03-20,S001,P0010,114,20,0
2026-03-20,S002,P0001,79,20,0
2026-03-20,S002,P0002,82,20,0
2026-03-20,S002,P0003,36,20,0
2026-03-20,S002,P0004,81,20,0
2026-03-20,S002,P0005,108,20,0
2026-03-20,S002,P0006,22,20,0
2026-03-20,S002,P0007,99,20,0
2026-03-20,S002,P0008,29,20,0
2026-03-20,S002,P0009,101,20,0
2026-03-20,S002,P0010,60,20,0
2026-03-20,S003,P0001,87,20,0
2026-03-20,S003,P0002,62,20,0
2026-03-20,S003,P0003,27,20,0
2026-03-20,S003,P0004,77,20,0
2026-03-20,S003,P0005,102,20,0
2026-03-20,S003,P0006,27,20,0
2026-03-20,S003,P0007,118,20,0
2026-03-20,S003,P0008,29,20,0
2026-03-20,S003,P0009,101,20,0
2026-03-20,S003,P0010,45,20,0
2026-03-20,S004,P0001,85,20,0
2026-03-20,S004,P0002,20,20,0
2026-03-20,S004,P0003,30,20,0
2026-03-20,S004,P0004,93,20,0
2026-03-20,S004,P0005,100,20,0
2026-03-20,S004,P0006,56,20,0
2026-03-20,S004,P0007,82,20,0
2026-03-20,S004,P0008,21,20,0
2026-03-20,S004,P0009,80,20,0
2026-03-20,S004,P0010,84,20,0
2026-03-20,S005,P0001,27,20,0
2026-03-20,S005,P0002,67,20,0
2026-03-20,S005,P0003,47,20,0
2026-03-20,S005,P0004,82,20,0
2026-03-20,S005,P0005,86,20,0
2026-03-20,S005,P0006,81,20,0
2026-03-20,S005,P0007,93,20,0
2026-03-20,S005,P0008,103,20,0
2026-03-20,S005,P0009,116,20,0
2026-03-20,S005,P0010,95,20,0
2026-03-21,S001,P0001,102,20,0
2026-03-21,S001,P0002,42,20,0
2026-03-21,S001,P0003,79,20,0
2026-03-21,S001,P0004,75,20,0
2026-03-21,S001,P0005,67,20,0
2026-03-21,S001,P0006,114,20,0
2026-03-21,S001,P0007,83,20,0
2026-03-21,S001,P0008,114,20,0
2026-03-21,S001,P0009,62,20,0
2026-03-21,S001,P0010,114,20,0
2026-03-21,S002,P0001,78,20,0
2026-03-21,S002,P0002,81,20,0
2026-03-21,S002,P0003,33,20,0
2026-03-21,S002,P0004,79,20,0
2026-03-21,S002,P0005,106,20,0
2026-03-21,S002,P0006,22,20,0
2026-03-21,S002,P0007,98,20,0
2026-03-21,S002,P0008,28,20,0
2026-03-21,S002,P0009,101,20,0
2026-03-21,S002,P0010,59,20,0
2026-03-21,S003,P0001,87,20,0
2026-03-21,S003,P0002,62,20,0
2026-03-21,S003,P0003,26,20,0
2026-03-21,S003,P0004,74,20,0
2026-03-21,S003,P0005,102,20,0
2026-03-21,S003,P0006,27,20,0
2026-03-21,S003,P0007,118,20,0
2026-03-21,S003,P0008,27,20,0
2026-03-21,S003,P0009,100,20,0
2026-03-21,S003,P0010,45,20,0
2026-03-21,S004,P0001,83,20,0
2026-03-21,S004,P0002,119,20,0
2026-03-21,S004,P0003,29,20,0
2026-03-21,S004,P0004,93,20,0
2026-03-21,S004,P0005,99,20,0
2026-03-21,S004,P0006,54,20,0
2026-03-21,S004,P0007,81,20,0
2026-03-21,S004,P0008,21,20,0
2026-03-21,S004,P0009,79,20,0
2026-03-21,S004,P0010,82,20,0
2026-03-21,S005,P0001,27,20,0
2026-03-21,S005,P0002,67,20,0
2026-03-21,S005,P0003,46,20,0
2026-03-21,S005,P0004,82,20,0
2026-03-21,S005,P0005,83,20,0
2026-03-21,S005,P0006,79,20,0
2026-03-21,S005,P0007,93,20,0
2026-03-21,S005,P0008,103,20,0
2026-03-21,S005,P0009,116,20,0
2026-03-21,S005,P0010,92,20,0
2026-03-22,S001,P0001,102,20,0
2026-03-22,S001,P0002,40,20,0
2026-03-22,S001,P0003,78,20,0
2026-03-22,S001,P0004,75,20,0
2026-03-22,S001,P0005,64,20,0
2026-03-22,S001,P0006,113,20,0
2026-03-22,S001,P0007,82,20,0
2026-03-22,S001,P0008,111,20,0
2026-03-22,S001,P0009,59,20,0
2026-03-22,S001,P0010,114,20,0
2026-03-22,S002,P0001,77,20,0
2026-03-22,S002,P0002,79,20,0
2026-03-22,S002,P0003,31,20,0
2026-03-22,S002,P0004,77,20,0
2026-03-22,S002,P0005,104,20,0
2026-03-22,S002,P0006,22,20,0
2026-03-22,S002,P0007,98,20,0
2026-03-22,S002,P0008,26,20,0
2026-03-22,S002,P0009,99,20,0
2026-03-22,S002,P0010,56,20,0
2026-03-22,S003,P0001,85,20,0
2026-03-22,S003,P0002,59,20,0
2026-03-22,S003,P0003,25,20,0
2026-03-22,S003,P0004,72,20,0
2026-03-22,S003,P0005,98,20,0
2026-03-22,S003,P0006,27,20,0
2026-03-22,S003,P0007,118,20,0
2026-03-22,S003,P0008,26,20,0
2026-03-22,S003,P0009,100,20,0
2026-03-22,S003,P0010,43,20,0
2026-03-22,S004,P0001,83,20,0
2026-03-22,S004,P0002,118,20,0
2026-03-22,S004,P0003,29,20,0
2026-03-22,S004,P0004,91,20,0
2026-03-22,S004,P0005,97,20,0
2026-03-22,S004,P0006,53,20,0
2026-03-22,S004,P0007,80,20,0
2026-03-22,S004,P0008,20,20,0
2026-03-22,S004,P0009,77,20,0
2026-03-22,S004,P0010,81,20,0
2026-03-22,S005,P0001,25,20,0
2026-03-22,S005,P0002,67,20,0
2026-03-22,S005,P0003,46,20,0
2026-03-22,S005,P0004,79,20,0
2026-03-22,S005,P0005,81,20,0
2026-03-22,S005,P0006,74,20,0
2026-03-22,S005,P0007,91,20,0
2026-03-22,S005,P0008,103,20,0
2026-03-22,S005,P0009,115,20,0
2026-03-22,S005,P0010,91,20,0
2026-03-23,S001,P0001,100,20,0
2026-03-23,S001,P0002,40,20,0
2026-03-23,S001,P0003,78,20,0
2026-03-23,S001,P0004,74,20,0
2026-03-23,S001,P0005,62,20,0
2026-03-23,S001,P0006,113,20,0
2026-03-23,S001,P0007,82,20,0
2026-03-23,S001,P0008,111,20,0
2026-03-23,S001,P0009,57,20,0
2026-03-23,S001,P0010,113,20,0
2026-03-23,S002,P0001,76,20,0
2026-03-23,S002,P0002,79,20,0
2026-03-23,S002,P0003,30,20,0
2026-03-23,S002,P0004,74,20,0
2026-03-23,S002,P0005,103,20,0
2026-03-23,S002,P0006,22,20,0
2026-03-23,S002,P0007,97,20,0
2026-03-23,S002,P0008,25,20,0
2026-03-23,S002,P0009,98,20,0
2026-03-23,S002,P0010,55,20,0
2026-03-23,S003,P0001,84,20,0
2026-03-23,S003,P0002,58,20,0
2026-03-23,S003,P0003,24,20,0
2026-03-23,S003,P0004,71,20,0
2026-03-23,S003,P0005,98,20,0
2026-03-23,S003,P0006,25,20,0
2026-03-23,S003,P0007,117,20,0
2026-03-23,S003,P0008,25,20,0
2026-03-23,S003,P0009,100,20,0
2026-03-23,S003,P0010,42,20,0
2026-03-23,S004,P0001,83,20,0
2026-03-23,S004,P0002,117,20,0
2026-03-23,S004,P0003,27,20,0
2026-03-23,S004,P0004,90,20,0
2026-03-23,S004,P0005,93,20,0
2026-03-23,S004,P0006,53,20,0
2026-03-23,S004,P0007,80,20,0
2026-03-23,S004,P0008,20,20,0
2026-03-23,S004,P0009,72,20,0
2026-03-23,S004,P0010,79,20,0
2026-03-23,S005,P0001,24,20,0
2026-03-23,S005,P0002,63,20,0
2026-03-23,S005,P0003,44,20,0
2026-03-23,S005,P0004,77,20,0
2026-03-23,S005,P0005,79,20,0
2026-03-23,S005,P0006,73,20,0
2026-03-23,S005,P0007,89,20,0
2026-03-23,S005,P0008,102,20,0
2026-03-23,S005,P0009,115,20,0
2026-03-23,S005,P0010,91,20,0
2026-03-24,S001,P0001,98,20,0
2026-03-24,S001,P0002,40,20,0
2026-03-24,S001,P0003,77,20,0
2026-03-24,S001,P0004,74,20,0
2026-03-24,S001,P0005,60,20,0
2026-03-24,S001,P0006,112,20,0
2026-03-24,S001,P0007,82,20,0
2026-03-24,S001,P0008,109,20,0
2026-03-24,S001,P0009,56,20,0
2026-03-24,S001,P0010,112,20,0
2026-03-24,S002,P0001,75,20,0
2026-03-24,S002,P0002,76,20,0
2026-03-24,S002,P0003,28,20,0
2026-03-24,S002,P0004,73,20,0
2026-03-24,S002,P0005,99,20,0
2026-03-24,S002,P0006,22,20,0
2026-03-24,S002,P0007,97,20,0
2026-03-24,S002,P0008,25,20,0
2026-03-24,S002,P0009,94,20,0
2026-03-24,S002,P0010,53,20,0
2026-03-24,S003,P0001,84,20,0
2026-03-24,S003,P0002,57,20,0
2026-03-24,S003,P0003,23,20,0
2026-03-24,S003,P0004,70,20,0
2026-03-24,S003,P0005,97,20,0
2026-03-24,S003,P0006,24,20,0
2026-03-24,S003,P0007,115,20,0
2026-03-24,S003,P0008,22,20,0
2026-03-24,S003,P0009,96,20,0
2026-03-24,S003,P0010,42,20,0
2026-03-24,S004,P0001,82,20,0
2026-03-24,S004,P0002,115,20,0
2026-03-24,S004,P0003,27,20,0
2026-03-24,S004,P0004,90,20,0
2026-03-24,S004,P0005,93,20,0
2026-03-24,S004,P0006,52,20,0
2026-03-24,S004,P0007,79,20,0
2026-03-24,S004,P0008,118,20,0
2026-03-24,S004,P0009,70,20,0
2026-03-24,S004,P0010,76,20,0
2026-03-24,S005,P0001,119,20,0
2026-03-24,S005,P0002,63,20,0
2026-03-24,S005,P0003,43,20,0
2026-03-24,S005,P0004,74,20,0
2026-03-24,S005,P0005,76,20,0
2026-03-24,S005,P0006,73,20,0
2026-03-24,S005,P0007,88,20,0
2026-03-24,S005,P0008,96,20,0
2026-03-24,S005,P0009,114,20,0
2026-03-24,S005,P0010,90,20,0
2026-03-25,S001,P0001,96,20,0
2026-03-25,S001,P0002,39,20,0
2026-03-25,S001,P0003,76,20,0
2026-03-25,S001,P0004,74,20,0
2026-03-25,S001,P0005,59,20,0
2026-03-25,S001,P0006,111,20,0
2026-03-25,S001,P0007,80,20,0
2026-03-25,S001,P0008,109,20,0
2026-03-25,S001,P0009,54,20,0
2026-03-25,S001,P0010,109,20,0
2026-03-25,S002,P0001,72,20,0
2026-03-25,S002,P0002,75,20,0
2026-03-25,S002,P0003,27,20,0
2026-03-25,S002,P0004,71,20,0
2026-03-25,S002,P0005,97,20,0
2026-03-25,S002,P0006,22,20,0
2026-03-25,S002,P0007,96,20,0
2026-03-25,S002,P0008,25,20,0
2026-03-25,S002,P0009,93,20,0
2026-03-25,S002,P0010,52,20,0
2026-03-25,S003,P0001,83,20,0
2026-03-25,S003,P0002,56,20,0
2026-03-25,S003,P0003,20,20,0
2026-03-25,S003,P0004,68,20,0
2026-03-25,S003,P0005,96,20,0
2026-03-25,S003,P0006,24,20,0
2026-03-25,S003,P0007,114,20,0
2026-03-25,S003,P0008,22,20,0
2026-03-25,S003,P0009,92,20,0
2026-03-25,S003,P0010,40,20,0
2026-03-25,S004,P0001,81,20,0
2026-03-25,S004,P0002,115,20,0
2026-03-25,S004,P0003,25,20,0
2026-03-25,S004,P0004,90,20,0
2026-03-25,S004,P0005,92,20,0
2026-03-25,S004,P0006,52,20,0
2026-03-25,S004,P0007,79,20,0
2026-03-25,S004,P0008,113,20,0
2026-03-25,S004,P0009,66,20,0
2026-03-25,S004,P0010,73,20,0
2026-03-25,S005,P0001,117,20,0
2026-03-25,S005,P0002,62,20,0
2026-03-25,S005,P0003,42,20,0
2026-03-25,S005,P0004,71,20,0
2026-03-25,S005,P0005,72,20,0
2026-03-25,S005,P0006,72,20,0
2026-03-25,S005,P0007,88,20,0
2026-03-25,S005,P0008,95,20,0
2026-03-25,S005,P0009,114,20,0
2026-03-25,S005,P0010,88,20,0
2026-03-26,S001,P0001,95,20,0
2026-03-26,S001,P0002,39,20,0
2026-03-26,S001,P0003,75,20,0
2026-03-26,S001,P0004,73,20,0
2026-03-26,S001,P0005,56,20,0
2026-03-26,S001,P0006,111,20,0
2026-03-26,S001,P0007,79,20,0
2026-03-26,S001,P0008,106,20,0
2026-03-26,S001,P0009,53,20,0
2026-03-26,S001,P0010,106,20,0
2026-03-26,S002,P0001,68,20,0
2026-03-26,S002,P0002,74,20,0
2026-03-26,S002,P0003,26,20,0
2026-03-26,S002,P0004,68,20,0
2026-03-26,S002,P0005,94,20,0
2026-03-26,S002,P0006,20,20,0
2026-03-26,S002,P0007,95,20,0
2026-03-26,S002,P0008,24,20,0
2026-03-26,S002,P0009,90,20,0
2026-03-26,S002,P0010,51,20,0
2026-03-26,S003,P0001,80,20,0
2026-03-26,S003,P0002,56,20,0
2026-03-26,S003,P0003,119,20,0
2026-03-26,S003,P0004,67,20,0
2026-03-26,S003,P0005,94,20,0
2026-03-26,S003,P0006,22,20,0
2026-03-26,S003,P0007,112,20,0
2026-03-26,S003,P0008,22,20,0
2026-03-26,S003,P0009,91,20,0
2026-03-26,S003,P0010,40,20,0
2026-03-26,S004,P0001,81,20,0
2026-03-26,S004,P0002,113,20,0
2026-03-26,S004,P0003,24,20,0
2026-03-26,S004,P0004,89,20,0
2026-03-26,S004,P0005,89,20,0
2026-03-26,S004,P0006,51,20,0
2026-03-26,S004,P0007,77,20,0
2026-03-26,S004,P0008,112,20,0
2026-03-26,S004,P0009,64,20,0
2026-03-26,S004,P0010,72,20,0
2026-03-26,S005,P0001,116,20,0
2026-03-26,S005,P0002,60,20,0
2026-03-26,S005,P0003,42,20,0
2026-03-26,S005,P0004,71,20,0
2026-03-26,S005,P0005,69,20,0
2026-03-26,S005,P0006,72,20,0
2026-03-26,S005,P0007,87,20,0
2026-03-26,S005,P0008,93,20,0
2026-03-26,S005,P0009,113,20,0
2026-03-26,S005,P0010,88,20,0
2026-03-27,S001,P0001,95,20,0
2026-03-27,S001,P0002,39,20,0
2026-03-27,S001,P0003,74,20,0
2026-03-27,S001,P0004,73,20,0
2026-03-27,S001,P0005,55,20,0
2026-03-27,S001,P0006,109,20,0
2026-03-27,S001,P0007,78,20,0
2026-03-27,S001,P0008,106,20,0
2026-03-27,S001,P0009,52,20,0
2026-03-27,S001,P0010,104,20,0
2026-03-27,S002,P0001,67,20,0
2026-03-27,S002,P0002,72,20,0
2026-03-27,S002,P0003,26,20,0
2026-03-27,S002,P0004,66,20,0
2026-03-27,S002,P0005,89,20,0
2026-03-27,S002,P0006,119,20,0
2026-03-27,S002,P0007,94,20,0
2026-03-27,S002,P0008,22,20,0
2026-03-27,S002,P0009,90,20,0
2026-03-27,S002,P0010,48,20,0
2026-03-27,S003,P0001,78,20,0
2026-03-27,S003,P0002,55,20,0
2026-03-27,S003,P0003,119,20,0
2026-03-27,S003,P0004,65,20,0
2026-03-27,S003,P0005,87,20,0
2026-03-27,S003,P0006,21,20,0
2026-03-27,S003,P0007,109,20,0
2026-03-27,S003,P0008,22,20,0
2026-03-27,S003,P0009,90,20,0
2026-03-27,S003,P0010,39,20,0
2026-03-27,S004,P0001,80,20,0
2026-03-27,S004,P0002,110,20,0
2026-03-27,S004,P0003,21,20,0
2026-03-27,S004,P0004,89,20,0
2026-03-27,S004,P0005,83,20,0
2026-03-27,S004,P0006,50,20,0
2026-03-27,S004,P0007,76,20,0
2026-03-27,S004,P0008,112,20,0
2026-03-27,S004,P0009,60,20,0
2026-03-27,S004,P0010,70,20,0
2026-03-27,S005,P0001,115,20,0
2026-03-27,S005,P0002,60,20,0
2026-03-27,S005,P0003,42,20,0
2026-03-27,S005,P0004,69,20,0
2026-03-27,S005,P0005,68,20,0
2026-03-27,S005,P0006,72,20,0
2026-03-27,S005,P0007,85,20,0
2026-03-27,S005,P0008,90,20,0
2026-03-27,S005,P0009,111,20,0
2026-03-27,S005,P0010,86,20,0
2026-03-28,S001,P0001,94,20,0
2026-03-28,S001,P0002,36,20,0
2026-03-28,S001,P0003,74,20,0
2026-03-28,S001,P0004,72,20,0
2026-03-28,S001,P0005,54,20,0
2026-03-28,S001,P0006,108,20,0
2026-03-28,S001,P0007,77,20,0
2026-03-28,S001,P0008,105,20,0
2026-03-28,S001,P0009,50,20,0
2026-03-28,S001,P0010,103,20,0
2026-03-28,S002,P0001,66,20,0
2026-03-28,S002,P0002,72,20,0
2026-03-28,S002,P0003,24,20,0
2026-03-28,S002,P0004,65,20,0
2026-03-28,S002,P0005,85,20,0
2026-03-28,S002,P0006,119,20,0
2026-03-28,S002,P0007,94,20,0
2026-03-28,S002,P0008,21,20,0
2026-03-28,S002,P0009,87,20,0
2026-03-28,S002,P0010,48,20,0
2026-03-28,S003,P0001,76,20,0
2026-03-28,S003,P0002,54,20,0
2026-03-28,S003,P0003,119,20,0
2026-03-28,S003,P0004,65,20,0
2026-03-28,S003,P0005,86,20,0
2026-03-28,S003,P0006,20,20,0
2026-03-28,S003,P0007,109,20,0
2026-03-28,S003,P0008,21,20,0
2026-03-28,S003,P0009,88,20,0
2026-03-28,S003,P0010,38,20,0
2026-03-28,S004,P0001,80,20,0
2026-03-28,S004,P0002,109,20,0
2026-03-28,S004,P0003,21,20,0
2026-03-28,S004,P0004,88,20,0
2026-03-28,S004,P0005,77,20,0
2026-03-28,S004,P0006,48,20,0
2026-03-28,S004,P0007,75,20,0
2026-03-28,S004,P0008,111,20,0
2026-03-28,S004,P0009,58,20,0
2026-03-28,S004,P0010,69,20,0
2026-03-28,S005,P0001,114,20,0
2026-03-28,S005,P0002,59,20,0
2026-03-28,S005,P0003,41,20,0
2026-03-28,S005,P0004,69,20,0
2026-03-28,S005,P0005,67,20,0
2026-03-28,S005,P0006,70,20,0
2026-03-28,S005,P0007,84,20,0
2026-03-28,S005,P0008,86,20,0
2026-03-28,S005,P0009,109,20,0
2026-03-28,S005,P0010,86,20,0
2026-03-29,S001,P0001,93,20,0
2026-03-29,S001,P0002,35,20,0
2026-03-29,S001,P0003,73,20,0
2026-03-29,S001,P0004,71,20,0
2026-03-29,S001,P0005,52,20,0
2026-03-29,S001,P0006,107,20,0
2026-03-29,S001,P0007,76,20,0
2026-03-29,S001,P0008,104,20,0
2026-03-29,S001,P0009,49,20,0
2026-03-29,S001,P0010,100,20,0
2026-03-29,S002,P0001,65,20,0
2026-03-29,S002,P0002,71,20,0
2026-03-29,S002,P0003,24,20,0
2026-03-29,S002,P0004,65,20,0
2026-03-29,S002,P0005,82,20,0
2026-03-29,S002,P0006,118,20,0
2026-03-29,S002,P0007,94,20,0
2026-03-29,S002,P0008,21,20,0
2026-03-29,S002,P0009,86,20,0
2026-03-29,S002,P0010,47,20,0
2026-03-29,S003,P0001,75,20,0
2026-03-29,S003,P0002,51,20,0
2026-03-29,S003,P0003,117,20,0
2026-03-29,S003,P0004,64,20,0
2026-03-29,S003,P0005,84,20,0
2026-03-29,S003,P0006,20,20,0
2026-03-29,S003,P0007,109,20,0
2026-03-29,S003,P0008,117,20,0
2026-03-29,S003,P0009,85,20,0
2026-03-29,S003,P0010,34,20,0
2026-03-29,S004,P0001,78,20,0
2026-03-29,S004,P0002,107,20,0
2026-03-29,S004,P0003,21,20,0
2026-03-29,S004,P0004,87,20,0
2026-03-29,S004,P0005,72,20,0
2026-03-29,S004,P0006,48,20,0
2026-03-29,S004,P0007,75,20,0
2026-03-29,S004,P0008,110,20,0
2026-03-29,S004,P0009,55,20,0
2026-03-29,S004,P0010,67,20,0
2026-03-29,S005,P0001,113,20,0
2026-03-29,S005,P0002,57,20,0
2026-03-29,S005,P0003,40,20,0
2026-03-29,S005,P0004,67,20,0
2026-03-29,S005,P0005,66,20,0
2026-03-29,S005,P0006,68,20,0
2026-03-29,S005,P0007,84,20,0
2026-03-29,S005,P0008,86,20,0
2026-03-29,S005,P0009,107,20,0
2026-03-29,S005,P0010,85,20,0
2026-03-30,S001,P0001,92,20,0
2026-03-30,S001,P0002,32,20,0
2026-03-30,S001,P0003,71,20,0
2026-03-30,S001,P0004,71,20,0
2026-03-30,S001,P0005,49,20,0
2026-03-30,S001,P0006,106,20,0
2026-03-30,S001,P0007,74,20,0
2026-03-30,S001,P0008,101,20,0
2026-03-30,S001,P0009,45,20,0
2026-03-30,S001,P0010,99,20,0
2026-03-30,S002,P0001,62,20,0
2026-03-30,S002,P0002,69,20,0
2026-03-30,S002,P0003,24,20,0
2026-03-30,S002,P0004,63,20,0
2026-03-30,S002,P0005,81,20,0
2026-03-30,S002,P0006,117,20,0
2026-03-30,S002,P0007,94,20,0
2026-03-30,S002,P0008,21,20,0
2026-03-30,S002,P0009,85,20,0
2026-03-30,S002,P0010,44,20,0
2026-03-30,S003,P0001,74,20,0
2026-03-30,S003,P0002,51,20,0
2026-03-30,S003,P0003,117,20,0
2026-03-30,S003,P0004,63,20,0
2026-03-30,S003,P0005,83,20,0
2026-03-30,S003,P0006,119,20,0
2026-03-30,S003,P0007,108,20,0
2026-03-30,S003,P0008,116,20,0
2026-03-30,S003,P0009,85,20,0
2026-03-30,S003,P0010,34,20,0
2026-03-30,S004,P0001,76,20,0
2026-03-30,S004,P0002,106,20,0
2026-03-30,S004,P0003,119,20,0
2026-03-30,S004,P0004,85,20,0
2026-03-30,S004,P0005,68,20,0
2026-03-30,S004,P0006,48,20,0
2026-03-30,S004,P0007,75,20,0
2026-03-30,S004,P0008,109,20,0
2026-03-30,S004,P0009,53,20,0
2026-03-30,S004,P0010,66,20,0
2026-03-30,S005,P0001,112,20,0
2026-03-30,S005,P0002,57,20,0
2026-03-30,S005,P0003,39,20,0
2026-03-30,S005,P0004,66,20,0
2026-03-30,S005,P0005,62,20,0
2026-03-30,S005,P0006,68,20,0
2026-03-30,S005,P0007,84,20,0
2026-03-30,S005,P0008,85,20,0
2026-03-30,S005,P0009,107,20,0
2026-03-30,S005,P0010,85,20,0
2026-03-31,S001,P0001,89,20,0
2026-03-31,S001,P0002,30,20,0
2026-03-31,S001,P0003,69,20,0
2026-03-31,S001,P0004,70,20,0
2026-03-31,S001,P0005,48,20,0
2026-03-31,S001,P0006,104,20,0
2026-03-31,S001,P0007,74,20,0
2026-03-31,S001,P0008,101,20,0
2026-03-31,S001,P0009,44,20,0
2026-03-31,S001,P0010,98,20,0
2026-03-31,S002,P0001,61,20,0
2026-03-31,S002,P0002,66,20,0
2026-03-31,S002,P0003,21,20,0
2026-03-31,S002,P0004,62,20,0
2026-03-31,S002,P0005,77,20,0
2026-03-31,S002,P0006,117,20,0
2026-03-31,S002,P0007,92,20,0
2026-03-31,S002,P0008,118,20,0
2026-03-31,S002,P0009,83,20,0
2026-03-31,S002,P0010,43,20,0
2026-03-31,S003,P0001,72,20,0
2026-03-31,S003,P0002,49,20,0
2026-03-31,S003,P0003,116,20,0
2026-03-31,S003,P0004,62,20,0
2026-03-31,S003,P0005,81,20,0
2026-03-31,S003,P0006,118,20,0
2026-03-31,S003,P0007,106,20,0
2026-03-31,S003,P0008,114,20,0
2026-03-31,S003,P0009,84,20,0
2026-03-31,S003,P0010,30,20,0
2026-03-31,S004,P0001,73,20,0
2026-03-31,S004,P0002,104,20,0
2026-03-31,S004,P0003,118,20,0
2026-03-31,S004,P0004,84,20,0
2026-03-31,S004,P0005,65,20,0
2026-03-31,S004,P0006,48,20,0
2026-03-31,S004,P0007,74,20,0
2026-03-31,S004,P0008,107,20,0
2026-03-31,S004,P0009,53,20,0
2026-03-31,S004,P0010,66,20,0
2026-03-31,S005,P0001,111,20,0
2026-03-31,S005,P0002,55,20,0
2026-03-31,S005,P0003,36,20,0
2026-03-31,S005,P0004,65,20,0
2026-03-31,S005,P0005,60,20,0
2026-03-31,S005,P0006,68,20,0
2026-03-31,S005,P0007,82,20,0
2026-03-31,S005,P0008,84,20,0
2026-03-31,S005,P0009,104,20,0
2026-03-31,S005,P0010,82,20,0
2026-04-01,S001,P0001,87,20,0
2026-04-01,S001,P0002,28,20,0
2026-04-01,S001,P0003,69,20,0
2026-04-01,S001,P0004,69,20,0
2026-04-01,S001,P0005,46,20,0
2026-04-01,S001,P0006,104,20,0
2026-04-01,S001,P0007,73,20,0
2026-04-01,S001,P0008,100,20,0
2026-04-01,S001,P0009,38,20,0
2026-04-01,S001,P0010,97,20,0
2026-04-01,S002,P0001,59,20,0
2026-04-01,S002,P0002,66,20,0
2026-04-01,S002,P0003,119,20,0
2026-04-01,S002,P0004,62,20,0
2026-04-01,S002,P0005,76,20,0
2026-04-01,S002,P0006,117,20,0
2026-04-01,S002,P0007,91,20,0
2026-04-01,S002,P0008,118,20,0
2026-04-01,S002,P0009,81,20,0
2026-04-01,S002,P0010,43,20,0
2026-04-01,S003,P0001,69,20,0
2026-04-01,S003,P0002,49,20,0
2026-04-01,S003,P0003,115,20,0
2026-04-01,S003,P0004,62,20,0
2026-04-01,S003,P0005,77,20,0
2026-04-01,S003,P0006,118,20,0
2026-04-01,S003,P0007,105,20,0
2026-04-01,S003,P0008,111,20,0
2026-04-01,S003,P0009,83,20,0
2026-04-01,S003,P0010,27,20,0
2026-04-01,S004,P0001,71,20,0
2026-04-01,S004,P0002,103,20,0
2026-04-01,S004,P0003,118,20,0
2026-04-01,S004,P0004,84,20,0
2026-04-01,S004,P0005,63,20,0
2026-04-01,S004,P0006,47,20,0
2026-04-01,S004,P0007,74,20,0
2026-04-01,S004,P0008,107,20,0
2026-04-01,S004,P0009,50,20,0
2026-04-01,S004,P0010,65,20,0
2026-04-01,S005,P0001,109,20,0
2026-04-01,S005,P0002,55,20,0
2026-04-01,S005,P0003,36,20,0
2026-04-01,S005,P0004,64,20,0
2026-04-01,S005,P0005,55,20,0
2026-04-01,S005,P0006,68,20,0
2026-04-01,S005,P0007,81,20,0
2026-04-01,S005,P0008,84,20,0
2026-04-01,S005,P0009,102,20,0
2026-04-01,S005,P0010,82,20,0
2026-04-02,S001,P0001,87,20,0
2026-04-02,S001,P0002,28,20,0
2026-04-02,S001,P0003,66,20,0
2026-04-02,S001,P0004,69,20,0
2026-04-02,S001,P0005,44,20,0
2026-04-02,S001,P0006,104,20,0
2026-04-02,S001,P0007,72,20,0
2026-04-02,S001,P0008,99,20,0
2026-04-02,S001,P0009,36,20,0
2026-04-02,S001,P0010,96,20,0
2026-04-02,S002,P0001,56,20,0
2026-04-02,S002,P0002,66,20,0
2026-04-02,S002,P0003,119,20,0
2026-04-02,S002,P0004,62,20,0
2026-04-02,S002,P0005,70,20,0
2026-04-02,S002,P0006,117,20,0
2026-04-02,S002,P0007,91,20,0
2026-04-02,S002,P0008,116,20,0
2026-04-02,S002,P0009,80,20,0
2026-04-02,S002,P0010,42,20,0
2026-04-02,S003,P0001,67,20,0
2026-04-02,S003,P0002,47,20,0
2026-04-02,S003,P0003,113,20,0
2026-04-02,S003,P0004,61,20,0
2026-04-02,S003,P0005,72,20,0
2026-04-02,S003,P0006,118,20,0
2026-04-02,S003,P0007,105,20,0
2026-04-02,S003,P0008,107,20,0
2026-04-02,S003,P0009,81,20,0
2026-04-02,S003,P0010,24,20,0
2026-04-02,S004,P0001,70,20,0
2026-04-02,S004,P0002,103,20,0
2026-04-02,S004,P0003,118,20,0
2026-04-02,S004,P0004,83,20,0
2026-04-02,S004,P0005,62,20,0
2026-04-02,S004,P0006,47,20,0
2026-04-02,S004,P0007,74,20,0
2026-04-02,S004,P0008,105,20,0
2026-04-02,S004,P0009,46,20,0
2026-04-02,S004,P0010,62,20,0
2026-04-02,S005,P0001,109,20,0
2026-04-02,S005,P0002,54,20,0
2026-04-02,S005,P0003,36,20,0
2026-04-02,S005,P0004,64,20,0
2026-04-02,S005,P0005,54,20,0
2026-04-02,S005,P0006,67,20,0
2026-04-02,S005,P0007,79,20,0
2026-04-02,S005,P0008,80,20,0
2026-04-02,S005,P0009,100,20,0
2026-04-02,S005,P0010,80,20,0
2026-04-03,S001,P0001,87,20,0
2026-04-03,S001,P0002,26,20,0
2026-04-03,S001,P0003,64,20,0
2026-04-03,S001,P0004,66,20,0
2026-04-03,S001,P0005,41,20,0
2026-04-03,S001,P0006,104,20,0
2026-04-03,S001,P0007,69,20,0
2026-04-03,S001,P0008,97,20,0
2026-04-03,S001,P0009,34,20,0
2026-04-03,S001,P0010,95,20,0
2026-04-03,S002,P0001,55,20,0
2026-04-03,S002,P0002,64,20,0
2026-04-03,S002,P0003,118,20,0
2026-04-03,S002,P0004,62,20,0
2026-04-03,S002,P0005,68,20,0
2026-04-03,S002,P0006,117,20,0
2026-04-03,S002,P0007,90,20,0
2026-04-03,S002,P0008,115,20,0
2026-04-03,S002,P0009,79,20,0
2026-04-03,S002,P0010,41,20,0
2026-04-03,S003,P0001,66,20,0
2026-04-03,S003,P0002,45,20,0
2026-04-03,S003,P0003,111,20,0
2026-04-03,S003,P0004,58,20,0
2026-04-03,S003,P0005,70,20,0
2026-04-03,S003,P0006,118,20,0
2026-04-03,S003,P0007,103,20,0
2026-04-03,S003,P0008,106,20,0
2026-04-03,S003,P0009,79,20,0
2026-04-03,S003,P0010,22,20,0
2026-04-03,S004,P0001,69,20,0
2026-04-03,S004,P0002,101,20,0
2026-04-03,S004,P0003,115,20,0
2026-04-03,S004,P0004,82,20,0
2026-04-03,S004,P0005,58,20,0
2026-04-03,S004,P0006,46,20,0
2026-04-03,S004,P0007,73,20,0
2026-04-03,S004,P0008,105,20,0
2026-04-03,S004,P0009,44,20,0
2026-04-03,S004,P0010,60,20,0
2026-04-03,S005,P0001,107,20,0
2026-04-03,S005,P0002,51,20,0
2026-04-03,S005,P0003,34,20,0
2026-04-03,S005,P0004,63,20,0
2026-04-03,S005,P0005,53,20,0
2026-04-03,S005,P0006,67,20,0
2026-04-03,S005,P0007,78,20,0
2026-04-03,S005,P0008,79,20,0
2026-04-03,S005,P0009,100,20,0
2026-04-03,S005,P0010,80,20,0
2026-04-04,S001,P0001,85,20,0
2026-04-04,S001,P0002,24,20,0
2026-04-04,S001,P0003,64,20,0
2026-04-04,S001,P0004,63,20,0
2026-04-04,S001,P0005,39,20,0
2026-04-04,S001,P0006,101,20,0
2026-04-04,S001,P0007,69,20,0
2026-04-04,S001,P0008,97,20,0
2026-04-04,S001,P0009,34,20,0
2026-04-04,S001,P0010,95,20,0
2026-04-04,S002,P0001,55,20,0
2026-04-04,S002,P0002,61,20,0
2026-04-04,S002,P0003,118,20,0
2026-04-04,S002,P0004,61,20,0
2026-04-04,S002,P0005,66,20,0
2026-04-04,S002,P0006,115,20,0
2026-04-04,S002,P0007,89,20,0
2026-04-04,S002,P0008,115,20,0
2026-04-04,S002,P0009,77,20,0
2026-04-04,S002,P0010,40,20,0
2026-04-04,S003,P0001,62,20,0
2026-04-04,S003,P0002,43,20,0
2026-04-04,S003,P0003,110,20,0
2026-04-04,S003,P0004,56,20,0
2026-04-04,S003,P0005,67,20,0
2026-04-04,S003,P0006,118,20,0
2026-04-04,S003,P0007,103,20,0
2026-04-04,S003,P0008,106,20,0
2026-04-04,S003,P0009,79,20,0
2026-04-04,S003,P0010,21,20,0
2026-04-04,S004,P0001,68,20,0
2026-04-04,S004,P0002,100,20,0
2026-04-04,S004,P0003,113,20,0
2026-04-04,S004,P0004,80,20,0
2026-04-04,S004,P0005,55,20,0
2026-04-04,S004,P0006,44,20,0
2026-04-04,S004,P0007,72,20,0
2026-04-04,S004,P0008,105,20,0
2026-04-04,S004,P0009,40,20,0
2026-04-04,S004,P0010,56,20,0
2026-04-04,S005,P0001,102,20,0
2026-04-04,S005,P0002,47,20,0
2026-04-04,S005,P0003,32,20,0
2026-04-04,S005,P0004,63,20,0
2026-04-04,S005,P0005,50,20,0
2026-04-04,S005,P0006,67,20,0
2026-04-04,S005,P0007,77,20,0
2026-04-04,S005,P0008,78,20,0
2026-04-04,S005,P0009,99,20,0
2026-04-04,S005,P0010,78,20,0
2026-04-05,S001,P0001,84,20,0
2026-04-05,S001,P0002,21,20,0
2026-04-05,S001,P0003,63,20,0
2026-04-05,S001,P0004,63,20,0
2026-04-05,S001,P0005,35,20,0
2026-04-05,S001,P0006,100,20,0
2026-04-05,S001,P0007,69,20,0
2026-04-05,S001,P0008,96,20,0
2026-04-05,S001,P0009,33,20,0
2026-04-05,S001,P0010,95,20,0
2026-04-05,S002,P0001,54,20,0
2026-04-05,S002,P0002,59,20,0
2026-04-05,S002,P0003,117,20,0
2026-04-05,S002,P0004,59,20,0
2026-04-05,S002,P0005,65,20,0
2026-04-05,S002,P0006,115,20,0
2026-04-05,S002,P0007,88,20,0
2026-04-05,S002,P0008,114,20,0
2026-04-05,S002,P0009,74,20,0
2026-04-05,S002,P0010,39,20,0
2026-04-05,S003,P0001,60,20,0
2026-04-05,S003,P0002,41,20,0
2026-04-05,S003,P0003,110,20,0
2026-04-05,S003,P0004,54,20,0
2026-04-05,S003,P0005,66,20,0
2026-04-05,S003,P0006,118,20,0
2026-04-05,S003,P0007,102,20,0
2026-04-05,S003,P0008,104,20,0
2026-04-05,S003,P0009,78,20,0
2026-04-05,S003,P0010,117,20,0
2026-04-05,S004,P0001,66,20,0
2026-04-05,S004,P0002,99,20,0
2026-04-05,S004,P0003,112,20,0
2026-04-05,S004,P0004,80,20,0
2026-04-05,S004,P0005,52,20,0
2026-04-05,S004,P0006,43,20,0
2026-04-05,S004,P0007,71,20,0
2026-04-05,S004,P0008,104,20,0
2026-04-05,S004,P0009,40,20,0
2026-04-05,S004,P0010,52,20,0
2026-04-05,S005,P0001,97,20,0
2026-04-05,S005,P0002,42,20,0
2026-04-05,S005,P0003,31,20,0
2026-04-05,S005,P0004,63,20,0
2026-04-05,S005,P0005,49,20,0
2026-04-05,S005,P0006,67,20,0
2026-04-05,S005,P0007,77,20,0
2026-04-05,S005,P0008,75,20,0
2026-04-05,S005,P0009,96,20,0
2026-04-05,S005,P0010,77,20,0
2026-04-06,S001,P0001,84,20,0
2026-04-06,S001,P0002,118,20,0
2026-04-06,S001,P0003,62,20,0
2026-04-06,S001,P0004,62,20,0
2026-04-06,S001,P0005,35,20,0
2026-04-06,S001,P0006,100,20,0
2026-04-06,S001,P0007,69,20,0
2026-04-06,S001,P0008,95,20,0
2026-04-06,S001,P0009,30,20,0
2026-04-06,S001,P0010,94,20,0
2026-04-06,S002,P0001,51,20,0
2026-04-06,S002,P0002,58,20,0
2026-04-06,S002,P0003,113,20,0
2026-04-06,S002,P0004,59,20,0
2026-04-06,S002,P0005,64,20,0
2026-04-06,S002,P0006,114,20,0
2026-04-06,S002,P0007,88,20,0
2026-04-06,S002,P0008,113,20,0
2026-04-06,S002,P0009,73,20,0
2026-04-06,S002,P0010,38,20,0
2026-04-06,S003,P0001,60,20,0
2026-04-06,S003,P0002,41,20,0
2026-04-06,S003,P0003,109,20,0
2026-04-06,S003,P0004,53,20,0
2026-04-06,S003,P0005,63,20,0
2026-04-06,S003,P0006,114,20,0
2026-04-06,S003,P0007,100,20,0
2026-04-06,S003,P0008,100,20,0
2026-04-06,S003,P0009,77,20,0
2026-04-06,S003,P0010,116,20,0
2026-04-06,S004,P0001,61,20,0
2026-04-06,S004,P0002,99,20,0
2026-04-06,S004,P0003,110,20,0
2026-04-06,S004,P0004,78,20,0
2026-04-06,S004,P0005,48,20,0
2026-04-06,S004,P0006,43,20,0
2026-04-06,S004,P0007,71,20,0
2026-04-06,S004,P0008,104,20,0
2026-04-06,S004,P0009,40,20,0
2026-04-06,S004,P0010,50,20,0
2026-04-06,S005,P0001,96,20,0
2026-04-06,S005,P0002,41,20,0
2026-04-06,S005,P0003,29,20,0
2026-04-06,S005,P0004,62,20,0
2026-04-06,S005,P0005,48,20,0
2026-04-06,S005,P0006,66,20,0
2026-04-06,S005,P0007,77,20,0
2026-04-06,S005,P0008,75,20,0
2026-04-06,S005,P0009,94,20,0
2026-04-06,S005,P0010,76,20,0
2026-04-07,S001,P0001,80,20,0
2026-04-07,S001,P0002,115,20,0
2026-04-07,S001,P0003,60,20,0
2026-04-07,S001,P0004,62,20,0
2026-04-07,S001,P0005,34,20,0
2026-04-07,S001,P0006,99,20,0
2026-04-07,S001,P0007,69,20,0
2026-04-07,S001,P0008,95,20,0
2026-04-07,S001,P0009,28,20,0
2026-04-07,S001,P0010,94,20,0
2026-04-07,S002,P0001,50,20,0
2026-04-07,S002,P0002,57,20,0
2026-04-07,S002,P0003,112,20,0
2026-04-07,S002,P0004,59,20,0
2026-04-07,S002,P0005,62,20,0
2026-04-07,S002,P0006,113,20,0
2026-04-07,S002,P0007,88,20,0
2026-04-07,S002,P0008,111,20,0
2026-04-07,S002,P0009,72,20,0
2026-04-07,S002,P0010,37,20,0
2026-04-07,S003,P0001,58,20,0
2026-04-07,S003,P0002,39,20,0
2026-04-07,S003,P0003,106,20,0
2026-04-07,S003,P0004,52,20,0
2026-04-07,S003,P0005,60,20,0
2026-04-07,S003,P0006,114,20,0
2026-04-07,S003,P0007,99,20,0
2026-04-07,S003,P0008,96,20,0
2026-04-07,S003,P0009,77,20,0
2026-04-07,S003,P0010,115,20,0
2026-04-07,S004,P0001,57,20,0
2026-04-07,S004,P0002,95,20,0
2026-04-07,S004,P0003,109,20,0
2026-04-07,S004,P0004,77,20,0
2026-04-07,S004,P0005,45,20,0
2026-04-07,S004,P0006,43,20,0
2026-04-07,S004,P0007,71,20,0
2026-04-07,S004,P0008,102,20,0
2026-04-07,S004,P0009,38,20,0
2026-04-07,S004,P0010,48,20,0
2026-04-07,S005,P0001,95,20,0
2026-04-07,S005,P0002,40,20,0
2026-04-07,S005,P0003,28,20,0
2026-04-07,S005,P0004,61,20,0
2026-04-07,S005,P0005,45,20,0
2026-04-07,S005,P0006,66,20,0
2026-04-07,S005,P0007,74,20,0
2026-04-07,S005,P0008,74,20,0
2026-04-07,S005,P0009,93,20,0
2026-04-07,S005,P0010,75,20,0
2026-04-08,S001,P0001,79,20,0
2026-04-08,S001,P0002,114,20,0
2026-04-08,S001,P0003,57,20,0
2026-04-08,S001,P0004,62,20,0
2026-04-08,S001,P0005,32,20,0
2026-04-08,S001,P0006,98,20,0
2026-04-08,S001,P0007,68,20,0
2026-04-08,S001,P0008,94,20,0
2026-04-08,S001,P0009,24,20,0
2026-04-08,S001,P0010,94,20,0
2026-04-08,S002,P0001,48,20,0
2026-04-08,S002,P0002,55,20,0
2026-04-08,S002,P0003,109,20,0
2026-04-08,S002,P0004,57,20,0
2026-04-08,S002,P0005,59,20,0
2026-04-08,S002,P0006,113,20,0
2026-04-08,S002,P0007,88,20,0
2026-04-08,S002,P0008,111,20,0
2026-04-08,S002,P0009,70,20,0
2026-04-08,S002,P0010,36,20,0
2026-04-08,S003,P0001,57,20,0
2026-04-08,S003,P0002,39,20,0
2026-04-08,S003,P0003,104,20,0
2026-04-08,S003,P0004,52,20,0
2026-04-08,S003,P0005,53,20,0
2026-04-08,S003,P0006,114,20,0
2026-04-08,S003,P0007,99,20,0
2026-04-08,S003,P0008,96,20,0
2026-04-08,S003,P0009,76,20,0
2026-04-08,S003,P0010,114,20,0
2026-04-08,S004,P0001,57,20,0
2026-04-08,S004,P0002,94,20,0
2026-04-08,S004,P0003,106,20,0
2026-04-08,S004,P0004,77,20,0
2026-04-08,S004,P0005,44,20,0
2026-04-08,S004,P0006,42,20,0
2026-04-08,S004,P0007,71,20,0
2026-04-08,S004,P0008,101,20,0
2026-04-08,S004,P0009,38,20,0
2026-04-08,S004,P0010,45,20,0
2026-04-08,S005,P0001,95,20,0
2026-04-08,S005,P0002,39,20,0
2026-04-08,S005,P0003,28,20,0
2026-04-08,S005,P0004,60,20,0
2026-04-08,S005,P0005,45,20,0
2026-04-08,S005,P0006,63,20,0
2026-04-08,S005,P0007,73,20,0
2026-04-08,S005,P0008,74,20,0
2026-04-08,S005,P0009,92,20,0
2026-04-08,S005,P0010,75,20,0
2026-04-09,S001,P0001,75,20,0
2026-04-09,S001,P0002,113,20,0
2026-04-09,S001,P0003,56,20,0
2026-04-09,S001,P0004,58,20,0
2026-04-09,S001,P0005,31,20,0
2026-04-09,S001,P0006,97,20,0
2026-04-09,S001,P0007,66,20,0
2026-04-09,S001,P0008,92,20,0
2026-04-09,S001,P0009,22,20,0
2026-04-09,S001,P0010,92,20,0
2026-04-09,S002,P0001,45,20,0
2026-04-09,S002,P0002,55,20,0
2026-04-09,S002,P0003,109,20,0
2026-04-09,S002,P0004,56,20,0
2026-04-09,S002,P0005,58,20,0
2026-04-09,S002,P0006,113,20,0
2026-04-09,S002,P0007,87,20,0
2026-04-09,S002,P0008,110,20,0
2026-04-09,S002,P0009,68,20,0
2026-04-09,S002,P0010,34,20,0
2026-04-09,S003,P0001,56,20,0
2026-04-09,S003,P0002,38,20,0
2026-04-09,S003,P0003,103,20,0
2026-04-09,S003,P0004,51,20,0
2026-04-09,S003,P0005,49,20,0
2026-04-09,S003,P0006,114,20,0
2026-04-09,S003,P0007,98,20,0
2026-04-09,S003,P0008,95,20,0
2026-04-09,S003,P0009,73,20,0
2026-04-09,S003,P0010,114,20,0
2026-04-09,S004,P0001,56,20,0
2026-04-09,S004,P0002,94,20,0
2026-04-09,S004,P0003,105,20,0
2026-04-09,S004,P0004,74,20,0
2026-04-09,S004,P0005,42,20,0
2026-04-09,S004,P0006,42,20,0
2026-04-09,S004,P0007,71,20,0
2026-04-09,S004,P0008,98,20,0
2026-04-09,S004,P0009,35,20,0
2026-04-09,S004,P0010,41,20,0
2026-04-09,S005,P0001,94,20,0
2026-04-09,S005,P0002,37,20,0
2026-04-09,S005,P0003,27,20,0
2026-04-09,S005,P0004,60,20,0
2026-04-09,S005,P0005,40,20,0
2026-04-09,S005,P0006,62,20,0
2026-04-09,S005,P0007,73,20,0
2026-04-09,S005,P0008,73,20,0
2026-04-09,S005,P0009,88,20,0
2026-04-09,S005,P0010,75,20,0
2026-04-10,S001,P0001,72,20,0
2026-04-10,S001,P0002,113,20,0
2026-04-10,S001,P0003,56,20,0
2026-04-10,S001,P0004,57,20,0
2026-04-10,S001,P0005,24,20,0
2026-04-10,S001,P0006,96,20,0
2026-04-10,S001,P0007,65,20,0
2026-04-10,S001,P0008,91,20,0
2026-04-10,S001,P0009,119,20,0
2026-04-10,S001,P0010,92,20,0
2026-04-10,S002,P0001,43,20,0
2026-04-10,S002,P0002,54,20,0
2026-04-10,S002,P0003,108,20,0
2026-04-10,S002,P0004,56,20,0
2026-04-10,S002,P0005,56,20,0
2026-04-10,S002,P0006,113,20,0
2026-04-10,S002,P0007,87,20,0
2026-04-10,S002,P0008,110,20,0
2026-04-10,S002,P0009,68,20,0
2026-04-10,S002,P0010,31,20,0
2026-04-10,S003,P0001,52,20,0
2026-04-10,S003,P0002,36,20,0
2026-04-10,S003,P0003,102,20,0
2026-04-10,S003,P0004,50,20,0
2026-04-10,S003,P0005,44,20,0
2026-04-10,S003,P0006,112,20,0
2026-04-10,S003,P0007,98,20,0
2026-04-10,S003,P0008,94,20,0
2026-04-10,S003,P0009,72,20,0
2026-04-10,S003,P0010,114,20,0
2026-04-10,S004,P0001,56,20,0
2026-04-10,S004,P0002,93,20,0
2026-04-10,S004,P0003,104,20,0
2026-04-10,S004,P0004,73,20,0
2026-04-10,S004,P0005,42,20,0
2026-04-10,S004,P0006,41,20,0
2026-04-10,S004,P0007,71,20,0
2026-04-10,S004,P0008,98,20,0
2026-04-10,S004,P0009,35,20,0
2026-04-10,S004,P0010,38,20,0
2026-04-10,S005,P0001,91,20,0
2026-04-10,S005,P0002,36,20,0
2026-04-10,S005,P0003,27,20,0
2026-04-10,S005,P0004,59,20,0
2026-04-10,S005,P0005,39,20,0
2026-04-10,S005,P0006,59,20,0
2026-04-10,S005,P0007,73,20,0
2026-04-10,S005,P0008,71,20,0
2026-04-10,S005,P0009,84,20,0
2026-04-10,S005,P0010,75,20,0
2026-04-11,S001,P0001,72,20,0
2026-04-11,S001,P0002,111,20,0
2026-04-11,S001,P0003,53,20,0
2026-04-11,S001,P0004,56,20,0
2026-04-11,S001,P0005,23,20,0
2026-04-11,S001,P0006,95,20,0
2026-04-11,S001,P0007,65,20,0
2026-04-11,S001,P0008,90,20,0
2026-04-11,S001,P0009,116,20,0
2026-04-11,S001,P0010,88,20,0
2026-04-11,S002,P0001,41,20,0
2026-04-11,S002,P0002,51,20,0
2026-04-11,S002,P0003,106,20,0
2026-04-11,S002,P0004,53,20,0
2026-04-11,S002,P0005,51,20,0
2026-04-11,S002,P0006,113,20,0
2026-04-11,S002,P0007,87,20,0
2026-04-11,S002,P0008,110,20,0
2026-04-11,S002,P0009,68,20,0
2026-04-11,S002,P0010,29,20,0
2026-04-11,S003,P0001,49,20,0
2026-04-11,S003,P0002,35,20,0
2026-04-11,S003,P0003,102,20,0
2026-04-11,S003,P0004,49,20,0
2026-04-11,S003,P0005,43,20,0
2026-04-11,S003,P0006,111,20,0
2026-04-11,S003,P0007,96,20,0
2026-04-11,S003,P0008,93,20,0
2026-04-11,S003,P0009,72,20,0
2026-04-11,S003,P0010,114,20,0
2026-04-11,S004,P0001,54,20,0
2026-04-11,S004,P0002,93,20,0
2026-04-11,S004,P0003,104,20,0
2026-04-11,S004,P0004,73,20,0
2026-04-11,S004,P0005,40,20,0
2026-04-11,S004,P0006,40,20,0
2026-04-11,S004,P0007,70,20,0
2026-04-11,S004,P0008,95,20,0
2026-04-11,S004,P0009,31,20,0
2026-04-11,S004,P0010,38,20,0
2026-04-11,S005,P0001,89,20,0
2026-04-11,S005,P0002,33,20,0
2026-04-11,S005,P0003,27,20,0
2026-04-11,S005,P0004,59,20,0
2026-04-11,S005,P0005,37,20,0
2026-04-11,S005,P0006,59,20,0
2026-04-11,S005,P0007,72,20,0
2026-04-11,S005,P0008,71,20,0
2026-04-11,S005,P0009,83,20,0
2026-04-11,S005,P0010,72,20,0
2026-04-12,S001,P0001,71,20,0
2026-04-12,S001,P0002,110,20,0
2026-04-12,S001,P0003,53,20,0
2026-04-12,S001,P0004,56,20,0
2026-04-12,S001,P0005,22,20,0
2026-04-12,S001,P0006,95,20,0
2026-04-12,S001,P0007,65,20,0
2026-04-12,S001,P0008,90,20,0
2026-04-12,S001,P0009,113,20,0
2026-04-12,S001,P0010,88,20,0
2026-04-12,S002,P0001,39,20,0
2026-04-12,S002,P0002,48,20,0
2026-04-12,S002,P0003,102,20,0
2026-04-12,S002,P0004,52,20,0
2026-04-12,S002,P0005,47,20,0
2026-04-12,S002,P0006,113,20,0
2026-04-12,S002,P0007,86,20,0
2026-04-12,S002,P0008,110,20,0
2026-04-12,S002,P0009,68,20,0
2026-04-12,S002,P0010,29,20,0
2026-04-12,S003,P0001,48,20,0
2026-04-12,S003,P0002,34,20,0
2026-04-12,S003,P0003,99,20,0
2026-04-12,S003,P0004,49,20,0
2026-04-12,S003,P0005,40,20,0
2026-04-12,S003,P0006,111,20,0
2026-04-12,S003,P0007,93,20,0
2026-04-12,S003,P0008,91,20,0
2026-04-12,S003,P0009,69,20,0
2026-04-12,S003,P0010,112,20,0
2026-04-12,S004,P0001,52,20,0
2026-04-12,S004,P0002,93,20,0
2026-04-12,S004,P0003,104,20,0
2026-04-12,S004,P0004,72,20,0
2026-04-12,S004,P0005,36,20,0
2026-04-12,S004,P0006,40,20,0
2026-04-12,S004,P0007,70,20,0
2026-04-12,S004,P0008,93,20,0
2026-04-12,S004,P0009,29,20,0
2026-04-12,S004,P0010,35,20,0
2026-04-12,S005,P0001,89,20,0
2026-04-12,S005,P0002,31,20,0
2026-04-12,S005,P0003,26,20,0
2026-04-12,S005,P0004,58,20,0
2026-04-12,S005,P0005,32,20,0
2026-04-12,S005,P0006,59,20,0
2026-04-12,S005,P0007,71,20,0
2026-04-12,S005,P0008,69,20,0
2026-04-12,S005,P0009,79,20,0
2026-04-12,S005,P0010,72,20,0
2026-04-13,S001,P0001,68,20,0
2026-04-13,S001,P0002,109,20,0
2026-04-13,S001,P0003,50,20,0
2026-04-13,S001,P0004,55,20,0
2026-04-13,S001,P0005,119,20,0
2026-04-13,S001,P0006,94,20,0
2026-04-13,S001,P0007,65,20,0
2026-04-13,S001,P0008,88,20,0
2026-04-13,S001,P0009,109,20,0
2026-04-13,S001,P0010,88,20,0
2026-04-13,S002,P0001,39,20,0
2026-04-13,S002,P0002,48,20,0
2026-04-13,S002,P0003,101,20,0
2026-04-13,S002,P0004,51,20,0
2026-04-13,S002,P0005,44,20,0
2026-04-13,S002,P0006,111,20,0
2026-04-13,S002,P0007,84,20,0
2026-04-13,S002,P0008,109,20,0
2026-04-13,S002,P0009,67,20,0
2026-04-13,S002,P0010,27,20,0
2026-04-13,S003,P0001,47,20,0
2026-04-13,S003,P0002,33,20,0
2026-04-13,S003,P0003,98,20,0
2026-04-13,S003,P0004,48,20,0
2026-04-13,S003,P0005,36,20,0
2026-04-13,S003,P0006,111,20,0
2026-04-13,S003,P0007,93,20,0
2026-04-13,S003,P0008,90,20,0
2026-04-13,S003,P0009,64,20,0
2026-04-13,S003,P0010,111,20,0
2026-04-13,S004,P0001,52,20,0
2026-04-13,S004,P0002,91,20,0
2026-04-13,S004,P0003,103,20,0
2026-04-13,S004,P0004,71,20,0
2026-04-13,S004,P0005,34,20,0
2026-04-13,S004,P0006,40,20,0
2026-04-13,S004,P0007,70,20,0
2026-04-13,S004,P0008,92,20,0
2026-04-13,S004,P0009,28,20,0
2026-04-13,S004,P0010,34,20,0
2026-04-13,S005,P0001,86,20,0
2026-04-13,S005,P0002,29,20,0
2026-04-13,S005,P0003,25,20,0
2026-04-13,S005,P0004,57,20,0
2026-04-13,S005,P0005,29,20,0
2026-04-13,S005,P0006,58,20,0
2026-04-13,S005,P0007,71,20,0
2026-04-13,S005,P0008,64,20,0
2026-04-13,S005,P0009,78,20,0
2026-04-13,S005,P0010,69,20,0
2026-04-14,S001,P0001,68,20,0
2026-04-14,S001,P0002,109,20,0
2026-04-14,S001,P0003,50,20,0
2026-04-14,S001,P0004,54,20,0
2026-04-14,S001,P0005,114,20,0
2026-04-14,S001,P0006,93,20,0
2026-04-14,S001,P0007,64,20,0
2026-04-14,S001,P0008,85,20,0
2026-04-14,S001,P0009,108,20,0
2026-04-14,S001,P0010,87,20,0
2026-04-14,S002,P0001,39,20,0
2026-04-14,S002,P0002,48,20,0
2026-04-14,S002,P0003,99,20,0
2026-04-14,S002,P0004,49,20,0
2026-04-14,S002,P0005,41,20,0
2026-04-14,S002,P0006,110,20,0
2026-04-14,S002,P0007,84,20,0
2026-04-14,S002,P0008,106,20,0
2026-04-14,S002,P0009,65,20,0
2026-04-14,S002,P0010,27,20,0
2026-04-14,S003,P0001,47,20,0
2026-04-14,S003,P0002,30,20,0
2026-04-14,S003,P0003,97,20,0
2026-04-14,S003,P0004,47,20,0
2026-04-14,S003,P0005,33,20,0
2026-04-14,S003,P0006,111,20,0
2026-04-14,S003,P0007,92,20,0
2026-04-14,S003,P0008,89,20,0
2026-04-14,S003,P0009,63,20,0
2026-04-14,S003,P0010,108,20,0
2026-04-14,S004,P0001,52,20,0
2026-04-14,S004,P0002,87,20,0
2026-04-14,S004,P0003,102,20,0
2026-04-14,S004,P0004,70,20,0
2026-04-14,S004,P0005,33,20,0
2026-04-14,S004,P0006,40,20,0
2026-04-14,S004,P0007,69,20,0
2026-04-14,S004,P0008,91,20,0
2026-04-14,S004,P0009,26,20,0
2026-04-14,S004,P0010,33,20,0
2026-04-14,S005,P0001,84,20,0
2026-04-14,S005,P0002,27,20,0
2026-04-14,S005,P0003,24,20,0
2026-04-14,S005,P0004,56,20,0
2026-04-14,S005,P0005,24,20,0
2026-04-14,S005,P0006,57,20,0
2026-04-14,S005,P0007,68,20,0
2026-04-14,S005,P0008,61,20,0
2026-04-14,S005,P0009,75,20,0
2026-04-14,S005,P0010,67,20,0
2026-04-15,S001,P0001,63,20,0
2026-04-15,S001,P0002,108,20,0
2026-04-15,S001,P0003,50,20,0
2026-04-15,S001,P0004,54,20,0
2026-04-15,S001,P0005,112,20,0
2026-04-15,S001,P0006,93,20,0
2026-04-15,S001,P0007,64,20,0
2026-04-15,S001,P0008,84,20,0
2026-04-15,S001,P0009,107,20,0
2026-04-15,S001,P0010,86,20,0
2026-04-15,S002,P0001,38,20,0
2026-04-15,S002,P0002,48,20,0
2026-04-15,S002,P0003,96,20,0
2026-04-15,S002,P0004,48,20,0
2026-04-15,S002,P0005,38,20,0
2026-04-15,S002,P0006,109,20,0
2026-04-15,S002,P0007,83,20,0
2026-04-15,S002,P0008,104,20,0
2026-04-15,S002,P0009,64,20,0
2026-04-15,S002,P0010,25,20,0
2026-04-15,S003,P0001,46,20,0
2026-04-15,S003,P0002,29,20,0
2026-04-15,S003,P0003,96,20,0
2026-04-15,S003,P0004,47,20,0
2026-04-15,S003,P0005,30,20,0
2026-04-15,S003,P0006,110,20,0
2026-04-15,S003,P0007,92,20,0
2026-04-15,S003,P0008,88,20,0
2026-04-15,S003,P0009,61,20,0
2026-04-15,S003,P0010,108,20,0
2026-04-15,S004,P0001,51,20,0
2026-04-15,S004,P0002,86,20,0
2026-04-15,S004,P0003,101,20,0
2026-04-15,S004,P0004,69,20,0
2026-04-15,S004,P0005,32,20,0
2026-04-15,S004,P0006,40,20,0
2026-04-15,S004,P0007,68,20,0
2026-04-15,S004,P0008,89,20,0
2026-04-15,S004,P0009,21,20,0
2026-04-15,S004,P0010,30,20,0
2026-04-15,S005,P0001,83,20,0
2026-04-15,S005,P0002,24,20,0
2026-04-15,S005,P0003,23,20,0
2026-04-15,S005,P0004,56,20,0
2026-04-15,S005,P0005,23,20,0
2026-04-15,S005,P0006,55,20,0
2026-04-15,S005,P0007,68,20,0
2026-04-15,S005,P0008,60,20,0
2026-04-15,S005,P0009,73,20,0
2026-04-15,S005,P0010,66,20,0
2026-04-16,S001,P0001,60,20,0
2026-04-16,S001,P0002,108,20,0
2026-04-16,S001,P0003,50,20,0
2026-04-16,S001,P0004,53,20,0
2026-04-16,S001,P0005,112,20,0
2026-04-16,S001,P0006,93,20,0
2026-04-16,S001,P0007,60,20,0
2026-04-16,S001,P0008,83,20,0
2026-04-16,S001,P0009,104,20,0
2026-04-16,S001,P0010,86,20,0
2026-04-16,S002,P0001,37,20,0
2026-04-16,S002,P0002,46,20,0
2026-04-16,S002,P0003,94,20,0
2026-04-16,S002,P0004,47,20,0
2026-04-16,S002,P0005,36,20,0
2026-04-16,S002,P0006,108,20,0
2026-04-16,S002,P0007,83,20,0
2026-04-16,S002,P0008,101,20,0
2026-04-16,S002,P0009,64,20,0
2026-04-16,S002,P0010,24,20,0
2026-04-16,S003,P0001,44,20,0
2026-04-16,S003,P0002,28,20,0
2026-04-16,S003,P0003,96,20,0
2026-04-16,S003,P0004,45,20,0
2026-04-16,S003,P0005,27,20,0
2026-04-16,S003,P0006,109,20,0
2026-04-16,S003,P0007,90,20,0
2026-04-16,S003,P0008,87,20,0
2026-04-16,S003,P0009,59,20,0
2026-04-16,S003,P0010,107,20,0
2026-04-16,S004,P0001,48,20,0
2026-04-16,S004,P0002,86,20,0
2026-04-16,S004,P0003,101,20,0
2026-04-16,S004,P0004,68,20,0
2026-04-16,S004,P0005,31,20,0
2026-04-16,S004,P0006,39,20,0
2026-04-16,S004,P0007,66,20,0
2026-04-16,S004,P0008,86,20,0
2026-04-16,S004,P0009,20,20,0
2026-04-16,S004,P0010,30,20,0
2026-04-16,S005,P0001,81,20,0
2026-04-16,S005,P0002,23,20,0
2026-04-16,S005,P0003,22,20,0
2026-04-16,S005,P0004,56,20,0
2026-04-16,S005,P0005,118,20,0
2026-04-16,S005,P0006,55,20,0
2026-04-16,S005,P0007,67,20,0
2026-04-16,S005,P0008,60,20,0
2026-04-16,S005,P0009,73,20,0
2026-04-16,S005,P0010,66,20,0
2026-04-17,S001,P0001,58,20,0
2026-04-17,S001,P0002,106,20,0
2026-04-17,S001,P0003,49,20,0
2026-04-17,S001,P0004,53,20,0
2026-04-17,S001,P0005,109,20,0
2026-04-17,S001,P0006,92,20,0
2026-04-17,S001,P0007,59,20,0
2026-04-17,S001,P0008,82,20,0
2026-04-17,S001,P0009,102,20,0
2026-04-17,S001,P0010,86,20,0
2026-04-17,S002,P0001,36,20,0
2026-04-17,S002,P0002,44,20,0
2026-04-17,S002,P0003,91,20,0
2026-04-17,S002,P0004,46,20,0
2026-04-17,S002,P0005,32,20,0
2026-04-17,S002,P0006,108,20,0
2026-04-17,S002,P0007,83,20,0
2026-04-17,S002,P0008,101,20,0
2026-04-17,S002,P0009,61,20,0
2026-04-17,S002,P0010,23,20,0
2026-04-17,S003,P0001,43,20,0
2026-04-17,S003,P0002,27,20,0
2026-04-17,S003,P0003,95,20,0
2026-04-17,S003,P0004,44,20,0
2026-04-17,S003,P0005,25,20,0
2026-04-17,S003,P0006,109,20,0
2026-04-17,S003,P0007,87,20,0
2026-04-17,S003,P0008,86,20,0
2026-04-17,S003,P0009,59,20,0
2026-04-17,S003,P0010,106,20,0
2026-04-17,S004,P0001,47,20,0
2026-04-17,S004,P0002,85,20,0
2026-04-17,S004,P0003,101,20,0
2026-04-17,S004,P0004,68,20,0
2026-04-17,S004,P0005,31,20,0
2026-04-17,S004,P0006,39,20,0
2026-04-17,S004,P0007,66,20,0
2026-04-17,S004,P0008,83,20,0
2026-04-17,S004,P0009,119,20,0
2026-04-17,S004,P0010,29,20,0
2026-04-17,S005,P0001,79,20,0
2026-04-17,S005,P0002,23,20,0
2026-04-17,S005,P0003,119,20,0
2026-04-17,S005,P0004,53,20,0
2026-04-17,S005,P0005,116,20,0
2026-04-17,S005,P0006,54,20,0
2026-04-17,S005,P0007,65,20,0
2026-04-17,S005,P0008,60,20,0
2026-04-17,S005,P0009,71,20,0
2026-04-17,S005,P0010,64,20,0
2026-04-18,S001,P0001,56,20,0
2026-04-18,S001,P0002,104,20,0
2026-04-18,S001,P0003,48,20,0
2026-04-18,S001,P0004,52,20,0
2026-04-18,S001,P0005,104,20,0
2026-04-18,S001,P0006,92,20,0
2026-04-18,S001,P0007,59,20,0
2026-04-18,S001,P0008,82,20,0
2026-04-18,S001,P0009,101,20,0
2026-04-18,S001,P0010,85,20,0
2026-04-18,S002,P0001,34,20,0
2026-04-18,S002,P0002,40,20,0
2026-04-18,S002,P0003,89,20,0
2026-04-18,S002,P0004,44,20,0
2026-04-18,S002,P0005,28,20,0
2026-04-18,S002,P0006,108,20,0
2026-04-18,S002,P0007,83,20,0
2026-04-18,S002,P0008,100,20,0
2026-04-18,S002,P0009,58,20,0
2026-04-18,S002,P0010,22,20,0
2026-04-18,S003,P0001,41,20,0
2026-04-18,S003,P0002,25,20,0
2026-04-18,S003,P0003,94,20,0
2026-04-18,S003,P0004,44,20,0
2026-04-18,S003,P0005,23,20,0
2026-04-18,S003,P0006,109,20,0
2026-04-18,S003,P0007,87,20,0
2026-04-18,S003,P0008,84,20,0
2026-04-18,S003,P0009,54,20,0
2026-04-18,S003,P0010,104,20,0
2026-04-18,S004,P0001,47,20,0
2026-04-18,S004,P0002,83,20,0
2026-04-18,S004,P0003,100,20,0
2026-04-18,S004,P0004,66,20,0
2026-04-18,S004,P0005,31,20,0
2026-04-18,S004,P0006,37,20,0
2026-04-18,S004,P0007,65,20,0
2026-04-18,S004,P0008,83,20,0
2026-04-18,S004,P0009,116,20,0
2026-04-18,S004,P0010,26,20,0
2026-04-18,S005,P0001,78,20,0
2026-04-18,S005,P0002,22,20,0
2026-04-18,S005,P0003,117,20,0
2026-04-18,S005,P0004,52,20,0
2026-04-18,S005,P0005,111,20,0
2026-04-18,S005,P0006,54,20,0
2026-04-18,S005,P0007,65,20,0
2026-04-18,S005,P0008,60,20,0
2026-04-18,S005,P0009,71,20,0
2026-04-18,S005,P0010,62,20,0
2026-04-19,S001,P0001,53,20,0
2026-04-19,S001,P0002,102,20,0
2026-04-19,S001,P0003,48,20,0
2026-04-19,S001,P0004,51,20,0
2026-04-19,S001,P0005,104,20,0
2026-04-19,S001,P0006,90,20,0
2026-04-19,S001,P0007,59,20,0
2026-04-19,S001,P0008,81,20,0
2026-04-19,S001,P0009,99,20,0
2026-04-19,S001,P0010,85,20,0
2026-04-19,S002,P0001,31,20,0
2026-04-19,S002,P0002,40,20,0
2026-04-19,S002,P0003,88,20,0
2026-04-19,S002,P0004,44,20,0
2026-04-19,S002,P0005,26,20,0
2026-04-19,S002,P0006,107,20,0
2026-04-19,S002,P0007,81,20,0
2026-04-19,S002,P0008,99,20,0
2026-04-19,S002,P0009,58,20,0
2026-04-19,S002,P0010,21,20,0
2026-04-19,S003,P0001,41,20,0
2026-04-19,S003,P0002,21,20,0
2026-04-19,S003,P0003,93,20,0
2026-04-19,S003,P0004,44,20,0
2026-04-19,S003,P0005,23,20,0
2026-04-19,S003,P0006,109,20,0
2026-04-19,S003,P0007,87,20,0
2026-04-19,S003,P0008,82,20,0
2026-04-19,S003,P0009,53,20,0
2026-04-19,S003,P0010,104,20,0
2026-04-19,S004,P0001,46,20,0
2026-04-19,S004,P0002,82,20,0
2026-04-19,S004,P0003,98,20,0
2026-04-19,S004,P0004,64,20,0
2026-04-19,S004,P0005,29,20,0
2026-04-19,S004,P0006,37,20,0
2026-04-19,S004,P0007,65,20,0
2026-04-19,S004,P0008,81,20,0
2026-04-19,S004,P0009,112,20,0
2026-04-19,S004,P0010,26,20,0
2026-04-19,S005,P0001,75,20,0
2026-04-19,S005,P0002,21,20,0
2026-04-19,S005,P0003,115,20,0
2026-04-19,S005,P0004,52,20,0
2026-04-19,S005,P0005,110,20,0
2026-04-19,S005,P0006,54,20,0
2026-04-19,S005,P0007,64,20,0
2026-04-19,S005,P0008,59,20,0
2026-04-19,S005,P0009,70,20,0
2026-04-19,S005,P0010,61,20,0
2026-04-20,S001,P0001,51,20,0
2026-04-20,S001,P0002,100,20,0
2026-04-20,S001,P0003,46,20,0
2026-04-20,S001,P0004,48,20,0
2026-04-20,S001,P0005,103,20,0
2026-04-20,S001,P0006,89,20,0
2026-04-20,S001,P0007,57,20,0
2026-04-20,S001,P0008,75,20,0
2026-04-20,S001,P0009,96,20,0
2026-04-20,S001,P0010,85,20,0
2026-04-20,S002,P0001,29,20,0
2026-04-20,S002,P0002,36,20,0
2026-04-20,S002,P0003,88,20,0
2026-04-20,S002,P0004,43,20,0
2026-04-20,S002,P0005,26,20,0
2026-04-20,S002,P0006,106,20,0
2026-04-20,S002,P0007,79,20,0
2026-04-20,S002,P0008,97,20,0
2026-04-20,S002,P0009,57,20,0
2026-04-20,S002,P0010,118,20,0
2026-04-20,S003,P0001,39,20,0
2026-04-20,S003,P0002,20,20,0
2026-04-20,S003,P0003,91,20,0
2026-04-20,S003,P0004,43,20,0
2026-04-20,S003,P0005,20,20,0
2026-04-20,S003,P0006,109,20,0
2026-04-20,S003,P0007,87,20,0
2026-04-20,S003,P0008,80,20,0
2026-04-20,S003,P0009,50,20,0
2026-04-20,S003,P0010,102,20,0
2026-04-20,S004,P0001,44,20,0
2026-04-20,S004,P0002,79,20,0
2026-04-20,S004,P0003,98,20,0
2026-04-20,S004,P0004,64,20,0
2026-04-20,S004,P0005,27,20,0
2026-04-20,S004,P0006,36,20,0
2026-04-20,S004,P0007,65,20,0
2026-04-20,S004,P0008,80,20,0
2026-04-20,S004,P0009,111,20,0
2026-04-20,S004,P0010,24,20,0
2026-04-20,S005,P0001,74,20,0
2026-04-20,S005,P0002,119,20,0
2026-04-20,S005,P0003,112,20,0
2026-04-20,S005,P0004,51,20,0
2026-04-20,S005,P0005,107,20,0
2026-04-20,S005,P0006,54,20,0
2026-04-20,S005,P0007,64,20,0
2026-04-20,S005,P0008,59,20,0
2026-04-20,S005,P0009,69,20,0
2026-04-20,S005,P0010,61,20,0
2026-04-21,S001,P0001,47,20,0
2026-04-21,S001,P0002,99,20,0
2026-04-21,S001,P0003,44,20,0
2026-04-21,S001,P0004,47,20,0
2026-04-21,S001,P0005,102,20,0
2026-04-21,S001,P0006,89,20,0
2026-04-21,S001,P0007,55,20,0
2026-04-21,S001,P0008,73,20,0
2026-04-21,S001,P0009,93,20,0
2026-04-21,S001,P0010,85,20,0
2026-04-21,S002,P0001,27,20,0
2026-04-21,S002,P0002,34,20,0
2026-04-21,S002,P0003,88,20,0
2026-04-21,S002,P0004,42,20,0
2026-04-21,S002,P0005,24,20,0
2026-04-21,S002,P0006,105,20,0
2026-04-21,S002,P0007,79,20,0
2026-04-21,S002,P0008,95,20,0
2026-04-21,S002,P0009,55,20,0
2026-04-21,S002,P0010,116,20,0
2026-04-21,S003,P0001,37,20,0
2026-04-21,S003,P0002,119,20,0
2026-04-21,S003,P0003,91,20,0
2026-04-21,S003,P0004,43,20,0
2026-04-21,S003,P0005,118,20,0
2026-04-21,S003,P0006,108,20,0
2026-04-21,S003,P0007,85,20,0
2026-04-21,S003,P0008,79,20,0
2026-04-21,S003,P0009,48,20,0
2026-04-21,S003,P0010,101,20,0
2026-04-21,S004,P0001,44,20,0
2026-04-21,S004,P0002,75,20,0
2026-04-21,S004,P0003,96,20,0
2026-04-21,S004,P0004,64,20,0
2026-04-21,S004,P0005,23,20,0
2026-04-21,S004,P0006,35,20,0
2026-04-21,S004,P0007,65,20,0
2026-04-21,S004,P0008,80,20,0
2026-04-21,S004,P0009,110,20,0
2026-04-21,S004,P0010,22,20,0
2026-04-21,S005,P0001,74,20,0
2026-04-21,S005,P0002,116,20,0
2026-04-21,S005,P0003,111,20,0
2026-04-21,S005,P0004,49,20,0
2026-04-21,S005,P0005,106,20,0
2026-04-21,S005,P0006,54,20,0
2026-04-21,S005,P0007,64,20,0
2026-04-21,S005,P0008,59,20,0
2026-04-21,S005,P0009,67,20,0
2026-04-21,S005,P0010,61,20,0
2026-04-22,S001,P0001,46,20,0
2026-04-22,S001,P0002,99,20,0
2026-04-22,S001,P0003,42,20,0
2026-04-22,S001,P0004,47,20,0
2026-04-22,S001,P0005,99,20,0
2026-04-22,S001,P0006,88,20,0
2026-04-22,S001,P0007,55,20,0
2026-04-22,S001,P0008,72,20,0
2026-04-22,S001,P0009,91,20,0
2026-04-22,S001,P0010,84,20,0
2026-04-22,S002,P0001,27,20,0
2026-04-22,S002,P0002,32,20,0
2026-04-22,S002,P0003,85,20,0
2026-04-22,S002,P0004,42,20,0
2026-04-22,S002,P0005,21,20,0
2026-04-22,S002,P0006,103,20,0
2026-04-22,S002,P0007,77,20,0
2026-04-22,S002,P0008,94,20,0
2026-04-22,S002,P0009,55,20,0
2026-04-22,S002,P0010,115,20,0
2026-04-22,S003,P0001,36,20,0
2026-04-22,S003,P0002,117,20,0
2026-04-22,S003,P0003,90,20,0
2026-04-22,S003,P0004,41,20,0
2026-04-22,S003,P0005,117,20,0
2026-04-22,S003,P0006,105,20,0
2026-04-22,S003,P0007,84,20,0
2026-04-22,S003,P0008,77,20,0
2026-04-22,S003,P0009,45,20,0
2026-04-22,S003,P0010,100,20,0
2026-04-22,S004,P0001,41,20,0
2026-04-22,S004,P0002,73,20,0
2026-04-22,S004,P0003,95,20,0
2026-04-22,S004,P0004,63,20,0
2026-04-22,S004,P0005,21,20,0
2026-04-22,S004,P0006,33,20,0
2026-04-22,S004,P0007,64,20,0
2026-04-22,S004,P0008,79,20,0
2026-04-22,S004,P0009,109,20,0
2026-04-22,S004,P0010,21,20,0
2026-04-22,S005,P0001,73,20,0
2026-04-22,S005,P0002,114,20,0
2026-04-22,S005,P0003,110,20,0
2026-04-22,S005,P0004,47,20,0
2026-04-22,S005,P0005,104,20,0
2026-04-22,S005,P0006,54,20,0
2026-04-22,S005,P0007,63,20,0
2026-04-22,S005,P0008,58,20,0
2026-04-22,S005,P0009,64,20,0
2026-04-22,S005,P0010,59,20,0
2026-04-23,S001,P0001,44,20,0
2026-04-23,S001,P0002,98,20,0
2026-04-23,S001,P0003,42,20,0
2026-04-23,S001,P0004,46,20,0
2026-04-23,S001,P0005,95,20,0
2026-04-23,S001,P0006,88,20,0
2026-04-23,S001,P0007,54,20,0
2026-04-23,S001,P0008,71,20,0
2026-04-23,S001,P0009,90,20,0
2026-04-23,S001,P0010,82,20,0
2026-04-23,S002,P0001,26,20,0
2026-04-23,S002,P0002,32,20,0
2026-04-23,S002,P0003,81,20,0
2026-04-23,S002,P0004,41,20,0
2026-04-23,S002,P0005,118,20,0
2026-04-23,S002,P0006,102,20,0
2026-04-23,S002,P0007,74,20,0
2026-04-23,S002,P0008,94,20,0
2026-04-23,S002,P0009,55,20,0
2026-04-23,S002,P0010,115,20,0
2026-04-23,S003,P0001,34,20,0
2026-04-23,S003,P0002,117,20,0
2026-04-23,S003,P0003,90,20,0
2026-04-23,S003,P0004,40,20,0
2026-04-23,S003,P0005,114,20,0
2026-04-23,S003,P0006,103,20,0
2026-04-23,S003,P0007,83,20,0
2026-04-23,S003,P0008,75,20,0
2026-04-23,S003,P0009,41,20,0
2026-04-23,S003,P0010,100,20,0
2026-04-23,S004,P0001,40,20,0
2026-04-23,S004,P0002,71,20,0
2026-04-23,S004,P0003,95,20,0
2026-04-23,S004,P0004,62,20,0
2026-04-23,S004,P0005,116,20,0
2026-04-23,S004,P0006,32,20,0
2026-04-23,S004,P0007,63,20,0
2026-04-23,S004,P0008,75,20,0
2026-04-23,S004,P0009,106,20,0
2026-04-23,S004,P0010,119,20,0
2026-04-23,S005,P0001,73,20,0
2026-04-23,S005,P0002,112,20,0
2026-04-23,S005,P0003,110,20,0
2026-04-23,S005,P0004,47,20,0
2026-04-23,S005,P0005,99,20,0
2026-04-23,S005,P0006,54,20,0
2026-04-23,S005,P0007,62,20,0
2026-04-23,S005,P0008,57,20,0
2026-04-23,S005,P0009,64,20,0
2026-04-23,S005,P0010,57,20,0
2026-04-24,S001,P0001,40,20,0
2026-04-24,S001,P0002,97,20,0
2026-04-24,S001,P0003,42,20,0
2026-04-24,S001,P0004,46,20,0
2026-04-24,S001,P0005,93,20,0
2026-04-24,S001,P0006,88,20,0
2026-04-24,S001,P0007,53,20,0
2026-04-24,S001,P0008,69,20,0
2026-04-24,S001,P0009,89,20,0
2026-04-24,S001,P0010,81,20,0
2026-04-24,S002,P0001,25,20,0
2026-04-24,S002,P0002,31,20,0
2026-04-24,S002,P0003,81,20,0
2026-04-24,S002,P0004,41,20,0
2026-04-24,S002,P0005,115,20,0
2026-04-24,S002,P0006,102,20,0
2026-04-24,S002,P0007,72,20,0
2026-04-24,S002,P0008,92,20,0
2026-04-24,S002,P0009,53,20,0
2026-04-24,S002,P0010,113,20,0
2026-04-24,S003,P0001,33,20,0
2026-04-24,S003,P0002,117,20,0
2026-04-24,S003,P0003,90,20,0
2026-04-24,S003,P0004,37,20,0
2026-04-24,S003,P0005,110,20,0
2026-04-24,S003,P0006,102,20,0
2026-04-24,S003,P0007,80,20,0
2026-04-24,S003,P0008,74,20,0
2026-04-24,S003,P0009,37,20,0
2026-04-24,S003,P0010,99,20,0
2026-04-24,S004,P0001,37,20,0
2026-04-24,S004,P0002,70,20,0
2026-04-24,S004,P0003,95,20,0
2026-04-24,S004,P0004,62,20,0
2026-04-24,S004,P0005,116,20,0
2026-04-24,S004,P0006,32,20,0
2026-04-24,S004,P0007,61,20,0
2026-04-24,S004,P0008,73,20,0
2026-04-24,S004,P0009,105,20,0
2026-04-24,S004,P0010,118,20,0
2026-04-24,S005,P0001,72,20,0
2026-04-24,S005,P0002,111,20,0
2026-04-24,S005,P0003,110,20,0
2026-04-24,S005,P0004,43,20,0
2026-04-24,S005,P0005,99,20,0
2026-04-24,S005,P0006,54,20,0
2026-04-24,S005,P0007,61,20,0
2026-04-24,S005,P0008,54,20,0
2026-04-24,S005,P0009,64,20,0
2026-04-24,S005,P0010,57,20,0
2026-04-25,S001,P0001,39,20,0
2026-04-25,S001,P0002,95,20,0
2026-04-25,S001,P0003,39,20,0
2026-04-25,S001,P0004,46,20,0
2026-04-25,S001,P0005,90,20,0
2026-04-25,S001,P0006,88,20,0
2026-04-25,S001,P0007,52,20,0
2026-04-25,S001,P0008,68,20,0
2026-04-25,S001,P0009,87,20,0
2026-04-25,S001,P0010,78,20,0
2026-04-25,S002,P0001,25,20,0
2026-04-25,S002,P0002,29,20,0
2026-04-25,S002,P0003,75,20,0
2026-04-25,S002,P0004,38,20,0
2026-04-25,S002,P0005,112,20,0
2026-04-25,S002,P0006,100,20,0
2026-04-25,S002,P0007,70,20,0
2026-04-25,S002,P0008,91,20,0
2026-04-25,S002,P0009,51,20,0
2026-04-25,S002,P0010,112,20,0
2026-04-25,S003,P0001,32,20,0
2026-04-25,S003,P0002,116,20,0
2026-04-25,S003,P0003,90,20,0
2026-04-25,S003,P0004,37,20,0
2026-04-25,S003,P0005,108,20,0
2026-04-25,S003,P0006,101,20,0
2026-04-25,S003,P0007,80,20,0
2026-04-25,S003,P0008,74,20,0
2026-04-25,S003,P0009,35,20,0
2026-04-25,S003,P0010,99,20,0
2026-04-25,S004,P0001,36,20,0
2026-04-25,S004,P0002,69,20,0
2026-04-25,S004,P0003,90,20,0
2026-04-25,S004,P0004,62,20,0
2026-04-25,S004,P0005,113,20,0
2026-04-25,S004,P0006,32,20,0
2026-04-25,S004,P0007,61,20,0
2026-04-25,S004,P0008,71,20,0
2026-04-25,S004,P0009,101,20,0
2026-04-25,S004,P0010,117,20,0
2026-04-25,S005,P0001,72,20,0
2026-04-25,S005,P0002,108,20,0
2026-04-25,S005,P0003,109,20,0
2026-04-25,S005,P0004,42,20,0
2026-04-25,S005,P0005,97,20,0
2026-04-25,S005,P0006,54,20,0
2026-04-25,S005,P0007,57,20,0
2026-04-25,S005,P0008,51,20,0
2026-04-25,S005,P0009,61,20,0
2026-04-25,S005,P0010,56,20,0
2026-04-26,S001,P0001,37,20,0
2026-04-26,S001,P0002,95,20,0
2026-04-26,S001,P0003,38,20,0
2026-04-26,S001,P0004,45,20,0
2026-04-26,S001,P0005,90,20,0
2026-04-26,S001,P0006,88,20,0
2026-04-26,S001,P0007,51,20,0
2026-04-26,S001,P0008,67,20,0
2026-04-26,S001,P0009,85,20,0
2026-04-26,S001,P0010,77,20,0
2026-04-26,S002,P0001,24,20,0
2026-04-26,S002,P0002,28,20,0
2026-04-26,S002,P0003,74,20,0
2026-04-26,S002,P0004,35,20,0
2026-04-26,S002,P0005,110,20,0
2026-04-26,S002,P0006,99,20,0
2026-04-26,S002,P0007,70,20,0
2026-04-26,S002,P0008,89,20,0
2026-04-26,S002,P0009,50,20,0
2026-04-26,S002,P0010,111,20,0
2026-04-26,S003,P0001,30,20,0
2026-04-26,S003,P0002,115,20,0
2026-04-26,S003,P0003,89,20,0
2026-04-26,S003,P0004,37,20,0
2026-04-26,S003,P0005,104,20,0
2026-04-26,S003,P0006,100,20,0
2026-04-26,S003,P0007,80,20,0
2026-04-26,S003,P0008,72,20,0
2026-04-26,S003,P0009,33,20,0
2026-04-26,S003,P0010,97,20,0
2026-04-26,S004,P0001,35,20,0
2026-04-26,S004,P0002,68,20,0
2026-04-26,S004,P0003,89,20,0
2026-04-26,S004,P0004,60,20,0
2026-04-26,S004,P0005,111,20,0
2026-04-26,S004,P0006,32,20,0
2026-04-26,S004,P0007,60,20,0
2026-04-26,S004,P0008,71,20,0
2026-04-26,S004,P0009,98,20,0
2026-04-26,S004,P0010,116,20,0
2026-04-26,S005,P0001,72,20,0
2026-04-26,S005,P0002,106,20,0
2026-04-26,S005,P0003,109,20,0
2026-04-26,S005,P0004,41,20,0
2026-04-26,S005,P0005,95,20,0
2026-04-26,S005,P0006,53,20,0
2026-04-26,S005,P0007,55,20,0
2026-04-26,S005,P0008,50,20,0
2026-04-26,S005,P0009,61,20,0
2026-04-26,S005,P0010,53,20,0
2026-04-27,S001,P0001,37,20,0
2026-04-27,S001,P0002,95,20,0
2026-04-27,S001,P0003,37,20,0
2026-04-27,S001,P0004,44,20,0
2026-04-27,S001,P0005,85,20,0
2026-04-27,S001,P0006,85,20,0
2026-04-27,S001,P0007,49,20,0
2026-04-27,S001,P0008,67,20,0
2026-04-27,S001,P0009,84,20,0
2026-04-27,S001,P0010,76,20,0
2026-04-27,S002,P0001,22,20,0
2026-04-27,S002,P0002,27,20,0
2026-04-27,S002,P0003,73,20,0
2026-04-27,S002,P0004,34,20,0
2026-04-27,S002,P0005,110,20,0
2026-04-27,S002,P0006,96,20,0
2026-04-27,S002,P0007,68,20,0
2026-04-27,S002,P0008,88,20,0
2026-04-27,S002,P0009,50,20,0
2026-04-27,S002,P0010,109,20,0
2026-04-27,S003,P0001,29,20,0
2026-04-27,S003,P0002,114,20,0
2026-04-27,S003,P0003,88,20,0
2026-04-27,S003,P0004,35,20,0
2026-04-27,S003,P0005,102,20,0
2026-04-27,S003,P0006,98,20,0
2026-04-27,S003,P0007,79,20,0
2026-04-27,S003,P0008,72,20,0
2026-04-27,S003,P0009,32,20,0
2026-04-27,S003,P0010,96,20,0
2026-04-27,S004,P0001,32,20,0
2026-04-27,S004,P0002,67,20,0
2026-04-27,S004,P0003,88,20,0
2026-04-27,S004,P0004,58,20,0
2026-04-27,S004,P0005,108,20,0
2026-04-27,S004,P0006,29,20,0
2026-04-27,S004,P0007,58,20,0
2026-04-27,S004,P0008,71,20,0
2026-04-27,S004,P0009,98,20,0
2026-04-27,S004,P0010,116,20,0
2026-04-27,S005,P0001,71,20,0
2026-04-27,S005,P0002,103,20,0
2026-04-27,S005,P0003,108,20,0
2026-04-27,S005,P0004,41,20,0
2026-04-27,S005,P0005,94,20,0
2026-04-27,S005,P0006,53,20,0
2026-04-27,S005,P0007,55,20,0
2026-04-27,S005,P0008,49,20,0
2026-04-27,S005,P0009,60,20,0
2026-04-27,S005,P0010,52,20,0
2026-04-28,S001,P0001,37,20,0
2026-04-28,S001,P0002,94,20,0
2026-04-28,S001,P0003,34,20,0
2026-04-28,S001,P0004,43,20,0
2026-04-28,S001,P0005,80,20,0
2026-04-28,S001,P0006,83,20,0
2026-04-28,S001,P0007,49,20,0
2026-04-28,S001,P0008,66,20,0
2026-04-28,S001,P0009,83,20,0
2026-04-28,S001,P0010,73,20,0
2026-04-28,S002,P0001,20,20,0
2026-04-28,S002,P0002,27,20,0
2026-04-28,S002,P0003,72,20,0
2026-04-28,S002,P0004,34,20,0
2026-04-28,S002,P0005,108,20,0
2026-04-28,S002,P0006,96,20,0
2026-04-28,S002,P0007,67,20,0
2026-04-28,S002,P0008,86,20,0
2026-04-28,S002,P0009,48,20,0
2026-04-28,S002,P0010,109,20,0
2026-04-28,S003,P0001,29,20,0
2026-04-28,S003,P0002,112,20,0
2026-04-28,S003,P0003,88,20,0
2026-04-28,S003,P0004,34,20,0
2026-04-28,S003,P0005,99,20,0
2026-04-28,S003,P0006,96,20,0
2026-04-28,S003,P0007,78,20,0
2026-04-28,S003,P0008,72,20,0
2026-04-28,S003,P0009,31,20,0
2026-04-28,S003,P0010,96,20,0
2026-04-28,S004,P0001,30,20,0
2026-04-28,S004,P0002,66,20,0
2026-04-28,S004,P0003,88,20,0
2026-04-28,S004,P0004,57,20,0
2026-04-28,S004,P0005,106,20,0
2026-04-28,S004,P0006,28,20,0
2026-04-28,S004,P0007,57,20,0
2026-04-28,S004,P0008,71,20,0
2026-04-28,S004,P0009,97,20,0
2026-04-28,S004,P0010,115,20,0
2026-04-28,S005,P0001,69,20,0
2026-04-28,S005,P0002,100,20,0
2026-04-28,S005,P0003,108,20,0
2026-04-28,S005,P0004,40,20,0
2026-04-28,S005,P0005,90,20,0
2026-04-28,S005,P0006,53,20,0
2026-04-28,S005,P0007,55,20,0
2026-04-28,S005,P0008,44,20,0
2026-04-28,S005,P0009,58,20,0
2026-04-28,S005,P0010,50,20,0
2026-04-29,S001,P0001,37,20,0
2026-04-29,S001,P0002,93,20,0
2026-04-29,S001,P0003,34,20,0
2026-04-29,S001,P0004,43,20,0
2026-04-29,S001,P0005,77,20,0
2026-04-29,S001,P0006,83,20,0
2026-04-29,S001,P0007,48,20,0
2026-04-29,S001,P0008,65,20,0
2026-04-29,S001,P0009,82,20,0
2026-04-29,S001,P0010,71,20,0
2026-04-29,S002,P0001,119,20,0
2026-04-29,S002,P0002,26,20,0
2026-04-29,S002,P0003,72,20,0
2026-04-29,S002,P0004,34,20,0
2026-04-29,S002,P0005,104,20,0
2026-04-29,S002,P0006,96,20,0
2026-04-29,S002,P0007,64,20,0
2026-04-29,S002,P0008,84,20,0
2026-04-29,S002,P0009,45,20,0
2026-04-29,S002,P0010,109,20,0
2026-04-29,S003,P0001,29,20,0
2026-04-29,S003,P0002,109,20,0
2026-04-29,S003,P0003,85,20,0
2026-04-29,S003,P0004,34,20,0
2026-04-29,S003,P0005,96,20,0
2026-04-29,S003,P0006,95,20,0
2026-04-29,S003,P0007,78,20,0
2026-04-29,S003,P0008,71,20,0
2026-04-29,S003,P0009,28,20,0
2026-04-29,S003,P0010,94,20,0
2026-04-29,S004,P0001,27,20,0
2026-04-29,S004,P0002,65,20,0
2026-04-29,S004,P0003,86,20,0
2026-04-29,S004,P0004,56,20,0
2026-04-29,S004,P0005,104,20,0
2026-04-29,S004,P0006,28,20,0
2026-04-29,S004,P0007,56,20,0
2026-04-29,S004,P0008,69,20,0
2026-04-29,S004,P0009,92,20,0
2026-04-29,S004,P0010,115,20,0
2026-04-29,S005,P0001,67,20,0
2026-04-29,S005,P0002,99,20,0
2026-04-29,S005,P0003,108,20,0
2026-04-29,S005,P0004,38,20,0
2026-04-29,S005,P0005,88,20,0
2026-04-29,S005,P0006,52,20,0
2026-04-29,S005,P0007,54,20,0
2026-04-29,S005,P0008,41,20,0
2026-04-29,S005,P0009,57,20,0
2026-04-29,S005,P0010,49,20,0
2026-04-30,S001,P0001,37,20,0
2026-04-30,S001,P0002,92,20,0
2026-04-30,S001,P0003,34,20,0
2026-04-30,S001,P0004,41,20,0
2026-04-30,S001,P0005,76,20,0
2026-04-30,S001,P0006,83,20,0
2026-04-30,S001,P0007,47,20,0
2026-04-30,S001,P0008,65,20,0
2026-04-30,S001,P0009,78,20,0
2026-04-30,S001,P0010,70,20,0
2026-04-30,S002,P0001,116,20,0
2026-04-30,S002,P0002,25,20,0
2026-04-30,S002,P0003,71,20,0
2026-04-30,S002,P0004,33,20,0
2026-04-30,S002,P0005,101,20,0
2026-04-30,S002,P0006,96,20,0
2026-04-30,S002,P0007,63,20,0
2026-04-30,S002,P0008,82,20,0
2026-04-30,S002,P0009,42,20,0
2026-04-30,S002,P0010,107,20,0
2026-04-30,S003,P0001,28,20,0
2026-04-30,S003,P0002,105,20,0
2026-04-30,S003,P0003,84,20,0
2026-04-30,S003,P0004,34,20,0
2026-04-30,S003,P0005,93,20,0
2026-04-30,S003,P0006,94,20,0
2026-04-30,S003,P0007,78,20,0
2026-04-30,S003,P0008,68,20,0
2026-04-30,S003,P0009,28,20,0
2026-04-30,S003,P0010,93,20,0
2026-04-30,S004,P0001,26,20,0
2026-04-30,S004,P0002,64,20,0
2026-04-30,S004,P0003,85,20,0
2026-04-30,S004,P0004,56,20,0
2026-04-30,S004,P0005,103,20,0
2026-04-30,S004,P0006,26,20,0
2026-04-30,S004,P0007,55,20,0
2026-04-30,S004,P0008,68,20,0
2026-04-30,S004,P0009,91,20,0
2026-04-30,S004,P0010,115,20,0
2026-04-30,S005,P0001,65,20,0
2026-04-30,S005,P0002,98,20,0
2026-04-30,S005,P0003,105,20,0
2026-04-30,S005,P0004,38,20,0
2026-04-30,S005,P0005,87,20,0
2026-04-30,S005,P0006,52,20,0
2026-04-30,S005,P0007,53,20,0
2026-04-30,S005,P0008,41,20,0
2026-04-30,S005,P0009,56,20,0
2026-04-30,S005,P0010,49,20,0
2026-05-01,S001,P0001,36,20,0
2026-05-01,S001,P0002,90,20,0
2026-05-01,S001,P0003,34,20,0
2026-05-01,S001,P0004,41,20,0
2026-05-01,S001,P0005,74,20,0
2026-05-01,S001,P0006,83,20,0
2026-05-01,S001,P0007,45,20,0
2026-05-01,S001,P0008,63,20,0
2026-05-01,S001,P0009,78,20,0
2026-05-01,S001,P0010,69,20,0
2026-05-01,S002,P0001,116,20,0
2026-05-01,S002,P0002,23,20,0
2026-05-01,S002,P0003,69,20,0
2026-05-01,S002,P0004,31,20,0
2026-05-01,S002,P0005,95,20,0
2026-05-01,S002,P0006,95,20,0
2026-05-01,S002,P0007,62,20,0
2026-05-01,S002,P0008,82,20,0
2026-05-01,S002,P0009,40,20,0
2026-05-01,S002,P0010,105,20,0
2026-05-01,S003,P0001,27,20,0
2026-05-01,S003,P0002,102,20,0
2026-05-01,S003,P0003,84,20,0
2026-05-01,S003,P0004,34,20,0
2026-05-01,S003,P0005,90,20,0
2026-05-01,S003,P0006,94,20,0
2026-05-01,S003,P0007,78,20,0
2026-05-01,S003,P0008,66,20,0
2026-05-01,S003,P0009,27,20,0
2026-05-01,S003,P0010,92,20,0
2026-05-01,S004,P0001,24,20,0
2026-05-01,S004,P0002,62,20,0
2026-05-01,S004,P0003,84,20,0
2026-05-01,S004,P0004,56,20,0
2026-05-01,S004,P0005,99,20,0
2026-05-01,S004,P0006,25,20,0
2026-05-01,S004,P0007,54,20,0
2026-05-01,S004,P0008,68,20,0
2026-05-01,S004,P0009,90,20,0
2026-05-01,S004,P0010,112,20,0
2026-05-01,S005,P0001,62,20,0
2026-05-01,S005,P0002,95,20,0
2026-05-01,S005,P0003,103,20,0
2026-05-01,S005,P0004,35,20,0
2026-05-01,S005,P0005,85,20,0
2026-05-01,S005,P0006,51,20,0
2026-05-01,S005,P0007,53,20,0
2026-05-01,S005,P0008,40,20,0
2026-05-01,S005,P0009,54,20,0
2026-05-01,S005,P0010,49,20,0
2026-05-02,S001,P0001,34,20,0
2026-05-02,S001,P0002,90,20,0
2026-05-02,S001,P0003,33,20,0
2026-05-02,S001,P0004,41,20,0
2026-05-02,S001,P0005,73,20,0
2026-05-02,S001,P0006,80,20,0
2026-05-02,S001,P0007,45,20,0
2026-05-02,S001,P0008,62,20,0
2026-05-02,S001,P0009,76,20,0
2026-05-02,S001,P0010,68,20,0
2026-05-02,S002,P0001,115,20,0
2026-05-02,S002,P0002,21,20,0
2026-05-02,S002,P0003,67,20,0
2026-05-02,S002,P0004,31,20,0
2026-05-02,S002,P0005,92,20,0
2026-05-02,S002,P0006,95,20,0
2026-05-02,S002,P0007,61,20,0
2026-05-02,S002,P0008,82,20,0
2026-05-02,S002,P0009,40,20,0
2026-05-02,S002,P0010,104,20,0
2026-05-02,S003,P0001,26,20,0
2026-05-02,S003,P0002,101,20,0
2026-05-02,S003,P0003,83,20,0
2026-05-02,S003,P0004,32,20,0
2026-05-02,S003,P0005,88,20,0
2026-05-02,S003,P0006,93,20,0
2026-05-02,S003,P0007,78,20,0
2026-05-02,S003,P0008,64,20,0
2026-05-02,S003,P0009,26,20,0
2026-05-02,S003,P0010,92,20,0
2026-05-02,S004,P0001,24,20,0
2026-05-02,S004,P0002,58,20,0
2026-05-02,S004,P0003,82,20,0
2026-05-02,S004,P0004,56,20,0
2026-05-02,S004,P0005,97,20,0
2026-05-02,S004,P0006,24,20,0
2026-05-02,S004,P0007,53,20,0
2026-05-02,S004,P0008,68,20,0
2026-05-02,S004,P0009,89,20,0
2026-05-02,S004,P0010,111,20,0
2026-05-02,S005,P0001,60,20,0
2026-05-02,S005,P0002,91,20,0
2026-05-02,S005,P0003,99,20,0
2026-05-02,S005,P0004,33,20,0
2026-05-02,S005,P0005,80,20,0
2026-05-02,S005,P0006,50,20,0
2026-05-02,S005,P0007,53,20,0
2026-05-02,S005,P0008,36,20,0
2026-05-02,S005,P0009,51,20,0
2026-05-02,S005,P0010,47,20,0
2026-05-03,S001,P0001,33,20,0
2026-05-03,S001,P0002,87,20,0
2026-05-03,S001,P0003,32,20,0
2026-05-03,S001,P0004,41,20,0
2026-05-03,S001,P0005,71,20,0
2026-05-03,S001,P0006,80,20,0
2026-05-03,S001,P0007,45,20,0
2026-05-03,S001,P0008,61,20,0
2026-05-03,S001,P0009,75,20,0
2026-05-03,S001,P0010,68,20,0
2026-05-03,S002,P0001,115,20,0
2026-05-03,S002,P0002,20,20,0
2026-05-03,S002,P0003,65,20,0
2026-05-03,S002,P0004,31,20,0
2026-05-03,S002,P0005,89,20,0
2026-05-03,S002,P0006,95,20,0
2026-05-03,S002,P0007,59,20,0
2026-05-03,S002,P0008,81,20,0
2026-05-03,S002,P0009,36,20,0
2026-05-03,S002,P0010,104,20,0
2026-05-03,S003,P0001,24,20,0
2026-05-03,S003,P0002,101,20,0
2026-05-03,S003,P0003,83,20,0
2026-05-03,S003,P0004,31,20,0
2026-05-03,S003,P0005,87,20,0
2026-05-03,S003,P0006,93,20,0
2026-05-03,S003,P0007,75,20,0
2026-05-03,S003,P0008,63,20,0
2026-05-03,S003,P0009,23,20,0
2026-05-03,S003,P0010,89,20,0
2026-05-03,S004,P0001,24,20,0
2026-05-03,S004,P0002,56,20,0
2026-05-03,S004,P0003,80,20,0
2026-05-03,S004,P0004,54,20,0
2026-05-03,S004,P0005,93,20,0
2026-05-03,S004,P0006,24,20,0
2026-05-03,S004,P0007,51,20,0
2026-05-03,S004,P0008,68,20,0
2026-05-03,S004,P0009,88,20,0
2026-05-03,S004,P0010,109,20,0
2026-05-03,S005,P0001,60,20,0
2026-05-03,S005,P0002,90,20,0
2026-05-03,S005,P0003,98,20,0
2026-05-03,S005,P0004,33,20,0
2026-05-03,S005,P0005,75,20,0
2026-05-03,S005,P0006,50,20,0
2026-05-03,S005,P0007,52,20,0
2026-05-03,S005,P0008,35,20,0
2026-05-03,S005,P0009,49,20,0
2026-05-03,S005,P0010,45,20,0
2026-05-04,S001,P0001,33,20,0
2026-05-04,S001,P0002,86,20,0
2026-05-04,S001,P0003,30,20,0
2026-05-04,S001,P0004,40,20,0
2026-05-04,S001,P0005,69,20,0
2026-05-04,S001,P0006,78,20,0
2026-05-04,S001,P0007,44,20,0
2026-05-04,S001,P0008,60,20,0
2026-05-04,S001,P0009,75,20,0
2026-05-04,S001,P0010,68,20,0
2026-05-04,S002,P0001,114,20,0
2026-05-04,S002,P0002,119,20,0
2026-05-04,S002,P0003,63,20,0
2026-05-04,S002,P0004,30,20,0
2026-05-04,S002,P0005,86,20,0
2026-05-04,S002,P0006,95,20,0
2026-05-04,S002,P0007,59,20,0
2026-05-04,S002,P0008,81,20,0
2026-05-04,S002,P0009,34,20,0
2026-05-04,S002,P0010,104,20,0
2026-05-04,S003,P0001,24,20,0
2026-05-04,S003,P0002,98,20,0
2026-05-04,S003,P0003,82,20,0
2026-05-04,S003,P0004,30,20,0
2026-05-04,S003,P0005,86,20,0
2026-05-04,S003,P0006,92,20,0
2026-05-04,S003,P0007,74,20,0
2026-05-04,S003,P0008,62,20,0
2026-05-04,S003,P0009,21,20,0
2026-05-04,S003,P0010,89,20,0
2026-05-04,S004,P0001,22,20,0
2026-05-04,S004,P0002,55,20,0
2026-05-04,S004,P0003,77,20,0
2026-05-04,S004,P0004,52,20,0
2026-05-04,S004,P0005,91,20,0
2026-05-04,S004,P0006,24,20,0
2026-05-04,S004,P0007,49,20,0
2026-05-04,S004,P0008,67,20,0
2026-05-04,S004,P0009,87,20,0
2026-05-04,S004,P0010,109,20,0
2026-05-04,S005,P0001,60,20,0
2026-05-04,S005,P0002,89,20,0
2026-05-04,S005,P0003,98,20,0
2026-05-04,S005,P0004,32,20,0
2026-05-04,S005,P0005,74,20,0
2026-05-04,S005,P0006,49,20,0
2026-05-04,S005,P0007,49,20,0
2026-05-04,S005,P0008,35,20,0
2026-05-04,S005,P0009,49,20,0
2026-05-04,S005,P0010,40,20,0
2026-05-05,S001,P0001,32,20,0
2026-05-05,S001,P0002,83,20,0
2026-05-05,S001,P0003,29,20,0
2026-05-05,S001,P0004,40,20,0
2026-05-05,S001,P0005,67,20,0
2026-05-05,S001,P0006,77,20,0
2026-05-05,S001,P0007,43,20,0
2026-05-05,S001,P0008,59,20,0
2026-05-05,S001,P0009,75,20,0
2026-05-05,S001,P0010,65,20,0
2026-05-05,S002,P0001,113,20,0
2026-05-05,S002,P0002,116,20,0
2026-05-05,S002,P0003,62,20,0
2026-05-05,S002,P0004,30,20,0
2026-05-05,S002,P0005,83,20,0
2026-05-05,S002,P0006,95,20,0
2026-05-05,S002,P0007,58,20,0
2026-05-05,S002,P0008,81,20,0
2026-05-05,S002,P0009,34,20,0
2026-05-05,S002,P0010,101,20,0
2026-05-05,S003,P0001,23,20,0
2026-05-05,S003,P0002,97,20,0
2026-05-05,S003,P0003,81,20,0
2026-05-05,S003,P0004,30,20,0
2026-05-05,S003,P0005,86,20,0
2026-05-05,S003,P0006,91,20,0
2026-05-05,S003,P0007,73,20,0
2026-05-05,S003,P0008,58,20,0
2026-05-05,S003,P0009,20,20,0
2026-05-05,S003,P0010,88,20,0
2026-05-05,S004,P0001,20,20,0
2026-05-05,S004,P0002,54,20,0
2026-05-05,S004,P0003,76,20,0
2026-05-05,S004,P0004,51,20,0
2026-05-05,S004,P0005,89,20,0
2026-05-05,S004,P0006,22,20,0
2026-05-05,S004,P0007,49,20,0
2026-05-05,S004,P0008,63,20,0
2026-05-05,S004,P0009,86,20,0
2026-05-05,S004,P0010,109,20,0
2026-05-05,S005,P0001,60,20,0
2026-05-05,S005,P0002,86,20,0
2026-05-05,S005,P0003,98,20,0
2026-05-05,S005,P0004,31,20,0
2026-05-05,S005,P0005,73,20,0
2026-05-05,S005,P0006,48,20,0
2026-05-05,S005,P0007,49,20,0
2026-05-05,S005,P0008,34,20,0
2026-05-05,S005,P0009,47,20,0
2026-05-05,S005,P0010,39,20,0
2026-05-06,S001,P0001,32,20,0
2026-05-06,S001,P0002,81,20,0
2026-05-06,S001,P0003,28,20,0
2026-05-06,S001,P0004,39,20,0
2026-05-06,S001,P0005,67,20,0
2026-05-06,S001,P0006,77,20,0
2026-05-06,S001,P0007,40,20,0
2026-05-06,S001,P0008,57,20,0
2026-05-06,S001,P0009,74,20,0
2026-05-06,S001,P0010,63,20,0
2026-05-06,S002,P0001,111,20,0
2026-05-06,S002,P0002,114,20,0
2026-05-06,S002,P0003,62,20,0
2026-05-06,S002,P0004,28,20,0
2026-05-06,S002,P0005,82,20,0
2026-05-06,S002,P0006,95,20,0
2026-05-06,S002,P0007,58,20,0
2026-05-06,S002,P0008,79,20,0
2026-05-06,S002,P0009,32,20,0
2026-05-06,S002,P0010,100,20,0
2026-05-06,S003,P0001,21,20,0
2026-05-06,S003,P0002,97,20,0
2026-05-06,S003,P0003,80,20,0
2026-05-06,S003,P0004,30,20,0
2026-05-06,S003,P0005,80,20,0
2026-05-06,S003,P0006,91,20,0
2026-05-06,S003,P0007,73,20,0
2026-05-06,S003,P0008,57,20,0
2026-05-06,S003,P0009,117,20,0
2026-05-06,S003,P0010,87,20,0
2026-05-06,S004,P0001,117,20,0
2026-05-06,S004,P0002,53,20,0
2026-05-06,S004,P0003,74,20,0
2026-05-06,S004,P0004,51,20,0
2026-05-06,S004,P0005,88,20,0
2026-05-06,S004,P0006,22,20,0
2026-05-06,S004,P0007,49,20,0
2026-05-06,S004,P0008,63,20,0
2026-05-06,S004,P0009,82,20,0
2026-05-06,S004,P0010,106,20,0
2026-05-06,S005,P0001,58,20,0
2026-05-06,S005,P0002,86,20,0
2026-05-06,S005,P0003,97,20,0
2026-05-06,S005,P0004,31,20,0
2026-05-06,S005,P0005,72,20,0
2026-05-06,S005,P0006,48,20,0
2026-05-06,S005,P0007,49,20,0
2026-05-06,S005,P0008,34,20,0
2026-05-06,S005,P0009,45,20,0
2026-05-06,S005,P0010,37,20,0
2026-05-07,S001,P0001,32,20,0
2026-05-07,S001,P0002,80,20,0
2026-05-07,S001,P0003,26,20,0
2026-05-07,S001,P0004,38,20,0
2026-05-07,S001,P0005,64,20,0
2026-05-07,S001,P0006,77,20,0
2026-05-07,S001,P0007,39,20,0
2026-05-07,S001,P0008,56,20,0
2026-05-07,S001,P0009,70,20,0
2026-05-07,S001,P0010,61,20,0
2026-05-07,S002,P0001,110,20,0
2026-05-07,S002,P0002,114,20,0
2026-05-07,S002,P0003,60,20,0
2026-05-07,S002,P0004,27,20,0
2026-05-07,S002,P0005,78,20,0
2026-05-07,S002,P0006,94,20,0
2026-05-07,S002,P0007,57,20,0
2026-05-07,S002,P0008,78,20,0
2026-05-07,S002,P0009,31,20,0
2026-05-07,S002,P0010,100,20,0
2026-05-07,S003,P0001,20,20,0
2026-05-07,S003,P0002,94,20,0
2026-05-07,S003,P0003,79,20,0
2026-05-07,S003,P0004,29,20,0
2026-05-07,S003,P0005,80,20,0
2026-05-07,S003,P0006,90,20,0
2026-05-07,S003,P0007,71,20,0
2026-05-07,S003,P0008,57,20,0
2026-05-07,S003,P0009,116,20,0
2026-05-07,S003,P0010,87,20,0
2026-05-07,S004,P0001,117,20,0
2026-05-07,S004,P0002,52,20,0
2026-05-07,S004,P0003,71,20,0
2026-05-07,S004,P0004,49,20,0
2026-05-07,S004,P0005,87,20,0
2026-05-07,S004,P0006,22,20,0
2026-05-07,S004,P0007,48,20,0
2026-05-07,S004,P0008,63,20,0
2026-05-07,S004,P0009,80,20,0
2026-05-07,S004,P0010,105,20,0
2026-05-07,S005,P0001,56,20,0
2026-05-07,S005,P0002,85,20,0
2026-05-07,S005,P0003,96,20,0
2026-05-07,S005,P0004,26,20,0
2026-05-07,S005,P0005,70,20,0
2026-05-07,S005,P0006,48,20,0
2026-05-07,S005,P0007,49,20,0
2026-05-07,S005,P0008,32,20,0
2026-05-07,S005,P0009,40,20,0
2026-05-07,S005,P0010,35,20,0
2026-05-08,S001,P0001,31,20,0
2026-05-08,S001,P0002,80,20,0
2026-05-08,S001,P0003,26,20,0
2026-05-08,S001,P0004,37,20,0
2026-05-08,S001,P0005,63,20,0
2026-05-08,S001,P0006,76,20,0
2026-05-08,S001,P0007,39,20,0
2026-05-08,S001,P0008,56,20,0
2026-05-08,S001,P0009,69,20,0
2026-05-08,S001,P0010,58,20,0
2026-05-08,S002,P0001,110,20,0
2026-05-08,S002,P0002,113,20,0
2026-05-08,S002,P0003,59,20,0
2026-05-08,S002,P0004,24,20,0
2026-05-08,S002,P0005,77,20,0
2026-05-08,S002,P0006,93,20,0
2026-05-08,S002,P0007,57,20,0
2026-05-08,S002,P0008,77,20,0
2026-05-08,S002,P0009,30,20,0
2026-05-08,S002,P0010,99,20,0
2026-05-08,S003,P0001,119,20,0
2026-05-08,S003,P0002,92,20,0
2026-05-08,S003,P0003,78,20,0
2026-05-08,S003,P0004,29,20,0
2026-05-08,S003,P0005,76,20,0
2026-05-08,S003,P0006,89,20,0
2026-05-08,S003,P0007,70,20,0
2026-05-08,S003,P0008,56,20,0
2026-05-08,S003,P0009,114,20,0
2026-05-08,S003,P0010,87,20,0
2026-05-08,S004,P0001,116,20,0
2026-05-08,S004,P0002,50,20,0
2026-05-08,S004,P0003,70,20,0
2026-05-08,S004,P0004,49,20,0
2026-05-08,S004,P0005,87,20,0
2026-05-08,S004,P0006,21,20,0
2026-05-08,S004,P0007,45,20,0
2026-05-08,S004,P0008,62,20,0
2026-05-08,S004,P0009,77,20,0
2026-05-08,S004,P0010,105,20,0
2026-05-08,S005,P0001,55,20,0
2026-05-08,S005,P0002,85,20,0
2026-05-08,S005,P0003,92,20,0
2026-05-08,S005,P0004,23,20,0
2026-05-08,S005,P0005,69,20,0
2026-05-08,S005,P0006,48,20,0
2026-05-08,S005,P0007,47,20,0
2026-05-08,S005,P0008,30,20,0
2026-05-08,S005,P0009,37,20,0
2026-05-08,S005,P0010,34,20,0
2026-05-09,S001,P0001,31,20,0
2026-05-09,S001,P0002,79,20,0
2026-05-09,S001,P0003,25,20,0
2026-05-09,S001,P0004,36,20,0
2026-05-09,S001,P0005,57,20,0
2026-05-09,S001,P0006,76,20,0
2026-05-09,S001,P0007,38,20,0
2026-05-09,S001,P0008,55,20,0
2026-05-09,S001,P0009,69,20,0
2026-05-09,S001,P0010,58,20,0
2026-05-09,S002,P0001,110,20,0
2026-05-09,S002,P0002,111,20,0
2026-05-09,S002,P0003,56,20,0
2026-05-09,S002,P0004,23,20,0
2026-05-09,S002,P0005,75,20,0
2026-05-09,S002,P0006,93,20,0
2026-05-09,S002,P0007,57,20,0
2026-05-09,S002,P0008,77,20,0
2026-05-09,S002,P0009,29,20,0
2026-05-09,S002,P0010,98,20,0
2026-05-09,S003,P0001,118,20,0
2026-05-09,S003,P0002,90,20,0
2026-05-09,S003,P0003,77,20,0
2026-05-09,S003,P0004,28,20,0
2026-05-09,S003,P0005,74,20,0
2026-05-09,S003,P0006,89,20,0
2026-05-09,S003,P0007,68,20,0
2026-05-09,S003,P0008,56,20,0
2026-05-09,S003,P0009,111,20,0
2026-05-09,S003,P0010,86,20,0
2026-05-09,S004,P0001,115,20,0
2026-05-09,S004,P0002,47,20,0
2026-05-09,S004,P0003,69,20,0
2026-05-09,S004,P0004,47,20,0
2026-05-09,S004,P0005,87,20,0
2026-05-09,S004,P0006,20,20,0
2026-05-09,S004,P0007,43,20,0
2026-05-09,S004,P0008,62,20,0
2026-05-09,S004,P0009,75,20,0
2026-05-09,S004,P0010,105,20,0
2026-05-09,S005,P0001,54,20,0
2026-05-09,S005,P0002,83,20,0
2026-05-09,S005,P0003,90,20,0
2026-05-09,S005,P0004,23,20,0
2026-05-09,S005,P0005,67,20,0
2026-05-09,S005,P0006,48,20,0
2026-05-09,S005,P0007,43,20,0
2026-05-09,S005,P0008,29,20,0
2026-05-09,S005,P0009,34,20,0
2026-05-09,S005,P0010,33,20,0
2026-05-10,S001,P0001,28,20,0
2026-05-10,S001,P0002,78,20,0
2026-05-10,S001,P0003,23,20,0
2026-05-10,S001,P0004,35,20,0
2026-05-10,S001,P0005,54,20,0
2026-05-10,S001,P0006,75,20,0
2026-05-10,S001,P0007,36,20,0
2026-05-10,S001,P0008,53,20,0
2026-05-10,S001,P0009,69,20,0
2026-05-10,S001,P0010,56,20,0
2026-05-10,S002,P0001,108,20,0
2026-05-10,S002,P0002,110,20,0
2026-05-10,S002,P0003,54,20,0
2026-05-10,S002,P0004,23,20,0
2026-05-10,S002,P0005,75,20,0
2026-05-10,S002,P0006,93,20,0
2026-05-10,S002,P0007,56,20,0
2026-05-10,S002,P0008,76,20,0
2026-05-10,S002,P0009,27,20,0
2026-05-10,S002,P0010,98,20,0
2026-05-10,S003,P0001,116,20,0
2026-05-10,S003,P0002,89,20,0
2026-05-10,S003,P0003,76,20,0
2026-05-10,S003,P0004,26,20,0
2026-05-10,S003,P0005,71,20,0
2026-05-10,S003,P0006,89,20,0
2026-05-10,S003,P0007,68,20,0
2026-05-10,S003,P0008,56,20,0
2026-05-10,S003,P0009,111,20,0
2026-05-10,S003,P0010,84,20,0
2026-05-10,S004,P0001,114,20,0
2026-05-10,S004,P0002,43,20,0
2026-05-10,S004,P0003,68,20,0
2026-05-10,S004,P0004,45,20,0
2026-05-10,S004,P0005,85,20,0
2026-05-10,S004,P0006,20,20,0
2026-05-10,S004,P0007,43,20,0
2026-05-10,S004,P0008,57,20,0
2026-05-10,S004,P0009,75,20,0
2026-05-10,S004,P0010,105,20,0
2026-05-10,S005,P0001,54,20,0
2026-05-10,S005,P0002,81,20,0
2026-05-10,S005,P0003,90,20,0
2026-05-10,S005,P0004,23,20,0
2026-05-10,S005,P0005,65,20,0
2026-05-10,S005,P0006,48,20,0
2026-05-10,S005,P0007,43,20,0
2026-05-10,S005,P0008,28,20,0
2026-05-10,S005,P0009,31,20,0
2026-05-10,S005,P0010,32,20,0
2026-05-11,S001,P0001,28,20,0
2026-05-11,S001,P0002,77,20,0
2026-05-11,S001,P0003,21,20,0
2026-05-11,S001,P0004,35,20,0
2026-05-11,S001,P0005,52,20,0
2026-05-11,S001,P0006,72,20,0
2026-05-11,S001,P0007,35,20,0
2026-05-11,S001,P0008,52,20,0
2026-05-11,S001,P0009,68,20,0
2026-05-11,S001,P0010,55,20,0
2026-05-11,S002,P0001,106,20,0
2026-05-11,S002,P0002,109,20,0
2026-05-11,S002,P0003,54,20,0
2026-05-11,S002,P0004,22,20,0
2026-05-11,S002,P0005,72,20,0
2026-05-11,S002,P0006,92,20,0
2026-05-11,S002,P0007,55,20,0
2026-05-11,S002,P0008,75,20,0
2026-05-11,S002,P0009,27,20,0
2026-05-11,S002,P0010,98,20,0
2026-05-11,S003,P0001,116,20,0
2026-05-11,S003,P0002,89,20,0
2026-05-11,S003,P0003,75,20,0
2026-05-11,S003,P0004,26,20,0
2026-05-11,S003,P0005,68,20,0
2026-05-11,S003,P0006,89,20,0
2026-05-11,S003,P0007,66,20,0
2026-05-11,S003,P0008,56,20,0
2026-05-11,S003,P0009,111,20,0
2026-05-11,S003,P0010,83,20,0
2026-05-11,S004,P0001,112,20,0
2026-05-11,S004,P0002,42,20,0
2026-05-11,S004,P0003,65,20,0
2026-05-11,S004,P0004,45,20,0
2026-05-11,S004,P0005,83,20,0
2026-05-11,S004,P0006,20,20,0
2026-05-11,S004,P0007,43,20,0
2026-05-11,S004,P0008,53,20,0
2026-05-11,S004,P0009,75,20,0
2026-05-11,S004,P0010,103,20,0
2026-05-11,S005,P0001,52,20,0
2026-05-11,S005,P0002,77,20,0
2026-05-11,S005,P0003,89,20,0
2026-05-11,S005,P0004,20,20,0
2026-05-11,S005,P0005,63,20,0
2026-05-11,S005,P0006,48,20,0
2026-05-11,S005,P0007,43,20,0
2026-05-11,S005,P0008,26,20,0
2026-05-11,S005,P0009,26,20,0
2026-05-11,S005,P0010,27,20,0
2026-05-12,S001,P0001,27,20,0
2026-05-12,S001,P0002,77,20,0
2026-05-12,S001,P0003,117,20,0
2026-05-12,S001,P0004,35,20,0
2026-05-12,S001,P0005,50,20,0
2026-05-12,S001,P0006,71,20,0
2026-05-12,S001,P0007,35,20,0
2026-05-12,S001,P0008,52,20,0
2026-05-12,S001,P0009,66,20,0
2026-05-12,S001,P0010,55,20,0
2026-05-12,S002,P0001,105,20,0
2026-05-12,S002,P0002,109,20,0
2026-05-12,S002,P0003,51,20,0
2026-05-12,S002,P0004,21,20,0
2026-05-12,S002,P0005,69,20,0
2026-05-12,S002,P0006,91,20,0
2026-05-12,S002,P0007,53,20,0
2026-05-12,S002,P0008,74,20,0
2026-05-12,S002,P0009,24,20,0
2026-05-12,S002,P0010,95,20,0
2026-05-12,S003,P0001,116,20,0
2026-05-12,S003,P0002,86,20,0
2026-05-12,S003,P0003,75,20,0
2026-05-12,S003,P0004,24,20,0
2026-05-12,S003,P0005,66,20,0
2026-05-12,S003,P0006,89,20,0
2026-05-12,S003,P0007,65,20,0
2026-05-12,S003,P0008,56,20,0
2026-05-12,S003,P0009,109,20,0
2026-05-12,S003,P0010,83,20,0
2026-05-12,S004,P0001,110,20,0
2026-05-12,S004,P0002,40,20,0
2026-05-12,S004,P0003,64,20,0
2026-05-12,S004,P0004,45,20,0
2026-05-12,S004,P0005,83,20,0
2026-05-12,S004,P0006,119,20,0
2026-05-12,S004,P0007,43,20,0
2026-05-12,S004,P0008,49,20,0
2026-05-12,S004,P0009,73,20,0
2026-05-12,S004,P0010,97,20,0
2026-05-12,S005,P0001,51,20,0
2026-05-12,S005,P0002,75,20,0
2026-05-12,S005,P0003,89,20,0
2026-05-12,S005,P0004,20,20,0
2026-05-12,S005,P0005,60,20,0
2026-05-12,S005,P0006,48,20,0
2026-05-12,S005,P0007,41,20,0
2026-05-12,S005,P0008,24,20,0
2026-05-12,S005,P0009,24,20,0
2026-05-12,S005,P0010,23,20,0
2026-05-13,S001,P0001,26,20,0
2026-05-13,S001,P0002,77,20,0
2026-05-13,S001,P0003,117,20,0
2026-05-13,S001,P0004,33,20,0
2026-05-13,S001,P0005,48,20,0
2026-05-13,S001,P0006,71,20,0
2026-05-13,S001,P0007,34,20,0
2026-05-13,S001,P0008,51,20,0
2026-05-13,S001,P0009,66,20,0
2026-05-13,S001,P0010,55,20,0
2026-05-13,S002,P0001,104,20,0
2026-05-13,S002,P0002,108,20,0
2026-05-13,S002,P0003,51,20,0
2026-05-13,S002,P0004,21,20,0
2026-05-13,S002,P0005,66,20,0
2026-05-13,S002,P0006,89,20,0
2026-05-13,S002,P0007,53,20,0
2026-05-13,S002,P0008,72,20,0
2026-05-13,S002,P0009,22,20,0
2026-05-13,S002,P0010,94,20,0
2026-05-13,S003,P0001,114,20,0
2026-05-13,S003,P0002,84,20,0
2026-05-13,S003,P0003,74,20,0
2026-05-13,S003,P0004,23,20,0
2026-05-13,S003,P0005,62,20,0
2026-05-13,S003,P0006,89,20,0
2026-05-13,S003,P0007,65,20,0
2026-05-13,S003,P0008,53,20,0
2026-05-13,S003,P0009,106,20,0
2026-05-13,S003,P0010,82,20,0
2026-05-13,S004,P0001,107,20,0
2026-05-13,S004,P0002,39,20,0
2026-05-13,S004,P0003,62,20,0
2026-05-13,S004,P0004,42,20,0
2026-05-13,S004,P0005,81,20,0
2026-05-13,S004,P0006,118,20,0
2026-05-13,S004,P0007,42,20,0
2026-05-13,S004,P0008,47,20,0
2026-05-13,S004,P0009,73,20,0
2026-05-13,S004,P0010,95,20,0
2026-05-13,S005,P0001,51,20,0
2026-05-13,S005,P0002,74,20,0
2026-05-13,S005,P0003,89,20,0
2026-05-13,S005,P0004,20,20,0
2026-05-13,S005,P0005,54,20,0
2026-05-13,S005,P0006,48,20,0
2026-05-13,S005,P0007,40,20,0
2026-05-13,S005,P0008,21,20,0
2026-05-13,S005,P0009,22,20,0
2026-05-13,S005,P0010,21,20,0
2026-05-14,S001,P0001,26,20,0
2026-05-14,S001,P0002,77,20,0
2026-05-14,S001,P0003,115,20,0
2026-05-14,S001,P0004,33,20,0
2026-05-14,S001,P0005,47,20,0
2026-05-14,S001,P0006,70,20,0
2026-05-14,S001,P0007,33,20,0
2026-05-14,S001,P0008,50,20,0
2026-05-14,S001,P0009,66,20,0
2026-05-14,S001,P0010,54,20,0
2026-05-14,S002,P0001,103,20,0
2026-05-14,S002,P0002,106,20,0
2026-05-14,S002,P0003,49,20,0
2026-05-14,S002,P0004,21,20,0
2026-05-14,S002,P0005,65,20,0
2026-05-14,S002,P0006,89,20,0
2026-05-14,S002,P0007,52,20,0
2026-05-14,S002,P0008,70,20,0
2026-05-14,S002,P0009,21,20,0
2026-05-14,S002,P0010,92,20,0
2026-05-14,S003,P0001,114,20,0
2026-05-14,S003,P0002,82,20,0
2026-05-14,S003,P0003,72,20,0
2026-05-14,S003,P0004,22,20,0
2026-05-14,S003,P0005,57,20,0
2026-05-14,S003,P0006,89,20,0
2026-05-14,S003,P0007,65,20,0
2026-05-14,S003,P0008,53,20,0
2026-05-14,S003,P0009,105,20,0
2026-05-14,S003,P0010,81,20,0
2026-05-14,S004,P0001,106,20,0
2026-05-14,S004,P0002,35,20,0
2026-05-14,S004,P0003,61,20,0
2026-05-14,S004,P0004,40,20,0
2026-05-14,S004,P0005,78,20,0
2026-05-14,S004,P0006,117,20,0
2026-05-14,S004,P0007,41,20,0
2026-05-14,S004,P0008,47,20,0
2026-05-14,S004,P0009,69,20,0
2026-05-14,S004,P0010,94,20,0
2026-05-14,S005,P0001,51,20,0
2026-05-14,S005,P0002,71,20,0
2026-05-14,S005,P0003,87,20,0
2026-05-14,S005,P0004,20,20,0
2026-05-14,S005,P0005,53,20,0
2026-05-14,S005,P0006,47,20,0
2026-05-14,S005,P0007,39,20,0
2026-05-14,S005,P0008,119,20,0
2026-05-14,S005,P0009,22,20,0
2026-05-14,S005,P0010,21,20,0
2026-05-15,S001,P0001,22,20,0
2026-05-15,S001,P0002,76,20,0
2026-05-15,S001,P0003,113,20,0
2026-05-15,S001,P0004,32,20,0
2026-05-15,S001,P0005,44,20,0
2026-05-15,S001,P0006,70,20,0
2026-05-15,S001,P0007,33,20,0
2026-05-15,S001,P0008,49,20,0
2026-05-15,S001,P0009,66,20,0
2026-05-15,S001,P0010,52,20,0
2026-05-15,S002,P0001,102,20,0
2026-05-15,S002,P0002,104,20,0
2026-05-15,S002,P0003,48,20,0
2026-05-15,S002,P0004,119,20,0
2026-05-15,S002,P0005,60,20,0
2026-05-15,S002,P0006,89,20,0
2026-05-15,S002,P0007,51,20,0
2026-05-15,S002,P0008,70,20,0
2026-05-15,S002,P0009,20,20,0
2026-05-15,S002,P0010,91,20,0
2026-05-15,S003,P0001,113,20,0
2026-05-15,S003,P0002,79,20,0
2026-05-15,S003,P0003,70,20,0
2026-05-15,S003,P0004,21,20,0
2026-05-15,S003,P0005,54,20,0
2026-05-15,S003,P0006,89,20,0
2026-05-15,S003,P0007,65,20,0
2026-05-15,S003,P0008,51,20,0
2026-05-15,S003,P0009,104,20,0
2026-05-15,S003,P0010,81,20,0
2026-05-15,S004,P0001,104,20,0
2026-05-15,S004,P0002,35,20,0
2026-05-15,S004,P0003,58,20,0
2026-05-15,S004,P0004,37,20,0
2026-05-15,S004,P0005,74,20,0
2026-05-15,S004,P0006,116,20,0
2026-05-15,S004,P0007,40,20,0
2026-05-15,S004,P0008,47,20,0
2026-05-15,S004,P0009,67,20,0
2026-05-15,S004,P0010,94,20,0
2026-05-15,S005,P0001,48,20,0
2026-05-15,S005,P0002,68,20,0
2026-05-15,S005,P0003,85,20,0
2026-05-15,S005,P0004,119,20,0
2026-05-15,S005,P0005,51,20,0
2026-05-15,S005,P0006,45,20,0
2026-05-15,S005,P0007,37,20,0
2026-05-15,S005,P0008,117,20,0
2026-05-15,S005,P0009,22,20,0
2026-05-15,S005,P0010,116,20,0
2026-05-16,S001,P0001,21,20,0
2026-05-16,S001,P0002,75,20,0
2026-05-16,S001,P0003,108,20,0
2026-05-16,S001,P0004,31,20,0
2026-05-16,S001,P0005,41,20,0
2026-05-16,S001,P0006,69,20,0
2026-05-16,S001,P0007,33,20,0
2026-05-16,S001,P0008,46,20,0
2026-05-16,S001,P0009,66,20,0
2026-05-16,S001,P0010,50,20,0
2026-05-16,S002,P0001,102,20,0
2026-05-16,S002,P0002,104,20,0
2026-05-16,S002,P0003,46,20,0
2026-05-16,S002,P0004,117,20,0
2026-05-16,S002,P0005,59,20,0
2026-05-16,S002,P0006,88,20,0
2026-05-16,S002,P0007,49,20,0
2026-05-16,S002,P0008,66,20,0
2026-05-16,S002,P0009,119,20,0
2026-05-16,S002,P0010,89,20,0
2026-05-16,S003,P0001,113,20,0
2026-05-16,S003,P0002,79,20,0
2026-05-16,S003,P0003,69,20,0
2026-05-16,S003,P0004,20,20,0
2026-05-16,S003,P0005,53,20,0
2026-05-16,S003,P0006,88,20,0
2026-05-16,S003,P0007,63,20,0
2026-05-16,S003,P0008,51,20,0
2026-05-16,S003,P0009,102,20,0
2026-05-16,S003,P0010,81,20,0
2026-05-16,S004,P0001,102,20,0
2026-05-16,S004,P0002,34,20,0
2026-05-16,S004,P0003,57,20,0
2026-05-16,S004,P0004,35,20,0
2026-05-16,S004,P0005,71,20,0
2026-05-16,S004,P0006,116,20,0
2026-05-16,S004,P0007,38,20,0
2026-05-16,S004,P0008,45,20,0
2026-05-16,S004,P0009,64,20,0
2026-05-16,S004,P0010,94,20,0
2026-05-16,S005,P0001,46,20,0
2026-05-16,S005,P0002,68,20,0
2026-05-16,S005,P0003,84,20,0
2026-05-16,S005,P0004,116,20,0
2026-05-16,S005,P0005,47,20,0
2026-05-16,S005,P0006,44,20,0
2026-05-16,S005,P0007,37,20,0
2026-05-16,S005,P0008,116,20,0
2026-05-16,S005,P0009,21,20,0
2026-05-16,S005,P0010,115,20,0
2026-05-17,S001,P0001,119,20,0
2026-05-17,S001,P0002,74,20,0
2026-05-17,S001,P0003,105,20,0
2026-05-17,S001,P0004,29,20,0
2026-05-17,S001,P0005,41,20,0
2026-05-17,S001,P0006,69,20,0
2026-05-17,S001,P0007,32,20,0
2026-05-17,S001,P0008,46,20,0
2026-05-17,S001,P0009,64,20,0
2026-05-17,S001,P0010,50,20,0
2026-05-17,S002,P0001,101,20,0
2026-05-17,S002,P0002,104,20,0
2026-05-17,S002,P0003,44,20,0
2026-05-17,S002,P0004,115,20,0
2026-05-17,S002,P0005,56,20,0
2026-05-17,S002,P0006,88,20,0
2026-05-17,S002,P0007,49,20,0
2026-05-17,S002,P0008,66,20,0
2026-05-17,S002,P0009,116,20,0
2026-05-17,S002,P0010,88,20,0
2026-05-17,S003,P0001,112,20,0
2026-05-17,S003,P0002,79,20,0
2026-05-17,S003,P0003,68,20,0
2026-05-17,S003,P0004,20,20,0
2026-05-17,S003,P0005,51,20,0
2026-05-17,S003,P0006,88,20,0
2026-05-17,S003,P0007,62,20,0
2026-05-17,S003,P0008,51,20,0
2026-05-17,S003,P0009,101,20,0
2026-05-17,S003,P0010,81,20,0
2026-05-17,S004,P0001,99,20,0
2026-05-17,S004,P0002,32,20,0
2026-05-17,S004,P0003,55,20,0
2026-05-17,S004,P0004,34,20,0
2026-05-17,S004,P0005,68,20,0
2026-05-17,S004,P0006,114,20,0
2026-05-17,S004,P0007,38,20,0
2026-05-17,S004,P0008,45,20,0
2026-05-17,S004,P0009,63,20,0
2026-05-17,S004,P0010,92,20,0
2026-05-17,S005,P0001,46,20,0
2026-05-17,S005,P0002,68,20,0
2026-05-17,S005,P0003,82,20,0
2026-05-17,S005,P0004,114,20,0
2026-05-17,S005,P0005,45,20,0
2026-05-17,S005,P0006,44,20,0
2026-05-17,S005,P0007,36,20,0
2026-05-17,S005,P0008,114,20,0
2026-05-17,S005,P0009,119,20,0
2026-05-17,S005,P0010,114,20,0
2026-05-18,S001,P0001,118,20,0
2026-05-18,S001,P0002,74,20,0
2026-05-18,S001,P0003,104,20,0
2026-05-18,S001,P0004,27,20,0
2026-05-18,S001,P0005,37,20,0
2026-05-18,S001,P0006,68,20,0
2026-05-18,S001,P0007,31,20,0
2026-05-18,S001,P0008,44,20,0
2026-05-18,S001,P0009,63,20,0
2026-05-18,S001,P0010,49,20,0
2026-05-18,S002,P0001,98,20,0
2026-05-18,S002,P0002,104,20,0
2026-05-18,S002,P0003,42,20,0
2026-05-18,S002,P0004,115,20,0
2026-05-18,S002,P0005,54,20,0
2026-05-18,S002,P0006,88,20,0
2026-05-18,S002,P0007,49,20,0
2026-05-18,S002,P0008,64,20,0
2026-05-18,S002,P0009,115,20,0
2026-05-18,S002,P0010,88,20,0
2026-05-18,S003,P0001,110,20,0
2026-05-18,S003,P0002,77,20,0
2026-05-18,S003,P0003,68,20,0
2026-05-18,S003,P0004,20,20,0
2026-05-18,S003,P0005,51,20,0
2026-05-18,S003,P0006,86,20,0
2026-05-18,S003,P0007,62,20,0
2026-05-18,S003,P0008,51,20,0
2026-05-18,S003,P0009,99,20,0
2026-05-18,S003,P0010,81,20,0
2026-05-18,S004,P0001,96,20,0
2026-05-18,S004,P0002,31,20,0
2026-05-18,S004,P0003,53,20,0
2026-05-18,S004,P0004,34,20,0
2026-05-18,S004,P0005,63,20,0
2026-05-18,S004,P0006,114,20,0
2026-05-18,S004,P0007,35,20,0
2026-05-18,S004,P0008,44,20,0
2026-05-18,S004,P0009,60,20,0
2026-05-18,S004,P0010,91,20,0
2026-05-18,S005,P0001,45,20,0
2026-05-18,S005,P0002,68,20,0
2026-05-18,S005,P0003,81,20,0
2026-05-18,S005,P0004,112,20,0
2026-05-18,S005,P0005,40,20,0
2026-05-18,S005,P0006,44,20,0
2026-05-18,S005,P0007,33,20,0
2026-05-18,S005,P0008,114,20,0
2026-05-18,S005,P0009,119,20,0
2026-05-18,S005,P0010,114,20,0
2026-05-19,S001,P0001,115,20,0
2026-05-19,S001,P0002,74,20,0
2026-05-19,S001,P0003,104,20,0
2026-05-19,S001,P0004,26,20,0
2026-05-19,S001,P0005,33,20,0
2026-05-19,S001,P0006,68,20,0
2026-05-19,S001,P0007,31,20,0
2026-05-19,S001,P0008,42,20,0
2026-05-19,S001,P0009,60,20,0
2026-05-19,S001,P0010,48,20,0
2026-05-19,S002,P0001,98,20,0
2026-05-19,S002,P0002,100,20,0
2026-05-19,S002,P0003,40,20,0
2026-05-19,S002,P0004,114,20,0
2026-05-19,S002,P0005,52,20,0
2026-05-19,S002,P0006,88,20,0
2026-05-19,S002,P0007,49,20,0
2026-05-19,S002,P0008,63,20,0
2026-05-19,S002,P0009,113,20,0
2026-05-19,S002,P0010,86,20,0
2026-05-19,S003,P0001,110,20,0
2026-05-19,S003,P0002,75,20,0
2026-05-19,S003,P0003,68,20,0
2026-05-19,S003,P0004,119,20,0
2026-05-19,S003,P0005,50,20,0
2026-05-19,S003,P0006,85,20,0
2026-05-19,S003,P0007,60,20,0
2026-05-19,S003,P0008,48,20,0
2026-05-19,S003,P0009,97,20,0
2026-05-19,S003,P0010,79,20,0
2026-05-19,S004,P0001,94,20,0
2026-05-19,S004,P0002,29,20,0
2026-05-19,S004,P0003,51,20,0
2026-05-19,S004,P0004,33,20,0
2026-05-19,S004,P0005,59,20,0
2026-05-19,S004,P0006,114,20,0
2026-05-19,S004,P0007,33,20,0
2026-05-19,S004,P0008,43,20,0
2026-05-19,S004,P0009,58,20,0
2026-05-19,S004,P0010,91,20,0
2026-05-19,S005,P0001,45,20,0
2026-05-19,S005,P0002,62,20,0
2026-05-19,S005,P0003,81,20,0
2026-05-19,S005,P0004,112,20,0
2026-05-19,S005,P0005,38,20,0
2026-05-19,S005,P0006,44,20,0
2026-05-19,S005,P0007,31,20,0
2026-05-19,S005,P0008,111,20,0
2026-05-19,S005,P0009,118,20,0
2026-05-19,S005,P0010,113,20,0
2026-05-20,S001,P0001,114,20,0
2026-05-20,S001,P0002,73,20,0
2026-05-20,S001,P0003,103,20,0
2026-05-20,S001,P0004,25,20,0
2026-05-20,S001,P0005,31,20,0
2026-05-20,S001,P0006,67,20,0
2026-05-20,S001,P0007,30,20,0
2026-05-20,S001,P0008,41,20,0
2026-05-20,S001,P0009,59,20,0
2026-05-20,S001,P0010,45,20,0
2026-05-20,S002,P0001,97,20,0
2026-05-20,S002,P0002,94,20,0
2026-05-20,S002,P0003,39,20,0
2026-05-20,S002,P0004,114,20,0
2026-05-20,S002,P0005,49,20,0
2026-05-20,S002,P0006,87,20,0
2026-05-20,S002,P0007,48,20,0
2026-05-20,S002,P0008,62,20,0
2026-05-20,S002,P0009,113,20,0
2026-05-20,S002,P0010,86,20,0
2026-05-20,S003,P0001,107,20,0
2026-05-20,S003,P0002,73,20,0
2026-05-20,S003,P0003,68,20,0
2026-05-20,S003,P0004,118,20,0
2026-05-20,S003,P0005,47,20,0
2026-05-20,S003,P0006,85,20,0
2026-05-20,S003,P0007,60,20,0
2026-05-20,S003,P0008,47,20,0
2026-05-20,S003,P0009,95,20,0
2026-05-20,S003,P0010,77,20,0
2026-05-20,S004,P0001,94,20,0
2026-05-20,S004,P0002,28,20,0
2026-05-20,S004,P0003,50,20,0
2026-05-20,S004,P0004,30,20,0
2026-05-20,S004,P0005,58,20,0
2026-05-20,S004,P0006,114,20,0
2026-05-20,S004,P0007,32,20,0
2026-05-20,S004,P0008,43,20,0
2026-05-20,S004,P0009,56,20,0
2026-05-20,S004,P0010,87,20,0
2026-05-20,S005,P0001,43,20,0
2026-05-20,S005,P0002,61,20,0
2026-05-20,S005,P0003,81,20,0
2026-05-20,S005,P0004,111,20,0
2026-05-20,S005,P0005,36,20,0
2026-05-20,S005,P0006,42,20,0
2026-05-20,S005,P0007,31,20,0
2026-05-20,S005,P0008,109,20,0
2026-05-20,S005,P0009,116,20,0
2026-05-20,S005,P0010,113,20,0
2026-05-21,S001,P0001,112,20,0
2026-05-21,S001,P0002,69,20,0
2026-05-21,S001,P0003,103,20,0
2026-05-21,S001,P0004,24,20,0
2026-05-21,S001,P0005,28,20,0
2026-05-21,S001,P0006,67,20,0
2026-05-21,S001,P0007,30,20,0
2026-05-21,S001,P0008,40,20,0
2026-05-21,S001,P0009,59,20,0
2026-05-21,S001,P0010,44,20,0
2026-05-21,S002,P0001,95,20,0
2026-05-21,S002,P0002,93,20,0
2026-05-21,S002,P0003,38,20,0
2026-05-21,S002,P0004,113,20,0
2026-05-21,S002,P0005,43,20,0
2026-05-21,S002,P0006,85,20,0
2026-05-21,S002,P0007,48,20,0
2026-05-21,S002,P0008,61,20,0
2026-05-21,S002,P0009,112,20,0
2026-05-21,S002,P0010,84,20,0
2026-05-21,S003,P0001,107,20,0
2026-05-21,S003,P0002,70,20,0
2026-05-21,S003,P0003,67,20,0
2026-05-21,S003,P0004,118,20,0
2026-05-21,S003,P0005,41,20,0
2026-05-21,S003,P0006,85,20,0
2026-05-21,S003,P0007,60,20,0
2026-05-21,S003,P0008,46,20,0
2026-05-21,S003,P0009,94,20,0
2026-05-21,S003,P0010,75,20,0
2026-05-21,S004,P0001,93,20,0
2026-05-21,S004,P0002,27,20,0
2026-05-21,S004,P0003,47,20,0
2026-05-21,S004,P0004,30,20,0
2026-05-21,S004,P0005,57,20,0
2026-05-21,S004,P0006,113,20,0
2026-05-21,S004,P0007,32,20,0
2026-05-21,S004,P0008,42,20,0
2026-05-21,S004,P0009,54,20,0
2026-05-21,S004,P0010,86,20,0
2026-05-21,S005,P0001,40,20,0
2026-05-21,S005,P0002,59,20,0
2026-05-21,S005,P0003,80,20,0
2026-05-21,S005,P0004,111,20,0
2026-05-21,S005,P0005,33,20,0
2026-05-21,S005,P0006,42,20,0
2026-05-21,S005,P0007,31,20,0
2026-05-21,S005,P0008,108,20,0
2026-05-21,S005,P0009,114,20,0
2026-05-21,S005,P0010,113,20,0
2026-05-22,S001,P0001,109,20,0
2026-05-22,S001,P0002,68,20,0
2026-05-22,S001,P0003,102,20,0
2026-05-22,S001,P0004,23,20,0
2026-05-22,S001,P0005,27,20,0
2026-05-22,S001,P0006,66,20,0
2026-05-22,S001,P0007,30,20,0
2026-05-22,S001,P0008,38,20,0
2026-05-22,S001,P0009,56,20,0
2026-05-22,S001,P0010,41,20,0
2026-05-22,S002,P0001,94,20,0
2026-05-22,S002,P0002,90,20,0
2026-05-22,S002,P0003,37,20,0
2026-05-22,S002,P0004,111,20,0
2026-05-22,S002,P0005,42,20,0
2026-05-22,S002,P0006,83,20,0
2026-05-22,S002,P0007,48,20,0
2026-05-22,S002,P0008,58,20,0
2026-05-22,S002,P0009,111,20,0
2026-05-22,S002,P0010,84,20,0
2026-05-22,S003,P0001,106,20,0
2026-05-22,S003,P0002,67,20,0
2026-05-22,S003,P0003,66,20,0
2026-05-22,S003,P0004,118,20,0
2026-05-22,S003,P0005,41,20,0
2026-05-22,S003,P0006,84,20,0
2026-05-22,S003,P0007,59,20,0
2026-05-22,S003,P0008,46,20,0
2026-05-22,S003,P0009,92,20,0
2026-05-22,S003,P0010,74,20,0
2026-05-22,S004,P0001,88,20,0
2026-05-22,S004,P0002,26,20,0
2026-05-22,S004,P0003,46,20,0
2026-05-22,S004,P0004,29,20,0
2026-05-22,S004,P0005,50,20,0
2026-05-22,S004,P0006,113,20,0
2026-05-22,S004,P0007,31,20,0
2026-05-22,S004,P0008,42,20,0
2026-05-22,S004,P0009,52,20,0
2026-05-22,S004,P0010,84,20,0
2026-05-22,S005,P0001,37,20,0
2026-05-22,S005,P0002,57,20,0
2026-05-22,S005,P0003,79,20,0
2026-05-22,S005,P0004,111,20,0
2026-05-22,S005,P0005,30,20,0
2026-05-22,S005,P0006,40,20,0
2026-05-22,S005,P0007,30,20,0
2026-05-22,S005,P0008,107,20,0
2026-05-22,S005,P0009,113,20,0
2026-05-22,S005,P0010,112,20,0
2026-05-23,S001,P0001,106,20,0
2026-05-23,S001,P0002,64,20,0
2026-05-23,S001,P0003,101,20,0
2026-05-23,S001,P0004,22,20,0
2026-05-23,S001,P0005,23,20,0
2026-05-23,S001,P0006,66,20,0
2026-05-23,S001,P0007,30,20,0
2026-05-23,S001,P0008,37,20,0
2026-05-23,S001,P0009,55,20,0
2026-05-23,S001,P0010,40,20,0
2026-05-23,S002,P0001,93,20,0
2026-05-23,S002,P0002,87,20,0
2026-05-23,S002,P0003,35,20,0
2026-05-23,S002,P0004,111,20,0
2026-05-23,S002,P0005,38,20,0
2026-05-23,S002,P0006,83,20,0
2026-05-23,S002,P0007,46,20,0
2026-05-23,S002,P0008,56,20,0
2026-05-23,S002,P0009,111,20,0
2026-05-23,S002,P0010,81,20,0
2026-05-23,S003,P0001,103,20,0
2026-05-23,S003,P0002,64,20,0
2026-05-23,S003,P0003,65,20,0
2026-05-23,S003,P0004,115,20,0
2026-05-23,S003,P0005,39,20,0
2026-05-23,S003,P0006,82,20,0
2026-05-23,S003,P0007,58,20,0
2026-05-23,S003,P0008,44,20,0
2026-05-23,S003,P0009,91,20,0
2026-05-23,S003,P0010,73,20,0
2026-05-23,S004,P0001,87,20,0
2026-05-23,S004,P0002,25,20,0
2026-05-23,S004,P0003,46,20,0
2026-05-23,S004,P0004,29,20,0
2026-05-23,S004,P0005,45,20,0
2026-05-23,S004,P0006,113,20,0
2026-05-23,S004,P0007,28,20,0
2026-05-23,S004,P0008,40,20,0
2026-05-23,S004,P0009,52,20,0
2026-05-23,S004,P0010,83,20,0
2026-05-23,S005,P0001,36,20,0
2026-05-23,S005,P0002,56,20,0
2026-05-23,S005,P0003,79,20,0
2026-05-23,S005,P0004,107,20,0
2026-05-23,S005,P0005,26,20,0
2026-05-23,S005,P0006,39,20,0
2026-05-23,S005,P0007,30,20,0
2026-05-23,S005,P0008,106,20,0
2026-05-23,S005,P0009,109,20,0
2026-05-23,S005,P0010,112,20,0
2026-05-24,S001,P0001,103,20,0
2026-05-24,S001,P0002,61,20,0
2026-05-24,S001,P0003,99,20,0
2026-05-24,S001,P0004,21,20,0
2026-05-24,S001,P0005,20,20,0
2026-05-24,S001,P0006,65,20,0
2026-05-24,S001,P0007,28,20,0
2026-05-24,S001,P0008,35,20,0
2026-05-24,S001,P0009,53,20,0
2026-05-24,S001,P0010,39,20,0
2026-05-24,S002,P0001,91,20,0
2026-05-24,S002,P0002,86,20,0
2026-05-24,S002,P0003,34,20,0
2026-05-24,S002,P0004,108,20,0
2026-05-24,S002,P0005,33,20,0
2026-05-24,S002,P0006,81,20,0
2026-05-24,S002,P0007,45,20,0
2026-05-24,S002,P0008,56,20,0
2026-05-24,S002,P0009,111,20,0
2026-05-24,S002,P0010,80,20,0
2026-05-24,S003,P0001,101,20,0
2026-05-24,S003,P0002,60,20,0
2026-05-24,S003,P0003,62,20,0
2026-05-24,S003,P0004,115,20,0
2026-05-24,S003,P0005,36,20,0
2026-05-24,S003,P0006,82,20,0
2026-05-24,S003,P0007,58,20,0
2026-05-24,S003,P0008,44,20,0
2026-05-24,S003,P0009,88,20,0
2026-05-24,S003,P0010,71,20,0
2026-05-24,S004,P0001,82,20,0
2026-05-24,S004,P0002,25,20,0
2026-05-24,S004,P0003,45,20,0
2026-05-24,S004,P0004,28,20,0
2026-05-24,S004,P0005,41,20,0
2026-05-24,S004,P0006,113,20,0
2026-05-24,S004,P0007,28,20,0
2026-05-24,S004,P0008,36,20,0
2026-05-24,S004,P0009,50,20,0
2026-05-24,S004,P0010,82,20,0
2026-05-24,S005,P0001,35,20,0
2026-05-24,S005,P0002,56,20,0
2026-05-24,S005,P0003,78,20,0
2026-05-24,S005,P0004,107,20,0
2026-05-24,S005,P0005,25,20,0
2026-05-24,S005,P0006,39,20,0
2026-05-24,S005,P0007,28,20,0
2026-05-24,S005,P0008,105,20,0
2026-05-24,S005,P0009,106,20,0
2026-05-24,S005,P0010,110,20,0
2026-05-25,S001,P0001,102,20,0
2026-05-25,S001,P0002,60,20,0
2026-05-25,S001,P0003,97,20,0
2026-05-25,S001,P0004,118,20,0
2026-05-25,S001,P0005,113,20,0
2026-05-25,S001,P0006,65,20,0
2026-05-25,S001,P0007,25,20,0
2026-05-25,S001,P0008,33,20,0
2026-05-25,S001,P0009,53,20,0
2026-05-25,S001,P0010,36,20,0
2026-05-25,S002,P0001,91,20,0
2026-05-25,S002,P0002,84,20,0
2026-05-25,S002,P0003,34,20,0
2026-05-25,S002,P0004,107,20,0
2026-05-25,S002,P0005,32,20,0
2026-05-25,S002,P0006,81,20,0
2026-05-25,S002,P0007,45,20,0
2026-05-25,S002,P0008,55,20,0
2026-05-25,S002,P0009,111,20,0
2026-05-25,S002,P0010,80,20,0
2026-05-25,S003,P0001,100,20,0
2026-05-25,S003,P0002,58,20,0
2026-05-25,S003,P0003,60,20,0
2026-05-25,S003,P0004,113,20,0
2026-05-25,S003,P0005,29,20,0
2026-05-25,S003,P0006,81,20,0
2026-05-25,S003,P0007,55,20,0
2026-05-25,S003,P0008,44,20,0
2026-05-25,S003,P0009,86,20,0
2026-05-25,S003,P0010,70,20,0
2026-05-25,S004,P0001,81,20,0
2026-05-25,S004,P0002,24,20,0
2026-05-25,S004,P0003,45,20,0
2026-05-25,S004,P0004,28,20,0
2026-05-25,S004,P0005,38,20,0
2026-05-25,S004,P0006,112,20,0
2026-05-25,S004,P0007,28,20,0
2026-05-25,S004,P0008,35,20,0
2026-05-25,S004,P0009,48,20,0
2026-05-25,S004,P0010,80,20,0
2026-05-25,S005,P0001,34,20,0
2026-05-25,S005,P0002,53,20,0
2026-05-25,S005,P0003,76,20,0
2026-05-25,S005,P0004,106,20,0
2026-05-25,S005,P0005,22,20,0
2026-05-25,S005,P0006,39,20,0
2026-05-25,S005,P0007,28,20,0
2026-05-25,S005,P0008,102,20,0
2026-05-25,S005,P0009,106,20,0
2026-05-25,S005,P0010,110,20,0
2026-05-26,S001,P0001,101,20,0
2026-05-26,S001,P0002,60,20,0
2026-05-26,S001,P0003,97,20,0
2026-05-26,S001,P0004,117,20,0
2026-05-26,S001,P0005,105,20,0
2026-05-26,S001,P0006,65,20,0
2026-05-26,S001,P0007,23,20,0
2026-05-26,S001,P0008,29,20,0
2026-05-26,S001,P0009,51,20,0
2026-05-26,S001,P0010,34,20,0
2026-05-26,S002,P0001,90,20,0
2026-05-26,S002,P0002,82,20,0
2026-05-26,S002,P0003,34,20,0
2026-05-26,S002,P0004,106,20,0
2026-05-26,S002,P0005,30,20,0
2026-05-26,S002,P0006,80,20,0
2026-05-26,S002,P0007,44,20,0
2026-05-26,S002,P0008,54,20,0
2026-05-26,S002,P0009,110,20,0
2026-05-26,S002,P0010,79,20,0
2026-05-26,S003,P0001,100,20,0
2026-05-26,S003,P0002,55,20,0
2026-05-26,S003,P0003,58,20,0
2026-05-26,S003,P0004,112,20,0
2026-05-26,S003,P0005,24,20,0
2026-05-26,S003,P0006,80,20,0
2026-05-26,S003,P0007,55,20,0
2026-05-26,S003,P0008,40,20,0
2026-05-26,S003,P0009,83,20,0
2026-05-26,S003,P0010,66,20,0
2026-05-26,S004,P0001,78,20,0
2026-05-26,S004,P0002,119,20,0
2026-05-26,S004,P0003,44,20,0
2026-05-26,S004,P0004,27,20,0
2026-05-26,S004,P0005,33,20,0
2026-05-26,S004,P0006,112,20,0
2026-05-26,S004,P0007,28,20,0
2026-05-26,S004,P0008,34,20,0
2026-05-26,S004,P0009,47,20,0
2026-05-26,S004,P0010,80,20,0
2026-05-26,S005,P0001,33,20,0
2026-05-26,S005,P0002,52,20,0
2026-05-26,S005,P0003,74,20,0
2026-05-26,S005,P0004,104,20,0
2026-05-26,S005,P0005,21,20,0
2026-05-26,S005,P0006,39,20,0
2026-05-26,S005,P0007,27,20,0
2026-05-26,S005,P0008,99,20,0
2026-05-26,S005,P0009,104,20,0
2026-05-26,S005,P0010,109,20,0
2026-05-27,S001,P0001,99,20,0
2026-05-27,S001,P0002,57,20,0
2026-05-27,S001,P0003,97,20,0
2026-05-27,S001,P0004,116,20,0
2026-05-27,S001,P0005,101,20,0
2026-05-27,S001,P0006,65,20,0
2026-05-27,S001,P0007,22,20,0
2026-05-27,S001,P0008,29,20,0
2026-05-27,S001,P0009,50,20,0
2026-05-27,S001,P0010,33,20,0
2026-05-27,S002,P0001,90,20,0
2026-05-27,S002,P0002,78,20,0
2026-05-27,S002,P0003,32,20,0
2026-05-27,S002,P0004,105,20,0
2026-05-27,S002,P0005,29,20,0
2026-05-27,S002,P0006,80,20,0
2026-05-27,S002,P0007,44,20,0
2026-05-27,S002,P0008,52,20,0
2026-05-27,S002,P0009,110,20,0
2026-05-27,S002,P0010,78,20,0
2026-05-27,S003,P0001,100,20,0
2026-05-27,S003,P0002,55,20,0
2026-05-27,S003,P0003,57,20,0
2026-05-27,S003,P0004,109,20,0
2026-05-27,S003,P0005,23,20,0
2026-05-27,S003,P0006,79,20,0
2026-05-27,S003,P0007,53,20,0
2026-05-27,S003,P0008,38,20,0
2026-05-27,S003,P0009,81,20,0
2026-05-27,S003,P0010,66,20,0
2026-05-27,S004,P0001,76,20,0
2026-05-27,S004,P0002,119,20,0
2026-05-27,S004,P0003,42,20,0
2026-05-27,S004,P0004,24,20,0
2026-05-27,S004,P0005,32,20,0
2026-05-27,S004,P0006,111,20,0
2026-05-27,S004,P0007,27,20,0
2026-05-27,S004,P0008,34,20,0
2026-05-27,S004,P0009,45,20,0
2026-05-27,S004,P0010,79,20,0
2026-05-27,S005,P0001,32,20,0
2026-05-27,S005,P0002,48,20,0
2026-05-27,S005,P0003,71,20,0
2026-05-27,S005,P0004,103,20,0
2026-05-27,S005,P0005,118,20,0
2026-05-27,S005,P0006,39,20,0
2026-05-27,S005,P0007,25,20,0
2026-05-27,S005,P0008,96,20,0
2026-05-27,S005,P0009,101,20,0
2026-05-27,S005,P0010,108,20,0
2026-05-28,S001,P0001,98,20,0
2026-05-28,S001,P0002,57,20,0
2026-05-28,S001,P0003,95,20,0
2026-05-28,S001,P0004,116,20,0
2026-05-28,S001,P0005,98,20,0
2026-05-28,S001,P0006,64,20,0
2026-05-28,S001,P0007,21,20,0
2026-05-28,S001,P0008,28,20,0
2026-05-28,S001,P0009,48,20,0
2026-05-28,S001,P0010,30,20,0
2026-05-28,S002,P0001,89,20,0
2026-05-28,S002,P0002,78,20,0
2026-05-28,S002,P0003,32,20,0
2026-05-28,S002,P0004,104,20,0
2026-05-28,S002,P0005,25,20,0
2026-05-28,S002,P0006,79,20,0
2026-05-28,S002,P0007,43,20,0
2026-05-28,S002,P0008,52,20,0
2026-05-28,S002,P0009,110,20,0
2026-05-28,S002,P0010,77,20,0
2026-05-28,S003,P0001,98,20,0
2026-05-28,S003,P0002,50,20,0
2026-05-28,S003,P0003,55,20,0
2026-05-28,S003,P0004,109,20,0
2026-05-28,S003,P0005,119,20,0
2026-05-28,S003,P0006,79,20,0
2026-05-28,S003,P0007,53,20,0
2026-05-28,S003,P0008,36,20,0
2026-05-28,S003,P0009,80,20,0
2026-05-28,S003,P0010,65,20,0
2026-05-28,S004,P0001,74,20,0
2026-05-28,S004,P0002,117,20,0
2026-05-28,S004,P0003,42,20,0
2026-05-28,S004,P0004,23,20,0
2026-05-28,S004,P0005,31,20,0
2026-05-28,S004,P0006,111,20,0
2026-05-28,S004,P0007,26,20,0
2026-05-28,S004,P0008,31,20,0
2026-05-28,S004,P0009,43,20,0
2026-05-28,S004,P0010,78,20,0
2026-05-28,S005,P0001,30,20,0
2026-05-28,S005,P0002,46,20,0
2026-05-28,S005,P0003,70,20,0
2026-05-28,S005,P0004,101,20,0
2026-05-28,S005,P0005,115,20,0
2026-05-28,S005,P0006,39,20,0
2026-05-28,S005,P0007,23,20,0
2026-05-28,S005,P0008,95,20,0
2026-05-28,S005,P0009,97,20,0
2026-05-28,S005,P0010,105,20,0
2026-05-29,S001,P0001,98,20,0
2026-05-29,S001,P0002,57,20,0
2026-05-29,S001,P0003,94,20,0
2026-05-29,S001,P0004,116,20,0
2026-05-29,S001,P0005,97,20,0
2026-05-29,S001,P0006,64,20,0
2026-05-29,S001,P0007,21,20,0
2026-05-29,S001,P0008,28,20,0
2026-05-29,S001,P0009,47,20,0
2026-05-29,S001,P0010,30,20,0
2026-05-29,S002,P0001,89,20,0
2026-05-29,S002,P0002,76,20,0
2026-05-29,S002,P0003,31,20,0
2026-05-29,S002,P0004,104,20,0
2026-05-29,S002,P0005,23,20,0
2026-05-29,S002,P0006,79,20,0
2026-05-29,S002,P0007,40,20,0
2026-05-29,S002,P0008,51,20,0
2026-05-29,S002,P0009,110,20,0
2026-05-29,S002,P0010,75,20,0
2026-05-29,S003,P0001,94,20,0
2026-05-29,S003,P0002,50,20,0
2026-05-29,S003,P0003,55,20,0
2026-05-29,S003,P0004,109,20,0
2026-05-29,S003,P0005,118,20,0
2026-05-29,S003,P0006,78,20,0
2026-05-29,S003,P0007,51,20,0
2026-05-29,S003,P0008,36,20,0
2026-05-29,S003,P0009,80,20,0
2026-05-29,S003,P0010,63,20,0
2026-05-29,S004,P0001,69,20,0
2026-05-29,S004,P0002,114,20,0
2026-05-29,S004,P0003,39,20,0
2026-05-29,S004,P0004,21,20,0
2026-05-29,S004,P0005,30,20,0
2026-05-29,S004,P0006,111,20,0
2026-05-29,S004,P0007,24,20,0
2026-05-29,S004,P0008,30,20,0
2026-05-29,S004,P0009,42,20,0
2026-05-29,S004,P0010,77,20,0
2026-05-29,S005,P0001,28,20,0
2026-05-29,S005,P0002,43,20,0
2026-05-29,S005,P0003,68,20,0
2026-05-29,S005,P0004,99,20,0
2026-05-29,S005,P0005,113,20,0
2026-05-29,S005,P0006,38,20,0
2026-05-29,S005,P0007,22,20,0
2026-05-29,S005,P0008,95,20,0
2026-05-29,S005,P0009,96,20,0
2026-05-29,S005,P0010,100,20,0
2026-05-30,S001,P0001,97,20,0
2026-05-30,S001,P0002,55,20,0
2026-05-30,S001,P0003,91,20,0
2026-05-30,S001,P0004,115,20,0
2026-05-30,S001,P0005,96,20,0
2026-05-30,S001,P0006,63,20,0
2026-05-30,S001,P0007,119,20,0
2026-05-30,S001,P0008,27,20,0
2026-05-30,S001,P0009,46,20,0
2026-05-30,S001,P0010,29,20,0
2026-05-30,S002,P0001,88,20,0
2026-05-30,S002,P0002,70,20,0
2026-05-30,S002,P0003,31,20,0
2026-05-30,S002,P0004,103,20,0
2026-05-30,S002,P0005,20,20,0
2026-05-30,S002,P0006,77,20,0
2026-05-30,S002,P0007,39,20,0
2026-05-30,S002,P0008,49,20,0
2026-05-30,S002,P0009,108,20,0
2026-05-30,S002,P0010,74,20,0
2026-05-30,S003,P0001,93,20,0
2026-05-30,S003,P0002,48,20,0
2026-05-30,S003,P0003,54,20,0
2026-05-30,S003,P0004,109,20,0
2026-05-30,S003,P0005,117,20,0
2026-05-30,S003,P0006,77,20,0
2026-05-30,S003,P0007,51,20,0
2026-05-30,S003,P0008,34,20,0
2026-05-30,S003,P0009,79,20,0
2026-05-30,S003,P0010,63,20,0
2026-05-30,S004,P0001,66,20,0
2026-05-30,S004,P0002,114,20,0
2026-05-30,S004,P0003,39,20,0
2026-05-30,S004,P0004,118,20,0
2026-05-30,S004,P0005,28,20,0
2026-05-30,S004,P0006,110,20,0
2026-05-30,S004,P0007,22,20,0
2026-05-30,S004,P0008,24,20,0
2026-05-30,S004,P0009,41,20,0
2026-05-30,S004,P0010,75,20,0
2026-05-30,S005,P0001,26,20,0
2026-05-30,S005,P0002,39,20,0
2026-05-30,S005,P0003,68,20,0
2026-05-30,S005,P0004,99,20,0
2026-05-30,S005,P0005,112,20,0
2026-05-30,S005,P0006,38,20,0
2026-05-30,S005,P0007,22,20,0
2026-05-30,S005,P0008,94,20,0
2026-05-30,S005,P0009,95,20,0
2026-05-30,S005,P0010,99,20,0
2026-05-31,S001,P0001,95,20,0
2026-05-31,S001,P0002,53,20,0
2026-05-31,S001,P0003,91,20,0
2026-05-31,S001,P0004,114,20,0
2026-05-31,S001,P0005,92,20,0
2026-05-31,S001,P0006,62,20,0
2026-05-31,S001,P0007,117,20,0
2026-05-31,S001,P0008,25,20,0
2026-05-31,S001,P0009,46,20,0
2026-05-31,S001,P0010,29,20,0
2026-05-31,S002,P0001,88,20,0
2026-05-31,S002,P0002,68,20,0
2026-05-31,S002,P0003,31,20,0
2026-05-31,S002,P0004,102,20,0
2026-05-31,S002,P0005,20,20,0
2026-05-31,S002,P0006,75,20,0
2026-05-31,S002,P0007,38,20,0
2026-05-31,S002,P0008,46,20,0
2026-05-31,S002,P0009,106,20,0
2026-05-31,S002,P0010,73,20,0
2026-05-31,S003,P0001,93,20,0
2026-05-31,S003,P0002,48,20,0
2026-05-31,S003,P0003,52,20,0
2026-05-31,S003,P0004,108,20,0
2026-05-31,S003,P0005,114,20,0
2026-05-31,S003,P0006,77,20,0
2026-05-31,S003,P0007,50,20,0
2026-05-31,S003,P0008,33,20,0
2026-05-31,S003,P0009,76,20,0
2026-05-31,S003,P0010,62,20,0
2026-05-31,S004,P0001,66,20,0
2026-05-31,S004,P0002,113,20,0
2026-05-31,S004,P0003,38,20,0
2026-05-31,S004,P0004,117,20,0
2026-05-31,S004,P0005,28,20,0
2026-05-31,S004,P0006,109,20,0
2026-05-31,S004,P0007,20,20,0
2026-05-31,S004,P0008,24,20,0
2026-05-31,S004,P0009,39,20,0
2026-05-31,S004,P0010,75,20,0
2026-05-31,S005,P0001,21,20,0
2026-05-31,S005,P0002,36,20,0
2026-05-31,S005,P0003,68,20,0
2026-05-31,S005,P0004,97,20,0
2026-05-31,S005,P0005,110,20,0
2026-05-31,S005,P0006,37,20,0
2026-05-31,S005,P0007,119,20,0
2026-05-31,S005,P0008,94,20,0
2026-05-31,S005,P0009,93,20,0
2026-05-31,S005,P0010,98,20,0
2026-06-01,S001,P0001,94,20,0
2026-06-01,S001,P0002,53,20,0
2026-06-01,S001,P0003,91,20,0
2026-06-01,S001,P0004,114,20,0
2026-06-01,S001,P0005,88,20,0
2026-06-01,S001,P0006,61,20,0
2026-06-01,S001,P0007,117,20,0
2026-06-01,S001,P0008,25,20,0
2026-06-01,S001,P0009,44,20,0
2026-06-01,S001,P0010,29,20,0
2026-06-01,S002,P0001,88,20,0
2026-06-01,S002,P0002,64,20,0
2026-06-01,S002,P0003,30,20,0
2026-06-01,S002,P0004,102,20,0
2026-06-01,S002,P0005,116,20,0
2026-06-01,S002,P0006,74,20,0
2026-06-01,S002,P0007,36,20,0
2026-06-01,S002,P0008,45,20,0
2026-06-01,S002,P0009,104,20,0
2026-06-01,S002,P0010,73,20,0
2026-06-01,S003,P0001,92,20,0
2026-06-01,S003,P0002,47,20,0
2026-06-01,S003,P0003,52,20,0
2026-06-01,S003,P0004,108,20,0
2026-06-01,S003,P0005,112,20,0
2026-06-01,S003,P0006,77,20,0
2026-06-01,S003,P0007,50,20,0
2026-06-01,S003,P0008,30,20,0
2026-06-01,S003,P0009,72,20,0
2026-06-01,S003,P0010,60,20,0
2026-06-01,S004,P0001,62,20,0
2026-06-01,S004,P0002,113,20,0
2026-06-01,S004,P0003,37,20,0
2026-06-01,S004,P0004,116,20,0
2026-06-01,S004,P0005,26,20,0
2026-06-01,S004,P0006,109,20,0
2026-06-01,S004,P0007,20,20,0
2026-06-01,S004,P0008,24,20,0
2026-06-01,S004,P0009,38,20,0
2026-06-01,S004,P0010,74,20,0
2026-06-01,S005,P0001,119,20,0
2026-06-01,S005,P0002,36,20,0
2026-06-01,S005,P0003,68,20,0
2026-06-01,S005,P0004,96,20,0
2026-06-01,S005,P0005,108,20,0
2026-06-01,S005,P0006,37,20,0
2026-06-01,S005,P0007,119,20,0
2026-06-01,S005,P0008,93,20,0
2026-06-01,S005,P0009,92,20,0
2026-06-01,S005,P0010,98,20,0
2026-06-02,S001,P0001,92,20,0
2026-06-02,S001,P0002,52,20,0
2026-06-02,S001,P0003,90,20,0
2026-06-02,S001,P0004,113,20,0
2026-06-02,S001,P0005,86,20,0
2026-06-02,S001,P0006,61,20,0
2026-06-02,S001,P0007,116,20,0
2026-06-02,S001,P0008,21,20,0
2026-06-02,S001,P0009,43,20,0
2026-06-02,S001,P0010,27,20,0
2026-06-02,S002,P0001,87,20,0
2026-06-02,S002,P0002,63,20,0
2026-06-02,S002,P0003,28,20,0
2026-06-02,S002,P0004,102,20,0
2026-06-02,S002,P0005,114,20,0
2026-06-02,S002,P0006,74,20,0
2026-06-02,S002,P0007,36,20,0
2026-06-02,S002,P0008,44,20,0
2026-06-02,S002,P0009,102,20,0
2026-06-02,S002,P0010,71,20,0
2026-06-02,S003,P0001,92,20,0
2026-06-02,S003,P0002,47,20,0
2026-06-02,S003,P0003,52,20,0
2026-06-02,S003,P0004,108,20,0
2026-06-02,S003,P0005,108,20,0
2026-06-02,S003,P0006,77,20,0
2026-06-02,S003,P0007,47,20,0
2026-06-02,S003,P0008,27,20,0
2026-06-02,S003,P0009,72,20,0
2026-06-02,S003,P0010,57,20,0
2026-06-02,S004,P0001,60,20,0
2026-06-02,S004,P0002,111,20,0
2026-06-02,S004,P0003,36,20,0
2026-06-02,S004,P0004,116,20,0
2026-06-02,S004,P0005,23,20,0
2026-06-02,S004,P0006,108,20,0
2026-06-02,S004,P0007,119,20,0
2026-06-02,S004,P0008,24,20,0
2026-06-02,S004,P0009,38,20,0
2026-06-02,S004,P0010,73,20,0
2026-06-02,S005,P0001,117,20,0
2026-06-02,S005,P0002,34,20,0
2026-06-02,S005,P0003,68,20,0
2026-06-02,S005,P0004,95,20,0
2026-06-02,S005,P0005,105,20,0
2026-06-02,S005,P0006,35,20,0
2026-06-02,S005,P0007,119,20,0
2026-06-02,S005,P0008,92,20,0
2026-06-02,S005,P0009,91,20,0
2026-06-02,S005,P0010,97,20,0
2026-06-03,S001,P0001,91,20,0
2026-06-03,S001,P0002,48,20,0
2026-06-03,S001,P0003,89,20,0
2026-06-03,S001,P0004,113,20,0
2026-06-03,S001,P0005,85,20,0
2026-06-03,S001,P0006,61,20,0
2026-06-03,S001,P0007,115,20,0
2026-06-03,S001,P0008,119,20,0
2026-06-03,S001,P0009,43,20,0
2026-06-03,S001,P0010,26,20,0
2026-06-03,S002,P0001,83,20,0
2026-06-03,S002,P0002,61,20,0
2026-06-03,S002,P0003,27,20,0
2026-06-03,S002,P0004,102,20,0
2026-06-03,S002,P0005,114,20,0
2026-06-03,S002,P0006,73,20,0
2026-06-03,S002,P0007,36,20,0
2026-06-03,S002,P0008,44,20,0
2026-06-03,S002,P0009,98,20,0
2026-06-03,S002,P0010,70,20,0
2026-06-03,S003,P0001,90,20,0
2026-06-03,S003,P0002,46,20,0
2026-06-03,S003,P0003,52,20,0
2026-06-03,S003,P0004,107,20,0
2026-06-03,S003,P0005,107,20,0
2026-06-03,S003,P0006,76,20,0
2026-06-03,S003,P0007,47,20,0
2026-06-03,S003,P0008,26,20,0
2026-06-03,S003,P0009,70,20,0
2026-06-03,S003,P0010,57,20,0
2026-06-03,S004,P0001,60,20,0
2026-06-03,S004,P0002,110,20,0
2026-06-03,S004,P0003,33,20,0
2026-06-03,S004,P0004,114,20,0
2026-06-03,S004,P0005,21,20,0
2026-06-03,S004,P0006,107,20,0
2026-06-03,S004,P0007,119,20,0
2026-06-03,S004,P0008,24,20,0
2026-06-03,S004,P0009,34,20,0
2026-06-03,S004,P0010,71,20,0
2026-06-03,S005,P0001,115,20,0
2026-06-03,S005,P0002,33,20,0
2026-06-03,S005,P0003,68,20,0
2026-06-03,S005,P0004,91,20,0
2026-06-03,S005,P0005,104,20,0
2026-06-03,S005,P0006,35,20,0
2026-06-03,S005,P0007,117,20,0
2026-06-03,S005,P0008,89,20,0
2026-06-03,S005,P0009,88,20,0
2026-06-03,S005,P0010,96,20,0
2026-06-04,S001,P0001,90,20,0
2026-06-04,S001,P0002,46,20,0
2026-06-04,S001,P0003,88,20,0
2026-06-04,S001,P0004,107,20,0
2026-06-04,S001,P0005,80,20,0
2026-06-04,S001,P0006,61,20,0
2026-06-04,S001,P0007,114,20,0
2026-06-04,S001,P0008,118,20,0
2026-06-04,S001,P0009,40,20,0
2026-06-04,S001,P0010,25,20,0
2026-06-04,S002,P0001,82,20,0
2026-06-04,S002,P0002,59,20,0
2026-06-04,S002,P0003,26,20,0
2026-06-04,S002,P0004,102,20,0
2026-06-04,S002,P0005,109,20,0
2026-06-04,S002,P0006,73,20,0
2026-06-04,S002,P0007,36,20,0
2026-06-04,S002,P0008,43,20,0
2026-06-04,S002,P0009,96,20,0
2026-06-04,S002,P0010,69,20,0
2026-06-04,S003,P0001,89,20,0
2026-06-04,S003,P0002,44,20,0
2026-06-04,S003,P0003,52,20,0
2026-06-04,S003,P0004,106,20,0
2026-06-04,S003,P0005,105,20,0
2026-06-04,S003,P0006,75,20,0
2026-06-04,S003,P0007,45,20,0
2026-06-04,S003,P0008,25,20,0
2026-06-04,S003,P0009,70,20,0
2026-06-04,S003,P0010,57,20,0
2026-06-04,S004,P0001,60,20,0
2026-06-04,S004,P0002,109,20,0
2026-06-04,S004,P0003,33,20,0
2026-06-04,S004,P0004,113,20,0
2026-06-04,S004,P0005,20,20,0
2026-06-04,S004,P0006,106,20,0
2026-06-04,S004,P0007,119,20,0
2026-06-04,S004,P0008,23,20,0
2026-06-04,S004,P0009,32,20,0
2026-06-04,S004,P0010,67,20,0
2026-06-04,S005,P0001,115,20,0
2026-06-04,S005,P0002,30,20,0
2026-06-04,S005,P0003,67,20,0
2026-06-04,S005,P0004,91,20,0
2026-06-04,S005,P0005,102,20,0
2026-06-04,S005,P0006,33,20,0
2026-06-04,S005,P0007,117,20,0
2026-06-04,S005,P0008,89,20,0
2026-06-04,S005,P0009,84,20,0
2026-06-04,S005,P0010,95,20,0
2026-06-05,S001,P0001,90,20,0
2026-06-05,S001,P0002,45,20,0
2026-06-05,S001,P0003,85,20,0
2026-06-05,S001,P0004,104,20,0
2026-06-05,S001,P0005,78,20,0
2026-06-05,S001,P0006,60,20,0
2026-06-05,S001,P0007,114,20,0
2026-06-05,S001,P0008,118,20,0
2026-06-05,S001,P0009,38,20,0
2026-06-05,S001,P0010,25,20,0
2026-06-05,S002,P0001,81,20,0
2026-06-05,S002,P0002,56,20,0
2026-06-05,S002,P0003,23,20,0
2026-06-05,S002,P0004,100,20,0
2026-06-05,S002,P0005,109,20,0
2026-06-05,S002,P0006,72,20,0
2026-06-05,S002,P0007,36,20,0
2026-06-05,S002,P0008,43,20,0
2026-06-05,S002,P0009,94,20,0
2026-06-05,S002,P0010,69,20,0
2026-06-05,S003,P0001,89,20,0
2026-06-05,S003,P0002,44,20,0
2026-06-05,S003,P0003,50,20,0
2026-06-05,S003,P0004,106,20,0
2026-06-05,S003,P0005,102,20,0
2026-06-05,S003,P0006,75,20,0
2026-06-05,S003,P0007,44,20,0
2026-06-05,S003,P0008,21,20,0
2026-06-05,S003,P0009,68,20,0
2026-06-05,S003,P0010,57,20,0
2026-06-05,S004,P0001,59,20,0
2026-06-05,S004,P0002,109,20,0
2026-06-05,S004,P0003,32,20,0
2026-06-05,S004,P0004,111,20,0
2026-06-05,S004,P0005,117,20,0
2026-06-05,S004,P0006,104,20,0
2026-06-05,S004,P0007,116,20,0
2026-06-05,S004,P0008,21,20,0
2026-06-05,S004,P0009,30,20,0
2026-06-05,S004,P0010,66,20,0
2026-06-05,S005,P0001,115,20,0
2026-06-05,S005,P0002,30,20,0
2026-06-05,S005,P0003,66,20,0
2026-06-05,S005,P0004,91,20,0
2026-06-05,S005,P0005,99,20,0
2026-06-05,S005,P0006,32,20,0
2026-06-05,S005,P0007,116,20,0
2026-06-05,S005,P0008,87,20,0
2026-06-05,S005,P0009,80,20,0
2026-06-05,S005,P0010,93,20,0
2026-06-06,S001,P0001,88,20,0
2026-06-06,S001,P0002,43,20,0
2026-06-06,S001,P0003,84,20,0
2026-06-06,S001,P0004,102,20,0
2026-06-06,S001,P0005,75,20,0
2026-06-06,S001,P0006,59,20,0
2026-06-06,S001,P0007,113,20,0
2026-06-06,S001,P0008,118,20,0
2026-06-06,S001,P0009,37,20,0
2026-06-06,S001,P0010,25,20,0
2026-06-06,S002,P0001,79,20,0
2026-06-06,S002,P0002,54,20,0
2026-06-06,S002,P0003,22,20,0
2026-06-06,S002,P0004,99,20,0
2026-06-06,S002,P0005,105,20,0
2026-06-06,S002,P0006,72,20,0
2026-06-06,S002,P0007,35,20,0
2026-06-06,S002,P0008,43,20,0
2026-06-06,S002,P0009,93,20,0
2026-06-06,S002,P0010,69,20,0
2026-06-06,S003,P0001,86,20,0
2026-06-06,S003,P0002,42,20,0
2026-06-06,S003,P0003,48,20,0
2026-06-06,S003,P0004,104,20,0
2026-06-06,S003,P0005,98,20,0
2026-06-06,S003,P0006,75,20,0
2026-06-06,S003,P0007,41,20,0
2026-06-06,S003,P0008,21,20,0
2026-06-06,S003,P0009,67,20,0
2026-06-06,S003,P0010,57,20,0
2026-06-06,S004,P0001,58,20,0
2026-06-06,S004,P0002,106,20,0
2026-06-06,S004,P0003,31,20,0
2026-06-06,S004,P0004,110,20,0
2026-06-06,S004,P0005,112,20,0
2026-06-06,S004,P0006,102,20,0
2026-06-06,S004,P0007,116,20,0
2026-06-06,S004,P0008,21,20,0
2026-06-06,S004,P0009,29,20,0
2026-06-06,S004,P0010,64,20,0
2026-06-06,S005,P0001,115,20,0
2026-06-06,S005,P0002,29,20,0
2026-06-06,S005,P0003,65,20,0
2026-06-06,S005,P0004,91,20,0
2026-06-06,S005,P0005,97,20,0
2026-06-06,S005,P0006,32,20,0
2026-06-06,S005,P0007,115,20,0
2026-06-06,S005,P0008,86,20,0
2026-06-06,S005,P0009,76,20,0
2026-06-06,S005,P0010,92,20,0
2026-06-07,S001,P0001,88,20,0
2026-06-07,S001,P0002,43,20,0
2026-06-07,S001,P0003,84,20,0
2026-06-07,S001,P0004,101,20,0
2026-06-07,S001,P0005,73,20,0
2026-06-07,S001,P0006,59,20,0
2026-06-07,S001,P0007,112,20,0
2026-06-07,S001,P0008,117,20,0
2026-06-07,S001,P0009,35,20,0
2026-06-07,S001,P0010,23,20,0
2026-06-07,S002,P0001,78,20,0
2026-06-07,S002,P0002,52,20,0
2026-06-07,S002,P0003,21,20,0
2026-06-07,S002,P0004,98,20,0
2026-06-07,S002,P0005,103,20,0
2026-06-07,S002,P0006,71,20,0
2026-06-07,S002,P0007,34,20,0
2026-06-07,S002,P0008,41,20,0
2026-06-07,S002,P0009,91,20,0
2026-06-07,S002,P0010,67,20,0
2026-06-07,S003,P0001,85,20,0
2026-06-07,S003,P0002,42,20,0
2026-06-07,S003,P0003,46,20,0
2026-06-07,S003,P0004,104,20,0
2026-06-07,S003,P0005,97,20,0
2026-06-07,S003,P0006,74,20,0
2026-06-07,S003,P0007,39,20,0
2026-06-07,S003,P0008,119,20,0
2026-06-07,S003,P0009,65,20,0
2026-06-07,S003,P0010,57,20,0
2026-06-07,S004,P0001,58,20,0
2026-06-07,S004,P0002,104,20,0
2026-06-07,S004,P0003,30,20,0
2026-06-07,S004,P0004,107,20,0
2026-06-07,S004,P0005,111,20,0
2026-06-07,S004,P0006,100,20,0
2026-06-07,S004,P0007,114,20,0
2026-06-07,S004,P0008,118,20,0
2026-06-07,S004,P0009,28,20,0
2026-06-07,S004,P0010,63,20,0
2026-06-07,S005,P0001,114,20,0
2026-06-07,S005,P0002,28,20,0
2026-06-07,S005,P0003,64,20,0
2026-06-07,S005,P0004,90,20,0
2026-06-07,S005,P0005,94,20,0
2026-06-07,S005,P0006,32,20,0
2026-06-07,S005,P0007,115,20,0
2026-06-07,S005,P0008,85,20,0
2026-06-07,S005,P0009,75,20,0
2026-06-07,S005,P0010,92,20,0
2026-06-08,S001,P0001,85,20,0
2026-06-08,S001,P0002,43,20,0
2026-06-08,S001,P0003,82,20,0
2026-06-08,S001,P0004,100,20,0
2026-06-08,S001,P0005,71,20,0
2026-06-08,S001,P0006,58,20,0
2026-06-08,S001,P0007,111,20,0
2026-06-08,S001,P0008,116,20,0
2026-06-08,S001,P0009,34,20,0
2026-06-08,S001,P0010,23,20,0
2026-06-08,S002,P0001,72,20,0
2026-06-08,S002,P0002,51,20,0
2026-06-08,S002,P0003,119,20,0
2026-06-08,S002,P0004,97,20,0
2026-06-08,S002,P0005,100,20,0
2026-06-08,S002,P0006,71,20,0
2026-06-08,S002,P0007,34,20,0
2026-06-08,S002,P0008,37,20,0
2026-06-08,S002,P0009,91,20,0
2026-06-08,S002,P0010,65,20,0
2026-06-08,S003,P0001,82,20,0
2026-06-08,S003,P0002,41,20,0
2026-06-08,S003,P0003,44,20,0
2026-06-08,S003,P0004,103,20,0
2026-06-08,S003,P0005,94,20,0
2026-06-08,S003,P0006,73,20,0
2026-06-08,S003,P0007,38,20,0
2026-06-08,S003,P0008,116,20,0
2026-06-08,S003,P0009,63,20,0
2026-06-08,S003,P0010,57,20,0
2026-06-08,S004,P0001,57,20,0
2026-06-08,S004,P0002,103,20,0
2026-06-08,S004,P0003,30,20,0
2026-06-08,S004,P0004,107,20,0
2026-06-08,S004,P0005,107,20,0
2026-06-08,S004,P0006,100,20,0
2026-06-08,S004,P0007,111,20,0
2026-06-08,S004,P0008,117,20,0
2026-06-08,S004,P0009,28,20,0
2026-06-08,S004,P0010,62,20,0
2026-06-08,S005,P0001,110,20,0
2026-06-08,S005,P0002,27,20,0
2026-06-08,S005,P0003,63,20,0
2026-06-08,S005,P0004,90,20,0
2026-06-08,S005,P0005,91,20,0
2026-06-08,S005,P0006,32,20,0
2026-06-08,S005,P0007,114,20,0
2026-06-08,S005,P0008,85,20,0
2026-06-08,S005,P0009,74,20,0
2026-06-08,S005,P0010,91,20,0
2026-06-09,S001,P0001,84,20,0
2026-06-09,S001,P0002,41,20,0
2026-06-09,S001,P0003,81,20,0
2026-06-09,S001,P0004,100,20,0
2026-06-09,S001,P0005,69,20,0
2026-06-09,S001,P0006,57,20,0
2026-06-09,S001,P0007,110,20,0
2026-06-09,S001,P0008,114,20,0
2026-06-09,S001,P0009,31,20,0
2026-06-09,S001,P0010,22,20,0
2026-06-09,S002,P0001,70,20,0
2026-06-09,S002,P0002,47,20,0
2026-06-09,S002,P0003,119,20,0
2026-06-09,S002,P0004,97,20,0
2026-06-09,S002,P0005,97,20,0
2026-06-09,S002,P0006,70,20,0
2026-06-09,S002,P0007,30,20,0
2026-06-09,S002,P0008,37,20,0
2026-06-09,S002,P0009,90,20,0
2026-06-09,S002,P0010,62,20,0
2026-06-09,S003,P0001,81,20,0
2026-06-09,S003,P0002,38,20,0
2026-06-09,S003,P0003,42,20,0
2026-06-09,S003,P0004,103,20,0
2026-06-09,S003,P0005,93,20,0
2026-06-09,S003,P0006,73,20,0
2026-06-09,S003,P0007,36,20,0
2026-06-09,S003,P0008,114,20,0
2026-06-09,S003,P0009,59,20,0
2026-06-09,S003,P0010,57,20,0
2026-06-09,S004,P0001,57,20,0
2026-06-09,S004,P0002,103,20,0
2026-06-09,S004,P0003,29,20,0
2026-06-09,S004,P0004,106,20,0
2026-06-09,S004,P0005,105,20,0
2026-06-09,S004,P0006,100,20,0
2026-06-09,S004,P0007,109,20,0
2026-06-09,S004,P0008,116,20,0
2026-06-09,S004,P0009,26,20,0
2026-06-09,S004,P0010,62,20,0
2026-06-09,S005,P0001,109,20,0
2026-06-09,S005,P0002,27,20,0
2026-06-09,S005,P0003,63,20,0
2026-06-09,S005,P0004,88,20,0
2026-06-09,S005,P0005,90,20,0
2026-06-09,S005,P0006,32,20,0
2026-06-09,S005,P0007,111,20,0
2026-06-09,S005,P0008,83,20,0
2026-06-09,S005,P0009,73,20,0
2026-06-09,S005,P0010,90,20,0
2026-06-10,S001,P0001,81,20,0
2026-06-10,S001,P0002,40,20,0
2026-06-10,S001,P0003,79,20,0
2026-06-10,S001,P0004,100,20,0
2026-06-10,S001,P0005,67,20,0
2026-06-10,S001,P0006,57,20,0
2026-06-10,S001,P0007,109,20,0
2026-06-10,S001,P0008,113,20,0
2026-06-10,S001,P0009,28,20,0
2026-06-10,S001,P0010,20,20,0
2026-06-10,S002,P0001,69,20,0
2026-06-10,S002,P0002,47,20,0
2026-06-10,S002,P0003,118,20,0
2026-06-10,S002,P0004,95,20,0
2026-06-10,S002,P0005,96,20,0
2026-06-10,S002,P0006,69,20,0
2026-06-10,S002,P0007,30,20,0
2026-06-10,S002,P0008,36,20,0
2026-06-10,S002,P0009,88,20,0
2026-06-10,S002,P0010,59,20,0
2026-06-10,S003,P0001,80,20,0
2026-06-10,S003,P0002,37,20,0
2026-06-10,S003,P0003,41,20,0
2026-06-10,S003,P0004,101,20,0
2026-06-10,S003,P0005,91,20,0
2026-06-10,S003,P0006,71,20,0
2026-06-10,S003,P0007,36,20,0
2026-06-10,S003,P0008,112,20,0
2026-06-10,S003,P0009,56,20,0
2026-06-10,S003,P0010,56,20,0
2026-06-10,S004,P0001,56,20,0
2026-06-10,S004,P0002,100,20,0
2026-06-10,S004,P0003,29,20,0
2026-06-10,S004,P0004,105,20,0
2026-06-10,S004,P0005,103,20,0
2026-06-10,S004,P0006,99,20,0
2026-06-10,S004,P0007,109,20,0
2026-06-10,S004,P0008,115,20,0
2026-06-10,S004,P0009,25,20,0
2026-06-10,S004,P0010,62,20,0
2026-06-10,S005,P0001,109,20,0
2026-06-10,S005,P0002,26,20,0
2026-06-10,S005,P0003,62,20,0
2026-06-10,S005,P0004,83,20,0
2026-06-10,S005,P0005,90,20,0
2026-06-10,S005,P0006,32,20,0
2026-06-10,S005,P0007,110,20,0
2026-06-10,S005,P0008,82,20,0
2026-06-10,S005,P0009,68,20,0
2026-06-10,S005,P0010,90,20,0
2026-06-11,S001,P0001,80,20,0
2026-06-11,S001,P0002,40,20,0
2026-06-11,S001,P0003,78,20,0
2026-06-11,S001,P0004,99,20,0
2026-06-11,S001,P0005,65,20,0
2026-06-11,S001,P0006,56,20,0
2026-06-11,S001,P0007,109,20,0
2026-06-11,S001,P0008,111,20,0
2026-06-11,S001,P0009,28,20,0
2026-06-11,S001,P0010,20,20,0
2026-06-11,S002,P0001,67,20,0
2026-06-11,S002,P0002,43,20,0
2026-06-11,S002,P0003,117,20,0
2026-06-11,S002,P0004,94,20,0
2026-06-11,S002,P0005,94,20,0
2026-06-11,S002,P0006,67,20,0
2026-06-11,S002,P0007,30,20,0
2026-06-11,S002,P0008,35,20,0
2026-06-11,S002,P0009,86,20,0
2026-06-11,S002,P0010,56,20,0
2026-06-11,S003,P0001,79,20,0
2026-06-11,S003,P0002,35,20,0
2026-06-11,S003,P0003,40,20,0
2026-06-11,S003,P0004,99,20,0
2026-06-11,S003,P0005,90,20,0
2026-06-11,S003,P0006,71,20,0
2026-06-11,S003,P0007,35,20,0
2026-06-11,S003,P0008,110,20,0
2026-06-11,S003,P0009,54,20,0
2026-06-11,S003,P0010,55,20,0
2026-06-11,S004,P0001,56,20,0
2026-06-11,S004,P0002,98,20,0
2026-06-11,S004,P0003,27,20,0
2026-06-11,S004,P0004,105,20,0
2026-06-11,S004,P0005,100,20,0
2026-06-11,S004,P0006,99,20,0
2026-06-11,S004,P0007,109,20,0
2026-06-11,S004,P0008,113,20,0
2026-06-11,S004,P0009,25,20,0
2026-06-11,S004,P0010,61,20,0
2026-06-11,S005,P0001,107,20,0
2026-06-11,S005,P0002,25,20,0
2026-06-11,S005,P0003,61,20,0
2026-06-11,S005,P0004,82,20,0
2026-06-11,S005,P0005,85,20,0
2026-06-11,S005,P0006,31,20,0
2026-06-11,S005,P0007,109,20,0
2026-06-11,S005,P0008,81,20,0
2026-06-11,S005,P0009,65,20,0
2026-06-11,S005,P0010,90,20,0
2026-06-12,S001,P0001,80,20,0
2026-06-12,S001,P0002,37,20,0
2026-06-12,S001,P0003,78,20,0
2026-06-12,S001,P0004,99,20,0
2026-06-12,S001,P0005,63,20,0
2026-06-12,S001,P0006,55,20,0
2026-06-12,S001,P0007,105,20,0
2026-06-12,S001,P0008,107,20,0
2026-06-12,S001,P0009,26,20,0
2026-06-12,S001,P0010,20,20,0
2026-06-12,S002,P0001,67,20,0
2026-06-12,S002,P0002,41,20,0
2026-06-12,S002,P0003,116,20,0
2026-06-12,S002,P0004,93,20,0
2026-06-12,S002,P0005,89,20,0
2026-06-12,S002,P0006,67,20,0
2026-06-12,S002,P0007,29,20,0
2026-06-12,S002,P0008,34,20,0
2026-06-12,S002,P0009,84,20,0
2026-06-12,S002,P0010,55,20,0
2026-06-12,S003,P0001,78,20,0
2026-06-12,S003,P0002,33,20,0
2026-06-12,S003,P0003,39,20,0
2026-06-12,S003,P0004,98,20,0
2026-06-12,S003,P0005,89,20,0
2026-06-12,S003,P0006,70,20,0
2026-06-12,S003,P0007,35,20,0
2026-06-12,S003,P0008,109,20,0
2026-06-12,S003,P0009,53,20,0
2026-06-12,S003,P0010,55,20,0
2026-06-12,S004,P0001,55,20,0
2026-06-12,S004,P0002,97,20,0
2026-06-12,S004,P0003,25,20,0
2026-06-12,S004,P0004,102,20,0
2026-06-12,S004,P0005,98,20,0
2026-06-12,S004,P0006,98,20,0
2026-06-12,S004,P0007,109,20,0
2026-06-12,S004,P0008,113,20,0
2026-06-12,S004,P0009,24,20,0
2026-06-12,S004,P0010,61,20,0
2026-06-12,S005,P0001,105,20,0
2026-06-12,S005,P0002,25,20,0
2026-06-12,S005,P0003,60,20,0
2026-06-12,S005,P0004,82,20,0
2026-06-12,S005,P0005,81,20,0
2026-06-12,S005,P0006,30,20,0
2026-06-12,S005,P0007,109,20,0
2026-06-12,S005,P0008,80,20,0
2026-06-12,S005,P0009,64,20,0
2026-06-12,S005,P0010,90,20,0
2026-06-13,S001,P0001,79,20,0
2026-06-13,S001,P0002,37,20,0
2026-06-13,S001,P0003,77,20,0
2026-06-13,S001,P0004,97,20,0
2026-06-13,S001,P0005,61,20,0
2026-06-13,S001,P0006,55,20,0
2026-06-13,S001,P0007,103,20,0
2026-06-13,S001,P0008,104,20,0
2026-06-13,S001,P0009,24,20,0
2026-06-13,S001,P0010,119,20,0
2026-06-13,S002,P0001,64,20,0
2026-06-13,S002,P0002,40,20,0
2026-06-13,S002,P0003,114,20,0
2026-06-13,S002,P0004,93,20,0
2026-06-13,S002,P0005,88,20,0
2026-06-13,S002,P0006,66,20,0
2026-06-13,S002,P0007,28,20,0
2026-06-13,S002,P0008,33,20,0
2026-06-13,S002,P0009,80,20,0
2026-06-13,S002,P0010,55,20,0
2026-06-13,S003,P0001,76,20,0
2026-06-13,S003,P0002,30,20,0
2026-06-13,S003,P0003,39,20,0
2026-06-13,S003,P0004,97,20,0
2026-06-13,S003,P0005,87,20,0
2026-06-13,S003,P0006,70,20,0
2026-06-13,S003,P0007,35,20,0
2026-06-13,S003,P0008,108,20,0
2026-06-13,S003,P0009,52,20,0
2026-06-13,S003,P0010,55,20,0
2026-06-13,S004,P0001,55,20,0
2026-06-13,S004,P0002,95,20,0
2026-06-13,S004,P0003,21,20,0
2026-06-13,S004,P0004,102,20,0
2026-06-13,S004,P0005,97,20,0
2026-06-13,S004,P0006,98,20,0
2026-06-13,S004,P0007,108,20,0
2026-06-13,S004,P0008,110,20,0
2026-06-13,S004,P0009,22,20,0
2026-06-13,S004,P0010,60,20,0
2026-06-13,S005,P0001,101,20,0
2026-06-13,S005,P0002,24,20,0
2026-06-13,S005,P0003,60,20,0
2026-06-13,S005,P0004,80,20,0
2026-06-13,S005,P0005,80,20,0
2026-06-13,S005,P0006,29,20,0
2026-06-13,S005,P0007,108,20,0
2026-06-13,S005,P0008,78,20,0
2026-06-13,S005,P0009,62,20,0
2026-06-13,S005,P0010,87,20,0
2026-06-14,S001,P0001,76,20,0
2026-06-14,S001,P0002,35,20,0
2026-06-14,S001,P0003,77,20,0
2026-06-14,S001,P0004,94,20,0
2026-06-14,S001,P0005,57,20,0
2026-06-14,S001,P0006,54,20,0
2026-06-14,S001,P0007,100,20,0
2026-06-14,S001,P0008,102,20,0
2026-06-14,S001,P0009,118,20,0
2026-06-14,S001,P0010,118,20,0
2026-06-14,S002,P0001,61,20,0
2026-06-14,S002,P0002,39,20,0
2026-06-14,S002,P0003,112,20,0
2026-06-14,S002,P0004,89,20,0
2026-06-14,S002,P0005,85,20,0
2026-06-14,S002,P0006,65,20,0
2026-06-14,S002,P0007,27,20,0
2026-06-14,S002,P0008,33,20,0
2026-06-14,S002,P0009,78,20,0
2026-06-14,S002,P0010,55,20,0
2026-06-14,S003,P0001,75,20,0
2026-06-14,S003,P0002,27,20,0
2026-06-14,S003,P0003,38,20,0
2026-06-14,S003,P0004,97,20,0
2026-06-14,S003,P0005,85,20,0
2026-06-14,S003,P0006,70,20,0
2026-06-14,S003,P0007,34,20,0
2026-06-14,S003,P0008,106,20,0
2026-06-14,S003,P0009,50,20,0
2026-06-14,S003,P0010,53,20,0
2026-06-14,S004,P0001,55,20,0
2026-06-14,S004,P0002,92,20,0
2026-06-14,S004,P0003,21,20,0
2026-06-14,S004,P0004,101,20,0
2026-06-14,S004,P0005,93,20,0
2026-06-14,S004,P0006,98,20,0
2026-06-14,S004,P0007,108,20,0
2026-06-14,S004,P0008,109,20,0
2026-06-14,S004,P0009,22,20,0
2026-06-14,S004,P0010,58,20,0
2026-06-14,S005,P0001,101,20,0
2026-06-14,S005,P0002,22,20,0
2026-06-14,S005,P0003,60,20,0
2026-06-14,S005,P0004,78,20,0
2026-06-14,S005,P0005,76,20,0
2026-06-14,S005,P0006,28,20,0
2026-06-14,S005,P0007,107,20,0
2026-06-14,S005,P0008,77,20,0
2026-06-14,S005,P0009,62,20,0
2026-06-14,S005,P0010,86,20,0
2026-06-15,S001,P0001,76,20,0
2026-06-15,S001,P0002,34,20,0
2026-06-15,S001,P0003,75,20,0
2026-06-15,S001,P0004,93,20,0
2026-06-15,S001,P0005,55,20,0
2026-06-15,S001,P0006,53,20,0
2026-06-15,S001,P0007,97,20,0
2026-06-15,S001,P0008,101,20,0
2026-06-15,S001,P0009,115,20,0
2026-06-15,S001,P0010,116,20,0
2026-06-15,S002,P0001,60,20,0
2026-06-15,S002,P0002,37,20,0
2026-06-15,S002,P0003,111,20,0
2026-06-15,S002,P0004,89,20,0
2026-06-15,S002,P0005,83,20,0
2026-06-15,S002,P0006,64,20,0
2026-06-15,S002,P0007,26,20,0
2026-06-15,S002,P0008,29,20,0
2026-06-15,S002,P0009,75,20,0
2026-06-15,S002,P0010,55,20,0
2026-06-15,S003,P0001,75,20,0
2026-06-15,S003,P0002,25,20,0
2026-06-15,S003,P0003,38,20,0
2026-06-15,S003,P0004,96,20,0
2026-06-15,S003,P0005,82,20,0
2026-06-15,S003,P0006,68,20,0
2026-06-15,S003,P0007,34,20,0
2026-06-15,S003,P0008,106,20,0
2026-06-15,S003,P0009,50,20,0
2026-06-15,S003,P0010,52,20,0
2026-06-15,S004,P0001,53,20,0
2026-06-15,S004,P0002,88,20,0
2026-06-15,S004,P0003,119,20,0
2026-06-15,S004,P0004,101,20,0
2026-06-15,S004,P0005,91,20,0
2026-06-15,S004,P0006,96,20,0
2026-06-15,S004,P0007,108,20,0
2026-06-15,S004,P0008,108,20,0
2026-06-15,S004,P0009,22,20,0
2026-06-15,S004,P0010,57,20,0
2026-06-15,S005,P0001,101,20,0
2026-06-15,S005,P0002,118,20,0
2026-06-15,S005,P0003,58,20,0
2026-06-15,S005,P0004,77,20,0
2026-06-15,S005,P0005,74,20,0
2026-06-15,S005,P0006,27,20,0
2026-06-15,S005,P0007,106,20,0
2026-06-15,S005,P0008,73,20,0
2026-06-15,S005,P0009,59,20,0
2026-06-15,S005,P0010,81,20,0
2026-06-16,S001,P0001,74,20,0
2026-06-16,S001,P0002,32,20,0
2026-06-16,S001,P0003,74,20,0
2026-06-16,S001,P0004,92,20,0
2026-06-16,S001,P0005,52,20,0
2026-06-16,S001,P0006,52,20,0
2026-06-16,S001,P0007,94,20,0
2026-06-16,S001,P0008,100,20,0
2026-06-16,S001,P0009,114,20,0
2026-06-16,S001,P0010,115,20,0
2026-06-16,S002,P0001,55,20,0
2026-06-16,S002,P0002,36,20,0
2026-06-16,S002,P0003,109,20,0
2026-06-16,S002,P0004,87,20,0
2026-06-16,S002,P0005,81,20,0
2026-06-16,S002,P0006,63,20,0
2026-06-16,S002,P0007,25,20,0
2026-06-16,S002,P0008,29,20,0
2026-06-16,S002,P0009,75,20,0
2026-06-16,S002,P0010,54,20,0
2026-06-16,S003,P0001,73,20,0
2026-06-16,S003,P0002,22,20,0
2026-06-16,S003,P0003,37,20,0
2026-06-16,S003,P0004,95,20,0
2026-06-16,S003,P0005,77,20,0
2026-06-16,S003,P0006,67,20,0
2026-06-16,S003,P0007,33,20,0
2026-06-16,S003,P0008,105,20,0
2026-06-16,S003,P0009,48,20,0
2026-06-16,S003,P0010,52,20,0
2026-06-16,S004,P0001,49,20,0
2026-06-16,S004,P0002,83,20,0
2026-06-16,S004,P0003,118,20,0
2026-06-16,S004,P0004,98,20,0
2026-06-16,S004,P0005,85,20,0
2026-06-16,S004,P0006,96,20,0
2026-06-16,S004,P0007,108,20,0
2026-06-16,S004,P0008,107,20,0
2026-06-16,S004,P0009,119,20,0
2026-06-16,S004,P0010,57,20,0
2026-06-16,S005,P0001,101,20,0
2026-06-16,S005,P0002,116,20,0
2026-06-16,S005,P0003,57,20,0
2026-06-16,S005,P0004,76,20,0
2026-06-16,S005,P0005,71,20,0
2026-06-16,S005,P0006,27,20,0
2026-06-16,S005,P0007,106,20,0
2026-06-16,S005,P0008,72,20,0
2026-06-16,S005,P0009,59,20,0
2026-06-16,S005,P0010,79,20,0
2026-06-17,S001,P0001,73,20,0
2026-06-17,S001,P0002,29,20,0
2026-06-17,S001,P0003,73,20,0
2026-06-17,S001,P0004,90,20,0
2026-06-17,S001,P0005,48,20,0
2026-06-17,S001,P0006,51,20,0
2026-06-17,S001,P0007,93,20,0
2026-06-17,S001,P0008,98,20,0
2026-06-17,S001,P0009,112,20,0
2026-06-17,S001,P0010,114,20,0
2026-06-17,S002,P0001,54,20,0
2026-06-17,S002,P0002,35,20,0
2026-06-17,S002,P0003,108,20,0
2026-06-17,S002,P0004,86,20,0
2026-06-17,S002,P0005,78,20,0
2026-06-17,S002,P0006,62,20,0
2026-06-17,S002,P0007,24,20,0
2026-06-17,S002,P0008,28,20,0
2026-06-17,S002,P0009,74,20,0
2026-06-17,S002,P0010,52,20,0
2026-06-17,S003,P0001,71,20,0
2026-06-17,S003,P0002,21,20,0
2026-06-17,S003,P0003,33,20,0
2026-06-17,S003,P0004,94,20,0
2026-06-17,S003,P0005,76,20,0
2026-06-17,S003,P0006,67,20,0
2026-06-17,S003,P0007,33,20,0
2026-06-17,S003,P0008,103,20,0
2026-06-17,S003,P0009,46,20,0
2026-06-17,S003,P0010,52,20,0
2026-06-17,S004,P0001,47,20,0
2026-06-17,S004,P0002,82,20,0
2026-06-17,S004,P0003,118,20,0
2026-06-17,S004,P0004,98,20,0
2026-06-17,S004,P0005,80,20,0
2026-06-17,S004,P0006,96,20,0
2026-06-17,S004,P0007,105,20,0
2026-06-17,S004,P0008,106,20,0
2026-06-17,S004,P0009,119,20,0
2026-06-17,S004,P0010,55,20,0
2026-06-17,S005,P0001,100,20,0
2026-06-17,S005,P0002,112,20,0
2026-06-17,S005,P0003,56,20,0
2026-06-17,S005,P0004,75,20,0
2026-06-17,S005,P0005,71,20,0
2026-06-17,S005,P0006,27,20,0
2026-06-17,S005,P0007,105,20,0
2026-06-17,S005,P0008,71,20,0
2026-06-17,S005,P0009,57,20,0
2026-06-17,S005,P0010,79,20,0
2026-06-18,S001,P0001,69,20,0
2026-06-18,S001,P0002,29,20,0
2026-06-18,S001,P0003,72,20,0
2026-06-18,S001,P0004,90,20,0
2026-06-18,S001,P0005,44,20,0
2026-06-18,S001,P0006,50,20,0
2026-06-18,S001,P0007,93,20,0
2026-06-18,S001,P0008,98,20,0
2026-06-18,S001,P0009,111,20,0
2026-06-18,S001,P0010,112,20,0
2026-06-18,S002,P0001,52,20,0
2026-06-18,S002,P0002,33,20,0
2026-06-18,S002,P0003,108,20,0
2026-06-18,S002,P0004,85,20,0
2026-06-18,S002,P0005,77,20,0
2026-06-18,S002,P0006,61,20,0
2026-06-18,S002,P0007,24,20,0
2026-06-18,S002,P0008,27,20,0
2026-06-18,S002,P0009,73,20,0
2026-06-18,S002,P0010,51,20,0
2026-06-18,S003,P0001,70,20,0
2026-06-18,S003,P0002,21,20,0
2026-06-18,S003,P0003,31,20,0
2026-06-18,S003,P0004,91,20,0
2026-06-18,S003,P0005,73,20,0
2026-06-18,S003,P0006,67,20,0
2026-06-18,S003,P0007,31,20,0
2026-06-18,S003,P0008,103,20,0
2026-06-18,S003,P0009,43,20,0
2026-06-18,S003,P0010,52,20,0
2026-06-18,S004,P0001,46,20,0
2026-06-18,S004,P0002,81,20,0
2026-06-18,S004,P0003,117,20,0
2026-06-18,S004,P0004,96,20,0
2026-06-18,S004,P0005,79,20,0
2026-06-18,S004,P0006,95,20,0
2026-06-18,S004,P0007,104,20,0
2026-06-18,S004,P0008,105,20,0
2026-06-18,S004,P0009,116,20,0
2026-06-18,S004,P0010,53,20,0
2026-06-18,S005,P0001,97,20,0
2026-06-18,S005,P0002,111,20,0
2026-06-18,S005,P0003,55,20,0
2026-06-18,S005,P0004,75,20,0
2026-06-18,S005,P0005,69,20,0
2026-06-18,S005,P0006,26,20,0
2026-06-18,S005,P0007,105,20,0
2026-06-18,S005,P0008,70,20,0
2026-06-18,S005,P0009,56,20,0
2026-06-18,S005,P0010,77,20,0
2026-06-19,S001,P0001,69,20,0
2026-06-19,S001,P0002,27,20,0
2026-06-19,S001,P0003,71,20,0
2026-06-19,S001,P0004,90,20,0
2026-06-19,S001,P0005,41,20,0
2026-06-19,S001,P0006,50,20,0
2026-06-19,S001,P0007,93,20,0
2026-06-19,S001,P0008,98,20,0
2026-06-19,S001,P0009,110,20,0
2026-06-19,S001,P0010,111,20,0
2026-06-19,S002,P0001,52,20,0
2026-06-19,S002,P0002,33,20,0
2026-06-19,S002,P0003,107,20,0
2026-06-19,S002,P0004,83,20,0
2026-06-19,S002,P0005,76,20,0
2026-06-19,S002,P0006,61,20,0
2026-06-19,S002,P0007,24,20,0
2026-06-19,S002,P0008,26,20,0
2026-06-19,S002,P0009,73,20,0
2026-06-19,S002,P0010,50,20,0
2026-06-19,S003,P0001,66,20,0
2026-06-19,S003,P0002,21,20,0
2026-06-19,S003,P0003,30,20,0
2026-06-19,S003,P0004,89,20,0
2026-06-19,S003,P0005,70,20,0
2026-06-19,S003,P0006,67,20,0
2026-06-19,S003,P0007,30,20,0
2026-06-19,S003,P0008,102,20,0
2026-06-19,S003,P0009,39,20,0
2026-06-19,S003,P0010,52,20,0
2026-06-19,S004,P0001,45,20,0
2026-06-19,S004,P0002,76,20,0
2026-06-19,S004,P0003,116,20,0
2026-06-19,S004,P0004,93,20,0
2026-06-19,S004,P0005,75,20,0
2026-06-19,S004,P0006,95,20,0
2026-06-19,S004,P0007,104,20,0
2026-06-19,S004,P0008,104,20,0
2026-06-19,S004,P0009,113,20,0
2026-06-19,S004,P0010,50,20,0
2026-06-19,S005,P0001,92,20,0
2026-06-19,S005,P0002,108,20,0
2026-06-19,S005,P0003,55,20,0
2026-06-19,S005,P0004,74,20,0
2026-06-19,S005,P0005,68,20,0
2026-06-19,S005,P0006,24,20,0
2026-06-19,S005,P0007,105,20,0
2026-06-19,S005,P0008,67,20,0
2026-06-19,S005,P0009,55,20,0
2026-06-19,S005,P0010,76,20,0
2026-06-20,S001,P0001,67,20,0
2026-06-20,S001,P0002,27,20,0
2026-06-20,S001,P0003,67,20,0
2026-06-20,S001,P0004,89,20,0
2026-06-20,S001,P0005,34,20,0
2026-06-20,S001,P0006,50,20,0
2026-06-20,S001,P0007,92,20,0
2026-06-20,S001,P0008,96,20,0
2026-06-20,S001,P0009,110,20,0
2026-06-20,S001,P0010,108,20,0
2026-06-20,S002,P0001,49,20,0
2026-06-20,S002,P0002,33,20,0
2026-06-20,S002,P0003,107,20,0
2026-06-20,S002,P0004,81,20,0
2026-06-20,S002,P0005,71,20,0
2026-06-20,S002,P0006,61,20,0
2026-06-20,S002,P0007,24,20,0
2026-06-20,S002,P0008,25,20,0
2026-06-20,S002,P0009,69,20,0
2026-06-20,S002,P0010,50,20,0
2026-06-20,S003,P0001,65,20,0
2026-06-20,S003,P0002,20,20,0
2026-06-20,S003,P0003,30,20,0
2026-06-20,S003,P0004,87,20,0
2026-06-20,S003,P0005,68,20,0
2026-06-20,S003,P0006,66,20,0
2026-06-20,S003,P0007,30,20,0
2026-06-20,S003,P0008,100,20,0
2026-06-20,S003,P0009,38,20,0
2026-06-20,S003,P0010,50,20,0
2026-06-20,S004,P0001,41,20,0
2026-06-20,S004,P0002,75,20,0
2026-06-20,S004,P0003,114,20,0
2026-06-20,S004,P0004,92,20,0
2026-06-20,S004,P0005,72,20,0
2026-06-20,S004,P0006,94,20,0
2026-06-20,S004,P0007,104,20,0
2026-06-20,S004,P0008,103,20,0
2026-06-20,S004,P0009,111,20,0
2026-06-20,S004,P0010,48,20,0
2026-06-20,S005,P0001,87,20,0
2026-06-20,S005,P0002,107,20,0
2026-06-20,S005,P0003,54,20,0
2026-06-20,S005,P0004,73,20,0
2026-06-20,S005,P0005,67,20,0
2026-06-20,S005,P0006,23,20,0
2026-06-20,S005,P0007,105,20,0
2026-06-20,S005,P0008,67,20,0
2026-06-20,S005,P0009,54,20,0
2026-06-20,S005,P0010,73,20,0
2026-06-21,S001,P0001,65,20,0
2026-06-21,S001,P0002,27,20,0
2026-06-21,S001,P0003,67,20,0
2026-06-21,S001,P0004,86,20,0
2026-06-21,S001,P0005,31,20,0
2026-06-21,S001,P0006,50,20,0
2026-06-21,S001,P0007,91,20,0
2026-06-21,S001,P0008,91,20,0
2026-06-21,S001,P0009,109,20,0
2026-06-21,S001,P0010,106,20,0
2026-06-21,S002,P0001,48,20,0
2026-06-21,S002,P0002,32,20,0
2026-06-21,S002,P0003,107,20,0
2026-06-21,S002,P0004,80,20,0
2026-06-21,S002,P0005,68,20,0
2026-06-21,S002,P0006,60,20,0
2026-06-21,S002,P0007,23,20,0
2026-06-21,S002,P0008,25,20,0
2026-06-21,S002,P0009,64,20,0
2026-06-21,S002,P0010,47,20,0
2026-06-21,S003,P0001,65,20,0
2026-06-21,S003,P0002,118,20,0
2026-06-21,S003,P0003,29,20,0
2026-06-21,S003,P0004,87,20,0
2026-06-21,S003,P0005,65,20,0
2026-06-21,S003,P0006,66,20,0
2026-06-21,S003,P0007,29,20,0
2026-06-21,S003,P0008,99,20,0
2026-06-21,S003,P0009,37,20,0
2026-06-21,S003,P0010,49,20,0
2026-06-21,S004,P0001,39,20,0
2026-06-21,S004,P0002,73,20,0
2026-06-21,S004,P0003,114,20,0
2026-06-21,S004,P0004,92,20,0
2026-06-21,S004,P0005,69,20,0
2026-06-21,S004,P0006,94,20,0
2026-06-21,S004,P0007,104,20,0
2026-06-21,S004,P0008,100,20,0
2026-06-21,S004,P0009,110,20,0
2026-06-21,S004,P0010,47,20,0
2026-06-21,S005,P0001,86,20,0
2026-06-21,S005,P0002,106,20,0
2026-06-21,S005,P0003,52,20,0
2026-06-21,S005,P0004,73,20,0
2026-06-21,S005,P0005,63,20,0
2026-06-21,S005,P0006,23,20,0
2026-06-21,S005,P0007,103,20,0
2026-06-21,S005,P0008,67,20,0
2026-06-21,S005,P0009,54,20,0
2026-06-21,S005,P0010,72,20,0
2026-06-22,S001,P0001,64,20,0
2026-06-22,S001,P0002,26,20,0
2026-06-22,S001,P0003,65,20,0
2026-06-22,S001,P0004,83,20,0
2026-06-22,S001,P0005,30,20,0
2026-06-22,S001,P0006,49,20,0
2026-06-22,S001,P0007,90,20,0
2026-06-22,S001,P0008,90,20,0
2026-06-22,S001,P0009,107,20,0
2026-06-22,S001,P0010,106,20,0
2026-06-22,S002,P0001,46,20,0
2026-06-22,S002,P0002,32,20,0
2026-06-22,S002,P0003,105,20,0
2026-06-22,S002,P0004,79,20,0
2026-06-22,S002,P0005,66,20,0
2026-06-22,S002,P0006,60,20,0
2026-06-22,S002,P0007,23,20,0
2026-06-22,S002,P0008,25,20,0
2026-06-22,S002,P0009,62,20,0
2026-06-22,S002,P0010,43,20,0
2026-06-22,S003,P0001,63,20,0
2026-06-22,S003,P0002,118,20,0
2026-06-22,S003,P0003,28,20,0
2026-06-22,S003,P0004,87,20,0
2026-06-22,S003,P0005,59,20,0
2026-06-22,S003,P0006,66,20,0
2026-06-22,S003,P0007,28,20,0
2026-06-22,S003,P0008,97,20,0
2026-06-22,S003,P0009,35,20,0
2026-06-22,S003,P0010,47,20,0
2026-06-22,S004,P0001,37,20,0
2026-06-22,S004,P0002,70,20,0
2026-06-22,S004,P0003,114,20,0
2026-06-22,S004,P0004,91,20,0
2026-06-22,S004,P0005,68,20,0
2026-06-22,S004,P0006,93,20,0
2026-06-22,S004,P0007,103,20,0
2026-06-22,S004,P0008,98,20,0
2026-06-22,S004,P0009,107,20,0
2026-06-22,S004,P0010,44,20,0
2026-06-22,S005,P0001,84,20,0
2026-06-22,S005,P0002,104,20,0
2026-06-22,S005,P0003,52,20,0
2026-06-22,S005,P0004,71,20,0
2026-06-22,S005,P0005,61,20,0
2026-06-22,S005,P0006,23,20,0
2026-06-22,S005,P0007,101,20,0
2026-06-22,S005,P0008,64,20,0
2026-06-22,S005,P0009,52,20,0
2026-06-22,S005,P0010,72,20,0
2026-06-23,S001,P0001,64,20,0
2026-06-23,S001,P0002,25,20,0
2026-06-23,S001,P0003,64,20,0
2026-06-23,S001,P0004,83,20,0
2026-06-23,S001,P0005,27,20,0
2026-06-23,S001,P0006,49,20,0
2026-06-23,S001,P0007,87,20,0
2026-06-23,S001,P0008,87,20,0
2026-06-23,S001,P0009,107,20,0
2026-06-23,S001,P0010,106,20,0
2026-06-23,S002,P0001,43,20,0
2026-06-23,S002,P0002,32,20,0
2026-06-23,S002,P0003,105,20,0
2026-06-23,S002,P0004,78,20,0
2026-06-23,S002,P0005,63,20,0
2026-06-23,S002,P0006,60,20,0
2026-06-23,S002,P0007,22,20,0
2026-06-23,S002,P0008,24,20,0
2026-06-23,S002,P0009,58,20,0
2026-06-23,S002,P0010,41,20,0
2026-06-23,S003,P0001,61,20,0
2026-06-23,S003,P0002,118,20,0
2026-06-23,S003,P0003,28,20,0
2026-06-23,S003,P0004,86,20,0
2026-06-23,S003,P0005,57,20,0
2026-06-23,S003,P0006,66,20,0
2026-06-23,S003,P0007,28,20,0
2026-06-23,S003,P0008,96,20,0
2026-06-23,S003,P0009,34,20,0
2026-06-23,S003,P0010,47,20,0
2026-06-23,S004,P0001,37,20,0
2026-06-23,S004,P0002,70,20,0
2026-06-23,S004,P0003,113,20,0
2026-06-23,S004,P0004,88,20,0
2026-06-23,S004,P0005,64,20,0
2026-06-23,S004,P0006,93,20,0
2026-06-23,S004,P0007,102,20,0
2026-06-23,S004,P0008,98,20,0
2026-06-23,S004,P0009,107,20,0
2026-06-23,S004,P0010,43,20,0
2026-06-23,S005,P0001,83,20,0
2026-06-23,S005,P0002,102,20,0
2026-06-23,S005,P0003,49,20,0
2026-06-23,S005,P0004,69,20,0
2026-06-23,S005,P0005,60,20,0
2026-06-23,S005,P0006,23,20,0
2026-06-23,S005,P0007,96,20,0
2026-06-23,S005,P0008,64,20,0
2026-06-23,S005,P0009,51,20,0
2026-06-23,S005,P0010,71,20,0
2026-06-24,S001,P0001,63,20,0
2026-06-24,S001,P0002,24,20,0
2026-06-24,S001,P0003,63,20,0
2026-06-24,S001,P0004,82,20,0
2026-06-24,S001,P0005,24,20,0
2026-06-24,S001,P0006,47,20,0
2026-06-24,S001,P0007,86,20,0
2026-06-24,S001,P0008,87,20,0
2026-06-24,S001,P0009,106,20,0
2026-06-24,S001,P0010,104,20,0
2026-06-24,S002,P0001,42,20,0
2026-06-24,S002,P0002,31,20,0
2026-06-24,S002,P0003,105,20,0
2026-06-24,S002,P0004,76,20,0
2026-06-24,S002,P0005,61,20,0
2026-06-24,S002,P0006,60,20,0
2026-06-24,S002,P0007,22,20,0
2026-06-24,S002,P0008,23,20,0
2026-06-24,S002,P0009,56,20,0
2026-06-24,S002,P0010,40,20,0
2026-06-24,S003,P0001,61,20,0
2026-06-24,S003,P0002,113,20,0
2026-06-24,S003,P0003,25,20,0
2026-06-24,S003,P0004,84,20,0
2026-06-24,S003,P0005,55,20,0
2026-06-24,S003,P0006,66,20,0
2026-06-24,S003,P0007,27,20,0
2026-06-24,S003,P0008,96,20,0
2026-06-24,S003,P0009,32,20,0
2026-06-24,S003,P0010,44,20,0
2026-06-24,S004,P0001,31,20,0
2026-06-24,S004,P0002,68,20,0
2026-06-24,S004,P0003,113,20,0
2026-06-24,S004,P0004,86,20,0
2026-06-24,S004,P0005,59,20,0
2026-06-24,S004,P0006,93,20,0
2026-06-24,S004,P0007,101,20,0
2026-06-24,S004,P0008,96,20,0
2026-06-24,S004,P0009,106,20,0
2026-06-24,S004,P0010,43,20,0
2026-06-24,S005,P0001,81,20,0
2026-06-24,S005,P0002,101,20,0
2026-06-24,S005,P0003,48,20,0
2026-06-24,S005,P0004,69,20,0
2026-06-24,S005,P0005,57,20,0
2026-06-24,S005,P0006,22,20,0
2026-06-24,S005,P0007,95,20,0
2026-06-24,S005,P0008,64,20,0
2026-06-24,S005,P0009,51,20,0
2026-06-24,S005,P0010,70,20,0
2026-06-25,S001,P0001,63,20,0
2026-06-25,S001,P0002,23,20,0
2026-06-25,S001,P0003,62,20,0
2026-06-25,S001,P0004,82,20,0
2026-06-25,S001,P0005,23,20,0
2026-06-25,S001,P0006,47,20,0
2026-06-25,S001,P0007,86,20,0
2026-06-25,S001,P0008,86,20,0
2026-06-25,S001,P0009,104,20,0
2026-06-25,S001,P0010,104,20,0
2026-06-25,S002,P0001,39,20,0
2026-06-25,S002,P0002,29,20,0
2026-06-25,S002,P0003,104,20,0
2026-06-25,S002,P0004,75,20,0
2026-06-25,S002,P0005,56,20,0
2026-06-25,S002,P0006,59,20,0
2026-06-25,S002,P0007,21,20,0
2026-06-25,S002,P0008,21,20,0
2026-06-25,S002,P0009,55,20,0
2026-06-25,S002,P0010,40,20,0
2026-06-25,S003,P0001,57,20,0
2026-06-25,S003,P0002,112,20,0
2026-06-25,S003,P0003,23,20,0
2026-06-25,S003,P0004,84,20,0
2026-06-25,S003,P0005,52,20,0
2026-06-25,S003,P0006,66,20,0
2026-06-25,S003,P0007,27,20,0
2026-06-25,S003,P0008,94,20,0
2026-06-25,S003,P0009,31,20,0
2026-06-25,S003,P0010,44,20,0
2026-06-25,S004,P0001,29,20,0
2026-06-25,S004,P0002,68,20,0
2026-06-25,S004,P0003,111,20,0
2026-06-25,S004,P0004,86,20,0
2026-06-25,S004,P0005,56,20,0
2026-06-25,S004,P0006,91,20,0
2026-06-25,S004,P0007,100,20,0
2026-06-25,S004,P0008,96,20,0
2026-06-25,S004,P0009,103,20,0
2026-06-25,S004,P0010,40,20,0
2026-06-25,S005,P0001,79,20,0
2026-06-25,S005,P0002,99,20,0
2026-06-25,S005,P0003,48,20,0
2026-06-25,S005,P0004,67,20,0
2026-06-25,S005,P0005,56,20,0
2026-06-25,S005,P0006,21,20,0
2026-06-25,S005,P0007,95,20,0
2026-06-25,S005,P0008,62,20,0
2026-06-25,S005,P0009,50,20,0
2026-06-25,S005,P0010,70,20,0
2026-06-26,S001,P0001,59,20,0
2026-06-26,S001,P0002,22,20,0
2026-06-26,S001,P0003,62,20,0
2026-06-26,S001,P0004,82,20,0
2026-06-26,S001,P0005,117,20,0
2026-06-26,S001,P0006,45,20,0
2026-06-26,S001,P0007,85,20,0
2026-06-26,S001,P0008,86,20,0
2026-06-26,S001,P0009,103,20,0
2026-06-26,S001,P0010,102,20,0
2026-06-26,S002,P0001,38,20,0
2026-06-26,S002,P0002,28,20,0
2026-06-26,S002,P0003,103,20,0
2026-06-26,S002,P0004,74,20,0
2026-06-26,S002,P0005,54,20,0
2026-06-26,S002,P0006,57,20,0
2026-06-26,S002,P0007,20,20,0
2026-06-26,S002,P0008,118,20,0
2026-06-26,S002,P0009,51,20,0
2026-06-26,S002,P0010,38,20,0
2026-06-26,S003,P0001,55,20,0
2026-06-26,S003,P0002,108,20,0
2026-06-26,S003,P0003,23,20,0
2026-06-26,S003,P0004,84,20,0
2026-06-26,S003,P0005,51,20,0
2026-06-26,S003,P0006,65,20,0
2026-06-26,S003,P0007,25,20,0
2026-06-26,S003,P0008,92,20,0
2026-06-26,S003,P0009,28,20,0
2026-06-26,S003,P0010,44,20,0
2026-06-26,S004,P0001,28,20,0
2026-06-26,S004,P0002,68,20,0
2026-06-26,S004,P0003,111,20,0
2026-06-26,S004,P0004,84,20,0
2026-06-26,S004,P0005,53,20,0
2026-06-26,S004,P0006,91,20,0
2026-06-26,S004,P0007,98,20,0
2026-06-26,S004,P0008,95,20,0
2026-06-26,S004,P0009,100,20,0
2026-06-26,S004,P0010,40,20,0
2026-06-26,S005,P0001,78,20,0
2026-06-26,S005,P0002,97,20,0
2026-06-26,S005,P0003,47,20,0
2026-06-26,S005,P0004,67,20,0
2026-06-26,S005,P0005,54,20,0
2026-06-26,S005,P0006,21,20,0
2026-06-26,S005,P0007,94,20,0
2026-06-26,S005,P0008,61,20,0
2026-06-26,S005,P0009,50,20,0
2026-06-26,S005,P0010,70,20,0
2026-06-27,S001,P0001,55,20,0
2026-06-27,S001,P0002,21,20,0
2026-06-27,S001,P0003,62,20,0
2026-06-27,S001,P0004,80,20,0
2026-06-27,S001,P0005,115,20,0
2026-06-27,S001,P0006,45,20,0
2026-06-27,S001,P0007,84,20,0
2026-06-27,S001,P0008,84,20,0
2026-06-27,S001,P0009,101,20,0
2026-06-27,S001,P0010,100,20,0
2026-06-27,S002,P0001,36,20,0
2026-06-27,S002,P0002,25,20,0
2026-06-27,S002,P0003,102,20,0
2026-06-27,S002,P0004,72,20,0
2026-06-27,S002,P0005,53,20,0
2026-06-27,S002,P0006,57,20,0
2026-06-27,S002,P0007,20,20,0
2026-06-27,S002,P0008,118,20,0
2026-06-27,S002,P0009,51,20,0
2026-06-27,S002,P0010,38,20,0
2026-06-27,S003,P0001,53,20,0
2026-06-27,S003,P0002,107,20,0
2026-06-27,S003,P0003,23,20,0
2026-06-27,S003,P0004,82,20,0
2026-06-27,S003,P0005,48,20,0
2026-06-27,S003,P0006,64,20,0
2026-06-27,S003,P0007,25,20,0
2026-06-27,S003,P0008,88,20,0
2026-06-27,S003,P0009,27,20,0
2026-06-27,S003,P0010,42,20,0
2026-06-27,S004,P0001,25,20,0
2026-06-27,S004,P0002,67,20,0
2026-06-27,S004,P0003,110,20,0
2026-06-27,S004,P0004,83,20,0
2026-06-27,S004,P0005,49,20,0
2026-06-27,S004,P0006,89,20,0
2026-06-27,S004,P0007,98,20,0
2026-06-27,S004,P0008,94,20,0
2026-06-27,S004,P0009,99,20,0
2026-06-27,S004,P0010,40,20,0
2026-06-27,S005,P0001,77,20,0
2026-06-27,S005,P0002,97,20,0
2026-06-27,S005,P0003,44,20,0
2026-06-27,S005,P0004,66,20,0
2026-06-27,S005,P0005,53,20,0
2026-06-27,S005,P0006,20,20,0
2026-06-27,S005,P0007,94,20,0
2026-06-27,S005,P0008,60,20,0
2026-06-27,S005,P0009,49,20,0
2026-06-27,S005,P0010,68,20,0
2026-06-28,S001,P0001,55,20,0
2026-06-28,S001,P0002,118,20,0
2026-06-28,S001,P0003,61,20,0
2026-06-28,S001,P0004,80,20,0
2026-06-28,S001,P0005,111,20,0
2026-06-28,S001,P0006,45,20,0
2026-06-28,S001,P0007,82,20,0
2026-06-28,S001,P0008,81,20,0
2026-06-28,S001,P0009,99,20,0
2026-06-28,S001,P0010,97,20,0
2026-06-28,S002,P0001,35,20,0
2026-06-28,S002,P0002,23,20,0
2026-06-28,S002,P0003,101,20,0
2026-06-28,S002,P0004,71,20,0
2026-06-28,S002,P0005,50,20,0
2026-06-28,S002,P0006,57,20,0
2026-06-28,S002,P0007,119,20,0
2026-06-28,S002,P0008,116,20,0
2026-06-28,S002,P0009,48,20,0
2026-06-28,S002,P0010,36,20,0
2026-06-28,S003,P0001,52,20,0
2026-06-28,S003,P0002,105,20,0
2026-06-28,S003,P0003,23,20,0
2026-06-28,S003,P0004,82,20,0
2026-06-28,S003,P0005,45,20,0
2026-06-28,S003,P0006,61,20,0
2026-06-28,S003,P0007,25,20,0
2026-06-28,S003,P0008,85,20,0
2026-06-28,S003,P0009,24,20,0
2026-06-28,S003,P0010,39,20,0
2026-06-28,S004,P0001,24,20,0
2026-06-28,S004,P0002,67,20,0
2026-06-28,S004,P0003,109,20,0
2026-06-28,S004,P0004,82,20,0
2026-06-28,S004,P0005,47,20,0
2026-06-28,S004,P0006,87,20,0
2026-06-28,S004,P0007,98,20,0
2026-06-28,S004,P0008,94,20,0
2026-06-28,S004,P0009,97,20,0
2026-06-28,S004,P0010,39,20,0
2026-06-28,S005,P0001,77,20,0
2026-06-28,S005,P0002,96,20,0
2026-06-28,S005,P0003,42,20,0
2026-06-28,S005,P0004,65,20,0
2026-06-28,S005,P0005,52,20,0
2026-06-28,S005,P0006,118,20,0
2026-06-28,S005,P0007,93,20,0
2026-06-28,S005,P0008,59,20,0
2026-06-28,S005,P0009,48,20,0
2026-06-28,S005,P0010,64,20,0
2026-06-29,S001,P0001,52,20,0
2026-06-29,S001,P0002,116,20,0
2026-06-29,S001,P0003,60,20,0
2026-06-29,S001,P0004,79,20,0
2026-06-29,S001,P0005,110,20,0
2026-06-29,S001,P0006,45,20,0
2026-06-29,S001,P0007,80,20,0
2026-06-29,S001,P0008,81,20,0
2026-06-29,S001,P0009,98,20,0
2026-06-29,S001,P0010,95,20,0
2026-06-29,S002,P0001,35,20,0
2026-06-29,S002,P0002,119,20,0
2026-06-29,S002,P0003,100,20,0
2026-06-29,S002,P0004,70,20,0
2026-06-29,S002,P0005,50,20,0
2026-06-29,S002,P0006,57,20,0
2026-06-29,S002,P0007,118,20,0
2026-06-29,S002,P0008,114,20,0
2026-06-29,S002,P0009,48,20,0
2026-06-29,S002,P0010,35,20,0
2026-06-29,S003,P0001,48,20,0
2026-06-29,S003,P0002,102,20,0
2026-06-29,S003,P0003,21,20,0
2026-06-29,S003,P0004,79,20,0
2026-06-29,S003,P0005,42,20,0
2026-06-29,S003,P0006,59,20,0
2026-06-29,S003,P0007,22,20,0
2026-06-29,S003,P0008,85,20,0
2026-06-29,S003,P0009,23,20,0
2026-06-29,S003,P0010,38,20,0
2026-06-29,S004,P0001,22,20,0
2026-06-29,S004,P0002,66,20,0
2026-06-29,S004,P0003,108,20,0
2026-06-29,S004,P0004,81,20,0
2026-06-29,S004,P0005,46,20,0
2026-06-29,S004,P0006,86,20,0
2026-06-29,S004,P0007,98,20,0
2026-06-29,S004,P0008,92,20,0
2026-06-29,S004,P0009,96,20,0
2026-06-29,S004,P0010,36,20,0
2026-06-29,S005,P0001,77,20,0
2026-06-29,S005,P0002,93,20,0
2026-06-29,S005,P0003,41,20,0
2026-06-29,S005,P0004,64,20,0
2026-06-29,S005,P0005,50,20,0
2026-06-29,S005,P0006,118,20,0
2026-06-29,S005,P0007,93,20,0
2026-06-29,S005,P0008,58,20,0
2026-06-29,S005,P0009,45,20,0
2026-06-29,S005,P0010,61,20,0
2026-06-30,S001,P0001,51,20,0
2026-06-30,S001,P0002,114,20,0
2026-06-30,S001,P0003,59,20,0
2026-06-30,S001,P0004,79,20,0
2026-06-30,S001,P0005,110,20,0
2026-06-30,S001,P0006,44,20,0
2026-06-30,S001,P0007,80,20,0
2026-06-30,S001,P0008,80,20,0
2026-06-30,S001,P0009,96,20,0
2026-06-30,S001,P0010,95,20,0
2026-06-30,S002,P0001,33,20,0
2026-06-30,S002,P0002,118,20,0
2026-06-30,S002,P0003,97,20,0
2026-06-30,S002,P0004,70,20,0
2026-06-30,S002,P0005,47,20,0
2026-06-30,S002,P0006,57,20,0
2026-06-30,S002,P0007,117,20,0
2026-06-30,S002,P0008,114,20,0
2026-06-30,S002,P0009,47,20,0
2026-06-30,S002,P0010,32,20,0
2026-06-30,S003,P0001,48,20,0
2026-06-30,S003,P0002,101,20,0
2026-06-30,S003,P0003,118,20,0
2026-06-30,S003,P0004,77,20,0
2026-06-30,S003,P0005,42,20,0
2026-06-30,S003,P0006,59,20,0
2026-06-30,S003,P0007,22,20,0
2026-06-30,S003,P0008,85,20,0
2026-06-30,S003,P0009,22,20,0
2026-06-30,S003,P0010,35,20,0
2026-06-30,S004,P0001,21,20,0
2026-06-30,S004,P0002,65,20,0
2026-06-30,S004,P0003,107,20,0
2026-06-30,S004,P0004,80,20,0
2026-06-30,S004,P0005,45,20,0
2026-06-30,S004,P0006,86,20,0
2026-06-30,S004,P0007,98,20,0
2026-06-30,S004,P0008,92,20,0
2026-06-30,S004,P0009,95,20,0
2026-06-30,S004,P0010,30,20,0
2026-06-30,S005,P0001,75,20,0
2026-06-30,S005,P0002,90,20,0
2026-06-30,S005,P0003,39,20,0
2026-06-30,S005,P0004,64,20,0
2026-06-30,S005,P0005,48,20,0
2026-06-30,S005,P0006,116,20,0
2026-06-30,S005,P0007,92,20,0
2026-06-30,S005,P0008,57,20,0
2026-06-30,S005,P0009,44,20,0
2026-06-30,S005,P0010,60,20,0
2026-07-01,S001,P0001,48,20,0
2026-07-01,S001,P0002,114,20,0
2026-07-01,S001,P0003,57,20,0
2026-07-01,S001,P0004,76,20,0
2026-07-01,S001,P0005,107,20,0
2026-07-01,S001,P0006,43,20,0
2026-07-01,S001,P0007,80,20,0
2026-07-01,S001,P0008,79,20,0
2026-07-01,S001,P0009,93,20,0
2026-07-01,S001,P0010,93,20,0
2026-07-01,S002,P0001,33,20,0
2026-07-01,S002,P0002,118,20,0
2026-07-01,S002,P0003,95,20,0
2026-07-01,S002,P0004,69,20,0
2026-07-01,S002,P0005,42,20,0
2026-07-01,S002,P0006,57,20,0
2026-07-01,S002,P0007,117,20,0
2026-07-01,S002,P0008,113,20,0
2026-07-01,S002,P0009,46,20,0
2026-07-01,S002,P0010,30,20,0
2026-07-01,S003,P0001,48,20,0
2026-07-01,S003,P0002,99,20,0
2026-07-01,S003,P0003,117,20,0
2026-07-01,S003,P0004,77,20,0
2026-07-01,S003,P0005,39,20,0
2026-07-01,S003,P0006,59,20,0
2026-07-01,S003,P0007,21,20,0
2026-07-01,S003,P0008,85,20,0
2026-07-01,S003,P0009,118,20,0
2026-07-01,S003,P0010,32,20,0
2026-07-01,S004,P0001,20,20,0
2026-07-01,S004,P0002,65,20,0
2026-07-01,S004,P0003,107,20,0
2026-07-01,S004,P0004,80,20,0
2026-07-01,S004,P0005,41,20,0
2026-07-01,S004,P0006,84,20,0
2026-07-01,S004,P0007,98,20,0
2026-07-01,S004,P0008,91,20,0
2026-07-01,S004,P0009,94,20,0
2026-07-01,S004,P0010,29,20,0
2026-07-01,S005,P0001,71,20,0
2026-07-01,S005,P0002,90,20,0
2026-07-01,S005,P0003,38,20,0
2026-07-01,S005,P0004,62,20,0
2026-07-01,S005,P0005,42,20,0
2026-07-01,S005,P0006,116,20,0
2026-07-01,S005,P0007,90,20,0
2026-07-01,S005,P0008,56,20,0
2026-07-01,S005,P0009,43,20,0
2026-07-01,S005,P0010,59,20,0
2026-07-02,S001,P0001,47,20,0
2026-07-02,S001,P0002,112,20,0
2026-07-02,S001,P0003,57,20,0
2026-07-02,S001,P0004,73,20,0
2026-07-02,S001,P0005,105,20,0
2026-07-02,S001,P0006,43,20,0
2026-07-02,S001,P0007,80,20,0
2026-07-02,S001,P0008,78,20,0
2026-07-02,S001,P0009,91,20,0
2026-07-02,S001,P0010,93,20,0
2026-07-02,S002,P0001,31,20,0
2026-07-02,S002,P0002,117,20,0
2026-07-02,S002,P0003,93,20,0
2026-07-02,S002,P0004,68,20,0
2026-07-02,S002,P0005,36,20,0
2026-07-02,S002,P0006,57,20,0
2026-07-02,S002,P0007,117,20,0
2026-07-02,S002,P0008,113,20,0
2026-07-02,S002,P0009,46,20,0
2026-07-02,S002,P0010,29,20,0
2026-07-02,S003,P0001,46,20,0
2026-07-02,S003,P0002,98,20,0
2026-07-02,S003,P0003,116,20,0
2026-07-02,S003,P0004,77,20,0
2026-07-02,S003,P0005,37,20,0
2026-07-02,S003,P0006,57,20,0
2026-07-02,S003,P0007,119,20,0
2026-07-02,S003,P0008,84,20,0
2026-07-02,S003,P0009,118,20,0
2026-07-02,S003,P0010,31,20,0
2026-07-02,S004,P0001,116,20,0
2026-07-02,S004,P0002,63,20,0
2026-07-02,S004,P0003,106,20,0
2026-07-02,S004,P0004,78,20,0
2026-07-02,S004,P0005,39,20,0
2026-07-02,S004,P0006,84,20,0
2026-07-02,S004,P0007,97,20,0
2026-07-02,S004,P0008,88,20,0
2026-07-02,S004,P0009,91,20,0
2026-07-02,S004,P0010,28,20,0
2026-07-02,S005,P0001,70,20,0
2026-07-02,S005,P0002,88,20,0
2026-07-02,S005,P0003,38,20,0
2026-07-02,S005,P0004,62,20,0
2026-07-02,S005,P0005,40,20,0
2026-07-02,S005,P0006,116,20,0
2026-07-02,S005,P0007,90,20,0
2026-07-02,S005,P0008,55,20,0
2026-07-02,S005,P0009,43,20,0
2026-07-02,S005,P0010,57,20,0
2026-07-03,S001,P0001,44,20,0
2026-07-03,S001,P0002,105,20,0
2026-07-03,S001,P0003,57,20,0
2026-07-03,S001,P0004,72,20,0
2026-07-03,S001,P0005,104,20,0
2026-07-03,S001,P0006,43,20,0
2026-07-03,S001,P0007,79,20,0
2026-07-03,S001,P0008,75,20,0
2026-07-03,S001,P0009,88,20,0
2026-07-03,S001,P0010,92,20,0
2026-07-03,S002,P0001,30,20,0
2026-07-03,S002,P0002,117,20,0
2026-07-03,S002,P0003,88,20,0
2026-07-03,S002,P0004,67,20,0
2026-07-03,S002,P0005,33,20,0
2026-07-03,S002,P0006,57,20,0
2026-07-03,S002,P0007,117,20,0
2026-07-03,S002,P0008,113,20,0
2026-07-03,S002,P0009,42,20,0
2026-07-03,S002,P0010,27,20,0
2026-07-03,S003,P0001,45,20,0
2026-07-03,S003,P0002,96,20,0
2026-07-03,S003,P0003,113,20,0
2026-07-03,S003,P0004,77,20,0
2026-07-03,S003,P0005,35,20,0
2026-07-03,S003,P0006,56,20,0
2026-07-03,S003,P0007,118,20,0
2026-07-03,S003,P0008,82,20,0
2026-07-03,S003,P0009,115,20,0
2026-07-03,S003,P0010,30,20,0
2026-07-03,S004,P0001,115,20,0
2026-07-03,S004,P0002,60,20,0
2026-07-03,S004,P0003,104,20,0
2026-07-03,S004,P0004,77,20,0
2026-07-03,S004,P0005,35,20,0
2026-07-03,S004,P0006,84,20,0
2026-07-03,S004,P0007,96,20,0
2026-07-03,S004,P0008,85,20,0
2026-07-03,S004,P0009,86,20,0
2026-07-03,S004,P0010,28,20,0
2026-07-03,S005,P0001,70,20,0
2026-07-03,S005,P0002,88,20,0
2026-07-03,S005,P0003,36,20,0
2026-07-03,S005,P0004,61,20,0
2026-07-03,S005,P0005,38,20,0
2026-07-03,S005,P0006,115,20,0
2026-07-03,S005,P0007,88,20,0
2026-07-03,S005,P0008,52,20,0
2026-07-03,S005,P0009,43,20,0
2026-07-03,S005,P0010,56,20,0
2026-07-04,S001,P0001,44,20,0
2026-07-04,S001,P0002,103,20,0
2026-07-04,S001,P0003,54,20,0
2026-07-04,S001,P0004,72,20,0
2026-07-04,S001,P0005,103,20,0
2026-07-04,S001,P0006,42,20,0
2026-07-04,S001,P0007,79,20,0
2026-07-04,S001,P0008,74,20,0
2026-07-04,S001,P0009,87,20,0
2026-07-04,S001,P0010,92,20,0
2026-07-04,S002,P0001,27,20,0
2026-07-04,S002,P0002,115,20,0
2026-07-04,S002,P0003,88,20,0
2026-07-04,S002,P0004,67,20,0
2026-07-04,S002,P0005,29,20,0
2026-07-04,S002,P0006,57,20,0
2026-07-04,S002,P0007,115,20,0
2026-07-04,S002,P0008,110,20,0
2026-07-04,S002,P0009,41,20,0
2026-07-04,S002,P0010,27,20,0
2026-07-04,S003,P0001,44,20,0
2026-07-04,S003,P0002,94,20,0
2026-07-04,S003,P0003,113,20,0
2026-07-04,S003,P0004,75,20,0
2026-07-04,S003,P0005,30,20,0
2026-07-04,S003,P0006,55,20,0
2026-07-04,S003,P0007,118,20,0
2026-07-04,S003,P0008,80,20,0
2026-07-04,S003,P0009,112,20,0
2026-07-04,S003,P0010,29,20,0
2026-07-04,S004,P0001,115,20,0
2026-07-04,S004,P0002,60,20,0
2026-07-04,S004,P0003,104,20,0
2026-07-04,S004,P0004,77,20,0
2026-07-04,S004,P0005,33,20,0
2026-07-04,S004,P0006,84,20,0
2026-07-04,S004,P0007,94,20,0
2026-07-04,S004,P0008,84,20,0
2026-07-04,S004,P0009,81,20,0
2026-07-04,S004,P0010,28,20,0
2026-07-04,S005,P0001,68,20,0
2026-07-04,S005,P0002,87,20,0
2026-07-04,S005,P0003,35,20,0
2026-07-04,S005,P0004,59,20,0
2026-07-04,S005,P0005,35,20,0
2026-07-04,S005,P0006,115,20,0
2026-07-04,S005,P0007,88,20,0
2026-07-04,S005,P0008,52,20,0
2026-07-04,S005,P0009,42,20,0
2026-07-04,S005,P0010,55,20,0
2026-07-05,S001,P0001,44,20,0
2026-07-05,S001,P0002,100,20,0
2026-07-05,S001,P0003,53,20,0
2026-07-05,S001,P0004,72,20,0
2026-07-05,S001,P0005,102,20,0
2026-07-05,S001,P0006,42,20,0
2026-07-05,S001,P0007,79,20,0
2026-07-05,S001,P0008,74,20,0
2026-07-05,S001,P0009,85,20,0
2026-07-05,S001,P0010,91,20,0
2026-07-05,S002,P0001,25,20,0
2026-07-05,S002,P0002,113,20,0
2026-07-05,S002,P0003,86,20,0
2026-07-05,S002,P0004,65,20,0
2026-07-05,S002,P0005,26,20,0
2026-07-05,S002,P0006,56,20,0
2026-07-05,S002,P0007,115,20,0
2026-07-05,S002,P0008,109,20,0
2026-07-05,S002,P0009,40,20,0
2026-07-05,S002,P0010,26,20,0
2026-07-05,S003,P0001,42,20,0
2026-07-05,S003,P0002,94,20,0
2026-07-05,S003,P0003,110,20,0
2026-07-05,S003,P0004,74,20,0
2026-07-05,S003,P0005,27,20,0
2026-07-05,S003,P0006,54,20,0
2026-07-05,S003,P0007,118,20,0
2026-07-05,S003,P0008,79,20,0
2026-07-05,S003,P0009,111,20,0
2026-07-05,S003,P0010,28,20,0
2026-07-05,S004,P0001,113,20,0
2026-07-05,S004,P0002,58,20,0
2026-07-05,S004,P0003,104,20,0
2026-07-05,S004,P0004,77,20,0
2026-07-05,S004,P0005,28,20,0
2026-07-05,S004,P0006,84,20,0
2026-07-05,S004,P0007,94,20,0
2026-07-05,S004,P0008,81,20,0
2026-07-05,S004,P0009,78,20,0
2026-07-05,S004,P0010,27,20,0
2026-07-05,S005,P0001,66,20,0
2026-07-05,S005,P0002,84,20,0
2026-07-05,S005,P0003,29,20,0
2026-07-05,S005,P0004,57,20,0
2026-07-05,S005,P0005,34,20,0
2026-07-05,S005,P0006,115,20,0
2026-07-05,S005,P0007,87,20,0
2026-07-05,S005,P0008,52,20,0
2026-07-05,S005,P0009,41,20,0
2026-07-05,S005,P0010,54,20,0
2026-07-06,S001,P0001,43,20,0
2026-07-06,S001,P0002,97,20,0
2026-07-06,S001,P0003,52,20,0
2026-07-06,S001,P0004,71,20,0
2026-07-06,S001,P0005,99,20,0
2026-07-06,S001,P0006,42,20,0
2026-07-06,S001,P0007,79,20,0
2026-07-06,S001,P0008,74,20,0
2026-07-06,S001,P0009,83,20,0
2026-07-06,S001,P0010,89,20,0
2026-07-06,S002,P0001,25,20,0
2026-07-06,S002,P0002,112,20,0
2026-07-06,S002,P0003,83,20,0
2026-07-06,S002,P0004,64,20,0
2026-07-06,S002,P0005,22,20,0
2026-07-06,S002,P0006,56,20,0
2026-07-06,S002,P0007,115,20,0
2026-07-06,S002,P0008,109,20,0
2026-07-06,S002,P0009,39,20,0
2026-07-06,S002,P0010,23,20,0
2026-07-06,S003,P0001,41,20,0
2026-07-06,S003,P0002,94,20,0
2026-07-06,S003,P0003,108,20,0
2026-07-06,S003,P0004,74,20,0
2026-07-06,S003,P0005,24,20,0
2026-07-06,S003,P0006,53,20,0
2026-07-06,S003,P0007,117,20,0
2026-07-06,S003,P0008,77,20,0
2026-07-06,S003,P0009,109,20,0
2026-07-06,S003,P0010,27,20,0
2026-07-06,S004,P0001,113,20,0
2026-07-06,S004,P0002,56,20,0
2026-07-06,S004,P0003,102,20,0
2026-07-06,S004,P0004,77,20,0
2026-07-06,S004,P0005,24,20,0
2026-07-06,S004,P0006,84,20,0
2026-07-06,S004,P0007,93,20,0
2026-07-06,S004,P0008,80,20,0
2026-07-06,S004,P0009,75,20,0
2026-07-06,S004,P0010,26,20,0
2026-07-06,S005,P0001,66,20,0
2026-07-06,S005,P0002,83,20,0
2026-07-06,S005,P0003,28,20,0
2026-07-06,S005,P0004,56,20,0
2026-07-06,S005,P0005,32,20,0
2026-07-06,S005,P0006,115,20,0
2026-07-06,S005,P0007,86,20,0
2026-07-06,S005,P0008,52,20,0
2026-07-06,S005,P0009,38,20,0
2026-07-06,S005,P0010,53,20,0
2026-07-07,S001,P0001,42,20,0
2026-07-07,S001,P0002,97,20,0
2026-07-07,S001,P0003,50,20,0
2026-07-07,S001,P0004,71,20,0
2026-07-07,S001,P0005,97,20,0
2026-07-07,S001,P0006,42,20,0
2026-07-07,S001,P0007,79,20,0
2026-07-07,S001,P0008,71,20,0
2026-07-07,S001,P0009,82,20,0
2026-07-07,S001,P0010,89,20,0
2026-07-07,S002,P0001,25,20,0
2026-07-07,S002,P0002,107,20,0
2026-07-07,S002,P0003,80,20,0
2026-07-07,S002,P0004,62,20,0
2026-07-07,S002,P0005,119,20,0
2026-07-07,S002,P0006,56,20,0
2026-07-07,S002,P0007,113,20,0
2026-07-07,S002,P0008,108,20,0
2026-07-07,S002,P0009,37,20,0
2026-07-07,S002,P0010,21,20,0
2026-07-07,S003,P0001,40,20,0
2026-07-07,S003,P0002,93,20,0
2026-07-07,S003,P0003,108,20,0
2026-07-07,S003,P0004,73,20,0
2026-07-07,S003,P0005,22,20,0
2026-07-07,S003,P0006,52,20,0
2026-07-07,S003,P0007,117,20,0
2026-07-07,S003,P0008,76,20,0
2026-07-07,S003,P0009,108,20,0
2026-07-07,S003,P0010,25,20,0
2026-07-07,S004,P0001,110,20,0
2026-07-07,S004,P0002,52,20,0
2026-07-07,S004,P0003,100,20,0
2026-07-07,S004,P0004,75,20,0
2026-07-07,S004,P0005,21,20,0
2026-07-07,S004,P0006,84,20,0
2026-07-07,S004,P0007,92,20,0
2026-07-07,S004,P0008,80,20,0
2026-07-07,S004,P0009,70,20,0
2026-07-07,S004,P0010,24,20,0
2026-07-07,S005,P0001,65,20,0
2026-07-07,S005,P0002,80,20,0
2026-07-07,S005,P0003,27,20,0
2026-07-07,S005,P0004,56,20,0
2026-07-07,S005,P0005,28,20,0
2026-07-07,S005,P0006,115,20,0
2026-07-07,S005,P0007,85,20,0
2026-07-07,S005,P0008,52,20,0
2026-07-07,S005,P0009,38,20,0
2026-07-07,S005,P0010,53,20,0
2026-07-08,S001,P0001,41,20,0
2026-07-08,S001,P0002,96,20,0
2026-07-08,S001,P0003,49,20,0
2026-07-08,S001,P0004,70,20,0
2026-07-08,S001,P0005,95,20,0
2026-07-08,S001,P0006,42,20,0
2026-07-08,S001,P0007,77,20,0
2026-07-08,S001,P0008,70,20,0
2026-07-08,S001,P0009,81,20,0
2026-07-08,S001,P0010,88,20,0
2026-07-08,S002,P0001,23,20,0
2026-07-08,S002,P0002,105,20,0
2026-07-08,S002,P0003,76,20,0
2026-07-08,S002,P0004,60,20,0
2026-07-08,S002,P0005,118,20,0
2026-07-08,S002,P0006,55,20,0
2026-07-08,S002,P0007,113,20,0
2026-07-08,S002,P0008,106,20,0
2026-07-08,S002,P0009,35,20,0
2026-07-08,S002,P0010,21,20,0
2026-07-08,S003,P0001,38,20,0
2026-07-08,S003,P0002,90,20,0
2026-07-08,S003,P0003,105,20,0
2026-07-08,S003,P0004,72,20,0
2026-07-08,S003,P0005,22,20,0
2026-07-08,S003,P0006,52,20,0
2026-07-08,S003,P0007,116,20,0
2026-07-08,S003,P0008,76,20,0
2026-07-08,S003,P0009,107,20,0
2026-07-08,S003,P0010,25,20,0
2026-07-08,S004,P0001,109,20,0
2026-07-08,S004,P0002,50,20,0
2026-07-08,S004,P0003,98,20,0
2026-07-08,S004,P0004,75,20,0
2026-07-08,S004,P0005,20,20,0
2026-07-08,S004,P0006,83,20,0
2026-07-08,S004,P0007,92,20,0
2026-07-08,S004,P0008,78,20,0
2026-07-08,S004,P0009,67,20,0
2026-07-08,S004,P0010,24,20,0
2026-07-08,S005,P0001,61,20,0
2026-07-08,S005,P0002,79,20,0
2026-07-08,S005,P0003,25,20,0
2026-07-08,S005,P0004,54,20,0
2026-07-08,S005,P0005,28,20,0
2026-07-08,S005,P0006,115,20,0
2026-07-08,S005,P0007,85,20,0
2026-07-08,S005,P0008,50,20,0
2026-07-08,S005,P0009,35,20,0
2026-07-08,S005,P0010,53,20,0
2026-07-09,S001,P0001,39,20,0
2026-07-09,S001,P0002,96,20,0
2026-07-09,S001,P0003,47,20,0
2026-07-09,S001,P0004,68,20,0
2026-07-09,S001,P0005,94,20,0
2026-07-09,S001,P0006,42,20,0
2026-07-09,S001,P0007,76,20,0
2026-07-09,S001,P0008,70,20,0
2026-07-09,S001,P0009,81,20,0
2026-07-09,S001,P0010,86,20,0
2026-07-09,S002,P0001,22,20,0
2026-07-09,S002,P0002,104,20,0
2026-07-09,S002,P0003,75,20,0
2026-07-09,S002,P0004,59,20,0
2026-07-09,S002,P0005,114,20,0
2026-07-09,S002,P0006,55,20,0
2026-07-09,S002,P0007,111,20,0
2026-07-09,S002,P0008,105,20,0
2026-07-09,S002,P0009,32,20,0
2026-07-09,S002,P0010,21,20,0
2026-07-09,S003,P0001,38,20,0
2026-07-09,S003,P0002,89,20,0
2026-07-09,S003,P0003,104,20,0
2026-07-09,S003,P0004,72,20,0
2026-07-09,S003,P0005,21,20,0
2026-07-09,S003,P0006,50,20,0
2026-07-09,S003,P0007,115,20,0
2026-07-09,S003,P0008,75,20,0
2026-07-09,S003,P0009,105,20,0
2026-07-09,S003,P0010,25,20,0
2026-07-09,S004,P0001,108,20,0
2026-07-09,S004,P0002,48,20,0
2026-07-09,S004,P0003,96,20,0
2026-07-09,S004,P0004,75,20,0
2026-07-09,S004,P0005,118,20,0
2026-07-09,S004,P0006,83,20,0
2026-07-09,S004,P0007,92,20,0
2026-07-09,S004,P0008,78,20,0
2026-07-09,S004,P0009,65,20,0
2026-07-09,S004,P0010,22,20,0
2026-07-09,S005,P0001,60,20,0
2026-07-09,S005,P0002,77,20,0
2026-07-09,S005,P0003,24,20,0
2026-07-09,S005,P0004,54,20,0
2026-07-09,S005,P0005,26,20,0
2026-07-09,S005,P0006,113,20,0
2026-07-09,S005,P0007,84,20,0
2026-07-09,S005,P0008,47,20,0
2026-07-09,S005,P0009,31,20,0
2026-07-09,S005,P0010,51,20,0
2026-07-10,S001,P0001,39,20,0
2026-07-10,S001,P0002,94,20,0
2026-07-10,S001,P0003,47,20,0
2026-07-10,S001,P0004,68,20,0
2026-07-10,S001,P0005,94,20,0
2026-07-10,S001,P0006,41,20,0
2026-07-10,S001,P0007,75,20,0
2026-07-10,S001,P0008,67,20,0
2026-07-10,S001,P0009,77,20,0
2026-07-10,S001,P0010,85,20,0
2026-07-10,S002,P0001,21,20,0
2026-07-10,S002,P0002,102,20,0
2026-07-10,S002,P0003,72,20,0
2026-07-10,S002,P0004,58,20,0
2026-07-10,S002,P0005,112,20,0
2026-07-10,S002,P0006,53,20,0
2026-07-10,S002,P0007,110,20,0
2026-07-10,S002,P0008,104,20,0
2026-07-10,S002,P0009,30,20,0
2026-07-10,S002,P0010,21,20,0
2026-07-10,S003,P0001,36,20,0
2026-07-10,S003,P0002,88,20,0
2026-07-10,S003,P0003,100,20,0
2026-07-10,S003,P0004,72,20,0
2026-07-10,S003,P0005,20,20,0
2026-07-10,S003,P0006,50,20,0
2026-07-10,S003,P0007,113,20,0
2026-07-10,S003,P0008,74,20,0
2026-07-10,S003,P0009,104,20,0
2026-07-10,S003,P0010,23,20,0
2026-07-10,S004,P0001,108,20,0
2026-07-10,S004,P0002,48,20,0
2026-07-10,S004,P0003,94,20,0
2026-07-10,S004,P0004,74,20,0
2026-07-10,S004,P0005,116,20,0
2026-07-10,S004,P0006,82,20,0
2026-07-10,S004,P0007,90,20,0
2026-07-10,S004,P0008,76,20,0
2026-07-10,S004,P0009,63,20,0
2026-07-10,S004,P0010,20,20,0
2026-07-10,S005,P0001,60,20,0
2026-07-10,S005,P0002,73,20,0
2026-07-10,S005,P0003,21,20,0
2026-07-10,S005,P0004,53,20,0
2026-07-10,S005,P0005,25,20,0
2026-07-10,S005,P0006,113,20,0
2026-07-10,S005,P0007,81,20,0
2026-07-10,S005,P0008,46,20,0
2026-07-10,S005,P0009,29,20,0
2026-07-10,S005,P0010,51,20,0
2026-07-11,S001,P0001,37,20,0
2026-07-11,S001,P0002,92,20,0
2026-07-11,S001,P0003,46,20,0
2026-07-11,S001,P0004,68,20,0
2026-07-11,S001,P0005,94,20,0
2026-07-11,S001,P0006,40,20,0
2026-07-11,S001,P0007,74,20,0
2026-07-11,S001,P0008,66,20,0
2026-07-11,S001,P0009,75,20,0
2026-07-11,S001,P0010,83,20,0
2026-07-11,S002,P0001,118,20,0
2026-07-11,S002,P0002,102,20,0
2026-07-11,S002,P0003,72,20,0
2026-07-11,S002,P0004,57,20,0
2026-07-11,S002,P0005,109,20,0
2026-07-11,S002,P0006,53,20,0
2026-07-11,S002,P0007,110,20,0
2026-07-11,S002,P0008,103,20,0
2026-07-11,S002,P0009,29,20,0
2026-07-11,S002,P0010,119,20,0
2026-07-11,S003,P0001,35,20,0
2026-07-11,S003,P0002,87,20,0
2026-07-11,S003,P0003,100,20,0
2026-07-11,S003,P0004,72,20,0
2026-07-11,S003,P0005,117,20,0
2026-07-11,S003,P0006,50,20,0
2026-07-11,S003,P0007,113,20,0
2026-07-11,S003,P0008,72,20,0
2026-07-11,S003,P0009,102,20,0
2026-07-11,S003,P0010,20,20,0
2026-07-11,S004,P0001,107,20,0
2026-07-11,S004,P0002,48,20,0
2026-07-11,S004,P0003,93,20,0
2026-07-11,S004,P0004,72,20,0
2026-07-11,S004,P0005,113,20,0
2026-07-11,S004,P0006,82,20,0
2026-07-11,S004,P0007,89,20,0
2026-07-11,S004,P0008,75,20,0
2026-07-11,S004,P0009,62,20,0
2026-07-11,S004,P0010,119,20,0
2026-07-11,S005,P0001,58,20,0
2026-07-11,S005,P0002,72,20,0
2026-07-11,S005,P0003,20,20,0
2026-07-11,S005,P0004,51,20,0
2026-07-11,S005,P0005,20,20,0
2026-07-11,S005,P0006,113,20,0
2026-07-11,S005,P0007,80,20,0
2026-07-11,S005,P0008,44,20,0
2026-07-11,S005,P0009,28,20,0
2026-07-11,S005,P0010,50,20,0
2026-07-12,S001,P0001,35,20,0
2026-07-12,S001,P0002,91,20,0
2026-07-12,S001,P0003,45,20,0
2026-07-12,S001,P0004,65,20,0
2026-07-12,S001,P0005,90,20,0
2026-07-12,S001,P0006,40,20,0
2026-07-12,S001,P0007,73,20,0
2026-07-12,S001,P0008,66,20,0
2026-07-12,S001,P0009,74,20,0
2026-07-12,S001,P0010,80,20,0
2026-07-12,S002,P0001,117,20,0
2026-07-12,S002,P0002,101,20,0
2026-07-12,S002,P0003,70,20,0
2026-07-12,S002,P0004,53,20,0
2026-07-12,S002,P0005,108,20,0
2026-07-12,S002,P0006,52,20,0
2026-07-12,S002,P0007,109,20,0
2026-07-12,S002,P0008,102,20,0
2026-07-12,S002,P0009,27,20,0
2026-07-12,S002,P0010,119,20,0
2026-07-12,S003,P0001,33,20,0
2026-07-12,S003,P0002,82,20,0
2026-07-12,S003,P0003,97,20,0
2026-07-12,S003,P0004,70,20,0
2026-07-12,S003,P0005,115,20,0
2026-07-12,S003,P0006,50,20,0
2026-07-12,S003,P0007,109,20,0
2026-07-12,S003,P0008,71,20,0
2026-07-12,S003,P0009,100,20,0
2026-07-12,S003,P0010,118,20,0
2026-07-12,S004,P0001,106,20,0
2026-07-12,S004,P0002,46,20,0
2026-07-12,S004,P0003,92,20,0
2026-07-12,S004,P0004,70,20,0
2026-07-12,S004,P0005,110,20,0
2026-07-12,S004,P0006,81,20,0
2026-07-12,S004,P0007,88,20,0
2026-07-12,S004,P0008,73,20,0
2026-07-12,S004,P0009,59,20,0
2026-07-12,S004,P0010,119,20,0
2026-07-12,S005,P0001,58,20,0
2026-07-12,S005,P0002,69,20,0
2026-07-12,S005,P0003,119,20,0
2026-07-12,S005,P0004,50,20,0
2026-07-12,S005,P0005,118,20,0
2026-07-12,S005,P0006,113,20,0
2026-07-12,S005,P0007,79,20,0
2026-07-12,S005,P0008,42,20,0
2026-07-12,S005,P0009,26,20,0
2026-07-12,S005,P0010,50,20,0
2026-07-13,S001,P0001,35,20,0
2026-07-13,S001,P0002,89,20,0
2026-07-13,S001,P0003,43,20,0
2026-07-13,S001,P0004,65,20,0
2026-07-13,S001,P0005,87,20,0
2026-07-13,S001,P0006,38,20,0
2026-07-13,S001,P0007,72,20,0
2026-07-13,S001,P0008,64,20,0
2026-07-13,S001,P0009,71,20,0
2026-07-13,S001,P0010,79,20,0
2026-07-13,S002,P0001,117,20,0
2026-07-13,S002,P0002,100,20,0
2026-07-13,S002,P0003,69,20,0
2026-07-13,S002,P0004,52,20,0
2026-07-13,S002,P0005,105,20,0
2026-07-13,S002,P0006,51,20,0
2026-07-13,S002,P0007,107,20,0
2026-07-13,S002,P0008,101,20,0
2026-07-13,S002,P0009,24,20,0
2026-07-13,S002,P0010,117,20,0
2026-07-13,S003,P0001,32,20,0
2026-07-13,S003,P0002,78,20,0
2026-07-13,S003,P0003,97,20,0
2026-07-13,S003,P0004,69,20,0
2026-07-13,S003,P0005,114,20,0
2026-07-13,S003,P0006,47,20,0
2026-07-13,S003,P0007,109,20,0
2026-07-13,S003,P0008,71,20,0
2026-07-13,S003,P0009,100,20,0
2026-07-13,S003,P0010,114,20,0
2026-07-13,S004,P0001,103,20,0
2026-07-13,S004,P0002,45,20,0
2026-07-13,S004,P0003,90,20,0
2026-07-13,S004,P0004,70,20,0
2026-07-13,S004,P0005,110,20,0
2026-07-13,S004,P0006,81,20,0
2026-07-13,S004,P0007,87,20,0
2026-07-13,S004,P0008,72,20,0
2026-07-13,S004,P0009,56,20,0
2026-07-13,S004,P0010,116,20,0
2026-07-13,S005,P0001,58,20,0
2026-07-13,S005,P0002,69,20,0
2026-07-13,S005,P0003,119,20,0
2026-07-13,S005,P0004,49,20,0
2026-07-13,S005,P0005,116,20,0
2026-07-13,S005,P0006,113,20,0
2026-07-13,S005,P0007,78,20,0
2026-07-13,S005,P0008,42,20,0
2026-07-13,S005,P0009,23,20,0
2026-07-13,S005,P0010,49,20,0
2026-07-14,S001,P0001,33,20,0
2026-07-14,S001,P0002,87,20,0
2026-07-14,S001,P0003,42,20,0
2026-07-14,S001,P0004,62,20,0
2026-07-14,S001,P0005,84,20,0
2026-07-14,S001,P0006,38,20,0
2026-07-14,S001,P0007,70,20,0
2026-07-14,S001,P0008,63,20,0
2026-07-14,S001,P0009,68,20,0
2026-07-14,S001,P0010,78,20,0
2026-07-14,S002,P0001,117,20,0
2026-07-14,S002,P0002,99,20,0
2026-07-14,S002,P0003,69,20,0
2026-07-14,S002,P0004,50,20,0
2026-07-14,S002,P0005,104,20,0
2026-07-14,S002,P0006,51,20,0
2026-07-14,S002,P0007,107,20,0
2026-07-14,S002,P0008,99,20,0
2026-07-14,S002,P0009,22,20,0
2026-07-14,S002,P0010,117,20,0
2026-07-14,S003,P0001,31,20,0
2026-07-14,S003,P0002,76,20,0
2026-07-14,S003,P0003,94,20,0
2026-07-14,S003,P0004,68,20,0
2026-07-14,S003,P0005,112,20,0
2026-07-14,S003,P0006,47,20,0
2026-07-14,S003,P0007,109,20,0
2026-07-14,S003,P0008,70,20,0
2026-07-14,S003,P0009,98,20,0
2026-07-14,S003,P0010,112,20,0
2026-07-14,S004,P0001,100,20,0
2026-07-14,S004,P0002,43,20,0
2026-07-14,S004,P0003,89,20,0
2026-07-14,S004,P0004,70,20,0
2026-07-14,S004,P0005,106,20,0
2026-07-14,S004,P0006,80,20,0
2026-07-14,S004,P0007,85,20,0
2026-07-14,S004,P0008,72,20,0
2026-07-14,S004,P0009,54,20,0
2026-07-14,S004,P0010,115,20,0
2026-07-14,S005,P0001,58,20,0
2026-07-14,S005,P0002,68,20,0
2026-07-14,S005,P0003,118,20,0
2026-07-14,S005,P0004,49,20,0
2026-07-14,S005,P0005,115,20,0
2026-07-14,S005,P0006,112,20,0
2026-07-14,S005,P0007,76,20,0
2026-07-14,S005,P0008,38,20,0
2026-07-14,S005,P0009,119,20,0
2026-07-14,S005,P0010,48,20,0
2026-07-15,S001,P0001,32,20,0
2026-07-15,S001,P0002,84,20,0
2026-07-15,S001,P0003,38,20,0
2026-07-15,S001,P0004,60,20,0
2026-07-15,S001,P0005,82,20,0
2026-07-15,S001,P0006,36,20,0
2026-07-15,S001,P0007,69,20,0
2026-07-15,S001,P0008,61,20,0
2026-07-15,S001,P0009,68,20,0
2026-07-15,S001,P0010,77,20,0
2026-07-15,S002,P0001,116,20,0
2026-07-15,S002,P0002,98,20,0
2026-07-15,S002,P0003,66,20,0
2026-07-15,S002,P0004,50,20,0
2026-07-15,S002,P0005,102,20,0
2026-07-15,S002,P0006,50,20,0
2026-07-15,S002,P0007,107,20,0
2026-07-15,S002,P0008,97,20,0
2026-07-15,S002,P0009,21,20,0
2026-07-15,S002,P0010,116,20,0
2026-07-15,S003,P0001,31,20,0
2026-07-15,S003,P0002,76,20,0
2026-07-15,S003,P0003,92,20,0
2026-07-15,S003,P0004,68,20,0
2026-07-15,S003,P0005,108,20,0
2026-07-15,S003,P0006,46,20,0
2026-07-15,S003,P0007,107,20,0
2026-07-15,S003,P0008,68,20,0
2026-07-15,S003,P0009,96,20,0
2026-07-15,S003,P0010,111,20,0
2026-07-15,S004,P0001,99,20,0
2026-07-15,S004,P0002,40,20,0
2026-07-15,S004,P0003,88,20,0
2026-07-15,S004,P0004,69,20,0
2026-07-15,S004,P0005,104,20,0
2026-07-15,S004,P0006,79,20,0
2026-07-15,S004,P0007,84,20,0
2026-07-15,S004,P0008,72,20,0
2026-07-15,S004,P0009,54,20,0
2026-07-15,S004,P0010,113,20,0
2026-07-15,S005,P0001,55,20,0
2026-07-15,S005,P0002,68,20,0
2026-07-15,S005,P0003,116,20,0
2026-07-15,S005,P0004,49,20,0
2026-07-15,S005,P0005,112,20,0
2026-07-15,S005,P0006,112,20,0
2026-07-15,S005,P0007,76,20,0
2026-07-15,S005,P0008,37,20,0
2026-07-15,S005,P0009,116,20,0
2026-07-15,S005,P0010,48,20,0
2026-07-16,S001,P0001,30,20,0
2026-07-16,S001,P0002,83,20,0
2026-07-16,S001,P0003,37,20,0
2026-07-16,S001,P0004,60,20,0
2026-07-16,S001,P0005,78,20,0
2026-07-16,S001,P0006,35,20,0
2026-07-16,S001,P0007,69,20,0
2026-07-16,S001,P0008,60,20,0
2026-07-16,S001,P0009,65,20,0
2026-07-16,S001,P0010,75,20,0
2026-07-16,S002,P0001,114,20,0
2026-07-16,S002,P0002,97,20,0
2026-07-16,S002,P0003,65,20,0
2026-07-16,S002,P0004,50,20,0
2026-07-16,S002,P0005,98,20,0
2026-07-16,S002,P0006,50,20,0
2026-07-16,S002,P0007,106,20,0
2026-07-16,S002,P0008,96,20,0
2026-07-16,S002,P0009,117,20,0
2026-07-16,S002,P0010,116,20,0
2026-07-16,S003,P0001,31,20,0
2026-07-16,S003,P0002,75,20,0
2026-07-16,S003,P0003,89,20,0
2026-07-16,S003,P0004,68,20,0
2026-07-16,S003,P0005,107,20,0
2026-07-16,S003,P0006,46,20,0
2026-07-16,S003,P0007,107,20,0
2026-07-16,S003,P0008,66,20,0
2026-07-16,S003,P0009,95,20,0
2026-07-16,S003,P0010,111,20,0
2026-07-16,S004,P0001,99,20,0
2026-07-16,S004,P0002,40,20,0
2026-07-16,S004,P0003,86,20,0
2026-07-16,S004,P0004,67,20,0
2026-07-16,S004,P0005,103,20,0
2026-07-16,S004,P0006,79,20,0
2026-07-16,S004,P0007,83,20,0
2026-07-16,S004,P0008,72,20,0
2026-07-16,S004,P0009,54,20,0
2026-07-16,S004,P0010,113,20,0
2026-07-16,S005,P0001,54,20,0
2026-07-16,S005,P0002,68,20,0
2026-07-16,S005,P0003,113,20,0
2026-07-16,S005,P0004,47,20,0
2026-07-16,S005,P0005,107,20,0
2026-07-16,S005,P0006,111,20,0
2026-07-16,S005,P0007,76,20,0
2026-07-16,S005,P0008,35,20,0
2026-07-16,S005,P0009,112,20,0
2026-07-16,S005,P0010,46,20,0
2026-07-17,S001,P0001,30,20,0
2026-07-17,S001,P0002,80,20,0
2026-07-17,S001,P0003,36,20,0
2026-07-17,S001,P0004,60,20,0
2026-07-17,S001,P0005,74,20,0
2026-07-17,S001,P0006,34,20,0
2026-07-17,S001,P0007,67,20,0
2026-07-17,S001,P0008,59,20,0
2026-07-17,S001,P0009,62,20,0
2026-07-17,S001,P0010,74,20,0
2026-07-17,S002,P0001,110,20,0
2026-07-17,S002,P0002,94,20,0
2026-07-17,S002,P0003,62,20,0
2026-07-17,S002,P0004,50,20,0
2026-07-17,S002,P0005,97,20,0
2026-07-17,S002,P0006,50,20,0
2026-07-17,S002,P0007,106,20,0
2026-07-17,S002,P0008,96,20,0
2026-07-17,S002,P0009,117,20,0
2026-07-17,S002,P0010,114,20,0
2026-07-17,S003,P0001,31,20,0
2026-07-17,S003,P0002,75,20,0
2026-07-17,S003,P0003,89,20,0
2026-07-17,S003,P0004,67,20,0
2026-07-17,S003,P0005,103,20,0
2026-07-17,S003,P0006,45,20,0
2026-07-17,S003,P0007,107,20,0
2026-07-17,S003,P0008,64,20,0
2026-07-17,S003,P0009,92,20,0
2026-07-17,S003,P0010,111,20,0
2026-07-17,S004,P0001,98,20,0
2026-07-17,S004,P0002,37,20,0
2026-07-17,S004,P0003,85,20,0
2026-07-17,S004,P0004,67,20,0
2026-07-17,S004,P0005,98,20,0
2026-07-17,S004,P0006,79,20,0
2026-07-17,S004,P0007,81,20,0
2026-07-17,S004,P0008,70,20,0
2026-07-17,S004,P0009,54,20,0
2026-07-17,S004,P0010,112,20,0
2026-07-17,S005,P0001,53,20,0
2026-07-17,S005,P0002,67,20,0
2026-07-17,S005,P0003,112,20,0
2026-07-17,S005,P0004,47,20,0
2026-07-17,S005,P0005,106,20,0
2026-07-17,S005,P0006,111,20,0
2026-07-17,S005,P0007,73,20,0
2026-07-17,S005,P0008,33,20,0
2026-07-17,S005,P0009,112,20,0
2026-07-17,S005,P0010,45,20,0
2026-07-18,S001,P0001,28,20,0
2026-07-18,S001,P0002,78,20,0
2026-07-18,S001,P0003,36,20,0
2026-07-18,S001,P0004,59,20,0
2026-07-18,S001,P0005,71,20,0
2026-07-18,S001,P0006,34,20,0
2026-07-18,S001,P0007,66,20,0
2026-07-18,S001,P0008,59,20,0
2026-07-18,S001,P0009,62,20,0
2026-07-18,S001,P0010,73,20,0
2026-07-18,S002,P0001,109,20,0
2026-07-18,S002,P0002,94,20,0
2026-07-18,S002,P0003,62,20,0
2026-07-18,S002,P0004,49,20,0
2026-07-18,S002,P0005,94,20,0
2026-07-18,S002,P0006,50,20,0
2026-07-18,S002,P0007,103,20,0
2026-07-18,S002,P0008,95,20,0
2026-07-18,S002,P0009,115,20,0
2026-07-18,S002,P0010,114,20,0
2026-07-18,S003,P0001,31,20,0
2026-07-18,S003,P0002,75,20,0
2026-07-18,S003,P0003,88,20,0
2026-07-18,S003,P0004,67,20,0
2026-07-18,S003,P0005,99,20,0
2026-07-18,S003,P0006,45,20,0
2026-07-18,S003,P0007,107,20,0
2026-07-18,S003,P0008,60,20,0
2026-07-18,S003,P0009,90,20,0
2026-07-18,S003,P0010,109,20,0
2026-07-18,S004,P0001,97,20,0
2026-07-18,S004,P0002,35,20,0
2026-07-18,S004,P0003,84,20,0
2026-07-18,S004,P0004,66,20,0
2026-07-18,S004,P0005,98,20,0
2026-07-18,S004,P0006,78,20,0
2026-07-18,S004,P0007,80,20,0
2026-07-18,S004,P0008,66,20,0
2026-07-18,S004,P0009,53,20,0
2026-07-18,S004,P0010,111,20,0
2026-07-18,S005,P0001,53,20,0
2026-07-18,S005,P0002,67,20,0
2026-07-18,S005,P0003,110,20,0
2026-07-18,S005,P0004,46,20,0
2026-07-18,S005,P0005,105,20,0
2026-07-18,S005,P0006,110,20,0
2026-07-18,S005,P0007,69,20,0
2026-07-18,S005,P0008,33,20,0
2026-07-18,S005,P0009,108,20,0
2026-07-18,S005,P0010,45,20,0
2026-07-19,S001,P0001,27,20,0
2026-07-19,S001,P0002,77,20,0
2026-07-19,S001,P0003,35,20,0
2026-07-19,S001,P0004,59,20,0
2026-07-19,S001,P0005,70,20,0
2026-07-19,S001,P0006,34,20,0
2026-07-19,S001,P0007,66,20,0
2026-07-19,S001,P0008,58,20,0
2026-07-19,S001,P0009,61,20,0
2026-07-19,S001,P0010,70,20,0
2026-07-19,S002,P0001,106,20,0
2026-07-19,S002,P0002,93,20,0
2026-07-19,S002,P0003,62,20,0
2026-07-19,S002,P0004,49,20,0
2026-07-19,S002,P0005,91,20,0
2026-07-19,S002,P0006,49,20,0
2026-07-19,S002,P0007,99,20,0
2026-07-19,S002,P0008,95,20,0
2026-07-19,S002,P0009,114,20,0
2026-07-19,S002,P0010,112,20,0
2026-07-19,S003,P0001,31,20,0
2026-07-19,S003,P0002,74,20,0
2026-07-19,S003,P0003,87,20,0
2026-07-19,S003,P0004,65,20,0
2026-07-19,S003,P0005,96,20,0
2026-07-19,S003,P0006,44,20,0
2026-07-19,S003,P0007,106,20,0
2026-07-19,S003,P0008,55,20,0
2026-07-19,S003,P0009,89,20,0
2026-07-19,S003,P0010,108,20,0
2026-07-19,S004,P0001,96,20,0
2026-07-19,S004,P0002,34,20,0
2026-07-19,S004,P0003,84,20,0
2026-07-19,S004,P0004,65,20,0
2026-07-19,S004,P0005,97,20,0
2026-07-19,S004,P0006,77,20,0
2026-07-19,S004,P0007,80,20,0
2026-07-19,S004,P0008,64,20,0
2026-07-19,S004,P0009,52,20,0
2026-07-19,S004,P0010,109,20,0
2026-07-19,S005,P0001,51,20,0
2026-07-19,S005,P0002,63,20,0
2026-07-19,S005,P0003,110,20,0
2026-07-19,S005,P0004,43,20,0
2026-07-19,S005,P0005,103,20,0
2026-07-19,S005,P0006,110,20,0
2026-07-19,S005,P0007,69,20,0
2026-07-19,S005,P0008,31,20,0
2026-07-19,S005,P0009,108,20,0
2026-07-19,S005,P0010,42,20,0
2026-07-20,S001,P0001,25,20,0
2026-07-20,S001,P0002,75,20,0
2026-07-20,S001,P0003,34,20,0
2026-07-20,S001,P0004,58,20,0
2026-07-20,S001,P0005,67,20,0
2026-07-20,S001,P0006,34,20,0
2026-07-20,S001,P0007,65,20,0
2026-07-20,S001,P0008,58,20,0
2026-07-20,S001,P0009,61,20,0
2026-07-20,S001,P0010,69,20,0
2026-07-20,S002,P0001,104,20,0
2026-07-20,S002,P0002,92,20,0
2026-07-20,S002,P0003,58,20,0
2026-07-20,S002,P0004,49,20,0
2026-07-20,S002,P0005,89,20,0
2026-07-20,S002,P0006,48,20,0
2026-07-20,S002,P0007,99,20,0
2026-07-20,S002,P0008,95,20,0
2026-07-20,S002,P0009,113,20,0
2026-07-20,S002,P0010,108,20,0
2026-07-20,S003,P0001,28,20,0
2026-07-20,S003,P0002,73,20,0
2026-07-20,S003,P0003,85,20,0
2026-07-20,S003,P0004,65,20,0
2026-07-20,S003,P0005,95,20,0
2026-07-20,S003,P0006,44,20,0
2026-07-20,S003,P0007,106,20,0
2026-07-20,S003,P0008,55,20,0
2026-07-20,S003,P0009,87,20,0
2026-07-20,S003,P0010,107,20,0
2026-07-20,S004,P0001,95,20,0
2026-07-20,S004,P0002,34,20,0
2026-07-20,S004,P0003,84,20,0
2026-07-20,S004,P0004,63,20,0
2026-07-20,S004,P0005,95,20,0
2026-07-20,S004,P0006,75,20,0
2026-07-20,S004,P0007,78,20,0
2026-07-20,S004,P0008,63,20,0
2026-07-20,S004,P0009,51,20,0
2026-07-20,S004,P0010,109,20,0
2026-07-20,S005,P0001,51,20,0
2026-07-20,S005,P0002,60,20,0
2026-07-20,S005,P0003,107,20,0
2026-07-20,S005,P0004,42,20,0
2026-07-20,S005,P0005,102,20,0
2026-07-20,S005,P0006,110,20,0
2026-07-20,S005,P0007,67,20,0
2026-07-20,S005,P0008,31,20,0
2026-07-20,S005,P0009,106,20,0
2026-07-20,S005,P0010,41,20,0
2026-07-21,S001,P0001,23,20,0
2026-07-21,S001,P0002,75,20,0
2026-07-21,S001,P0003,33,20,0
2026-07-21,S001,P0004,58,20,0
2026-07-21,S001,P0005,67,20,0
2026-07-21,S001,P0006,33,20,0
2026-07-21,S001,P0007,64,20,0
2026-07-21,S001,P0008,56,20,0
2026-07-21,S001,P0009,60,20,0
2026-07-21,S001,P0010,69,20,0
2026-07-21,S002,P0001,101,20,0
2026-07-21,S002,P0002,88,20,0
2026-07-21,S002,P0003,56,20,0
2026-07-21,S002,P0004,48,20,0
2026-07-21,S002,P0005,84,20,0
2026-07-21,S002,P0006,46,20,0
2026-07-21,S002,P0007,98,20,0
2026-07-21,S002,P0008,95,20,0
2026-07-21,S002,P0009,112,20,0
2026-07-21,S002,P0010,106,20,0
2026-07-21,S003,P0001,28,20,0
2026-07-21,S003,P0002,70,20,0
2026-07-21,S003,P0003,84,20,0
2026-07-21,S003,P0004,64,20,0
2026-07-21,S003,P0005,92,20,0
2026-07-21,S003,P0006,43,20,0
2026-07-21,S003,P0007,105,20,0
2026-07-21,S003,P0008,55,20,0
2026-07-21,S003,P0009,86,20,0
2026-07-21,S003,P0010,107,20,0
2026-07-21,S004,P0001,95,20,0
2026-07-21,S004,P0002,30,20,0
2026-07-21,S004,P0003,84,20,0
2026-07-21,S004,P0004,60,20,0
2026-07-21,S004,P0005,93,20,0
2026-07-21,S004,P0006,73,20,0
2026-07-21,S004,P0007,78,20,0
2026-07-21,S004,P0008,63,20,0
2026-07-21,S004,P0009,47,20,0
2026-07-21,S004,P0010,108,20,0
2026-07-21,S005,P0001,50,20,0
2026-07-21,S005,P0002,59,20,0
2026-07-21,S005,P0003,104,20,0
2026-07-21,S005,P0004,41,20,0
2026-07-21,S005,P0005,102,20,0
2026-07-21,S005,P0006,110,20,0
2026-07-21,S005,P0007,67,20,0
2026-07-21,S005,P0008,27,20,0
2026-07-21,S005,P0009,105,20,0
2026-07-21,S005,P0010,40,20,0
2026-07-22,S001,P0001,21,20,0
2026-07-22,S001,P0002,75,20,0
2026-07-22,S001,P0003,30,20,0
2026-07-22,S001,P0004,58,20,0
2026-07-22,S001,P0005,62,20,0
2026-07-22,S001,P0006,33,20,0
2026-07-22,S001,P0007,62,20,0
2026-07-22,S001,P0008,56,20,0
2026-07-22,S001,P0009,59,20,0
2026-07-22,S001,P0010,67,20,0
2026-07-22,S002,P0001,99,20,0
2026-07-22,S002,P0002,88,20,0
2026-07-22,S002,P0003,56,20,0
2026-07-22,S002,P0004,48,20,0
2026-07-22,S002,P0005,82,20,0
2026-07-22,S002,P0006,46,20,0
2026-07-22,S002,P0007,98,20,0
2026-07-22,S002,P0008,93,20,0
2026-07-22,S002,P0009,107,20,0
2026-07-22,S002,P0010,104,20,0
2026-07-22,S003,P0001,26,20,0
2026-07-22,S003,P0002,67,20,0
2026-07-22,S003,P0003,84,20,0
2026-07-22,S003,P0004,62,20,0
2026-07-22,S003,P0005,91,20,0
2026-07-22,S003,P0006,43,20,0
2026-07-22,S003,P0007,105,20,0
2026-07-22,S003,P0008,55,20,0
2026-07-22,S003,P0009,85,20,0
2026-07-22,S003,P0010,107,20,0
2026-07-22,S004,P0001,92,20,0
2026-07-22,S004,P0002,28,20,0
2026-07-22,S004,P0003,84,20,0
2026-07-22,S004,P0004,58,20,0
2026-07-22,S004,P0005,90,20,0
2026-07-22,S004,P0006,72,20,0
2026-07-22,S004,P0007,78,20,0
2026-07-22,S004,P0008,62,20,0
2026-07-22,S004,P0009,46,20,0
2026-07-22,S004,P0010,107,20,0
2026-07-22,S005,P0001,50,20,0
2026-07-22,S005,P0002,59,20,0
2026-07-22,S005,P0003,102,20,0
2026-07-22,S005,P0004,40,20,0
2026-07-22,S005,P0005,100,20,0
2026-07-22,S005,P0006,108,20,0
2026-07-22,S005,P0007,67,20,0
2026-07-22,S005,P0008,23,20,0
2026-07-22,S005,P0009,104,20,0
2026-07-22,S005,P0010,36,20,0
2026-07-23,S001,P0001,20,20,0
2026-07-23,S001,P0002,72,20,0
2026-07-23,S001,P0003,26,20,0
2026-07-23,S001,P0004,55,20,0
2026-07-23,S001,P0005,60,20,0
2026-07-23,S001,P0006,32,20,0
2026-07-23,S001,P0007,60,20,0
2026-07-23,S001,P0008,55,20,0
2026-07-23,S001,P0009,58,20,0
2026-07-23,S001,P0010,66,20,0
2026-07-23,S002,P0001,97,20,0
2026-07-23,S002,P0002,85,20,0
2026-07-23,S002,P0003,55,20,0
2026-07-23,S002,P0004,48,20,0
2026-07-23,S002,P0005,79,20,0
2026-07-23,S002,P0006,44,20,0
2026-07-23,S002,P0007,98,20,0
2026-07-23,S002,P0008,93,20,0
2026-07-23,S002,P0009,107,20,0
2026-07-23,S002,P0010,102,20,0
2026-07-23,S003,P0001,25,20,0
2026-07-23,S003,P0002,66,20,0
2026-07-23,S003,P0003,82,20,0
2026-07-23,S003,P0004,61,20,0
2026-07-23,S003,P0005,89,20,0
2026-07-23,S003,P0006,43,20,0
2026-07-23,S003,P0007,103,20,0
2026-07-23,S003,P0008,53,20,0
2026-07-23,S003,P0009,84,20,0
2026-07-23,S003,P0010,107,20,0
2026-07-23,S004,P0001,92,20,0
2026-07-23,S004,P0002,28,20,0
2026-07-23,S004,P0003,81,20,0
2026-07-23,S004,P0004,58,20,0
2026-07-23,S004,P0005,88,20,0
2026-07-23,S004,P0006,72,20,0
2026-07-23,S004,P0007,77,20,0
2026-07-23,S004,P0008,61,20,0
2026-07-23,S004,P0009,46,20,0
2026-07-23,S004,P0010,106,20,0
2026-07-23,S005,P0001,50,20,0
2026-07-23,S005,P0002,59,20,0
2026-07-23,S005,P0003,102,20,0
2026-07-23,S005,P0004,39,20,0
2026-07-23,S005,P0005,97,20,0
2026-07-23,S005,P0006,108,20,0
2026-07-23,S005,P0007,67,20,0
2026-07-23,S005,P0008,23,20,0
2026-07-23,S005,P0009,102,20,0
2026-07-23,S005,P0010,34,20,0
2026-07-24,S001,P0001,119,20,0
2026-07-24,S001,P0002,71,20,0
2026-07-24,S001,P0003,25,20,0
2026-07-24,S001,P0004,55,20,0
2026-07-24,S001,P0005,58,20,0
2026-07-24,S001,P0006,32,20,0
2026-07-24,S001,P0007,59,20,0
2026-07-24,S001,P0008,52,20,0
2026-07-24,S001,P0009,56,20,0
2026-07-24,S001,P0010,63,20,0
2026-07-24,S002,P0001,95,20,0
2026-07-24,S002,P0002,83,20,0
2026-07-24,S002,P0003,55,20,0
2026-07-24,S002,P0004,47,20,0
2026-07-24,S002,P0005,78,20,0
2026-07-24,S002,P0006,43,20,0
2026-07-24,S002,P0007,97,20,0
2026-07-24,S002,P0008,91,20,0
2026-07-24,S002,P0009,103,20,0
2026-07-24,S002,P0010,99,20,0
2026-07-24,S003,P0001,23,20,0
2026-07-24,S003,P0002,64,20,0
2026-07-24,S003,P0003,80,20,0
2026-07-24,S003,P0004,61,20,0
2026-07-24,S003,P0005,87,20,0
2026-07-24,S003,P0006,42,20,0
2026-07-24,S003,P0007,103,20,0
2026-07-24,S003,P0008,53,20,0
2026-07-24,S003,P0009,80,20,0
2026-07-24,S003,P0010,104,20,0
2026-07-24,S004,P0001,91,20,0
2026-07-24,S004,P0002,27,20,0
2026-07-24,S004,P0003,81,20,0
2026-07-24,S004,P0004,58,20,0
2026-07-24,S004,P0005,84,20,0
2026-07-24,S004,P0006,72,20,0
2026-07-24,S004,P0007,74,20,0
2026-07-24,S004,P0008,61,20,0
2026-07-24,S004,P0009,42,20,0
2026-07-24,S004,P0010,106,20,0
2026-07-24,S005,P0001,48,20,0
2026-07-24,S005,P0002,56,20,0
2026-07-24,S005,P0003,102,20,0
2026-07-24,S005,P0004,39,20,0
2026-07-24,S005,P0005,92,20,0
2026-07-24,S005,P0006,108,20,0
2026-07-24,S005,P0007,66,20,0
2026-07-24,S005,P0008,22,20,0
2026-07-24,S005,P0009,102,20,0
2026-07-24,S005,P0010,30,20,0
2026-07-25,S001,P0001,119,20,0
2026-07-25,S001,P0002,71,20,0
2026-07-25,S001,P0003,24,20,0
2026-07-25,S001,P0004,55,20,0
2026-07-25,S001,P0005,54,20,0
2026-07-25,S001,P0006,31,20,0
2026-07-25,S001,P0007,58,20,0
2026-07-25,S001,P0008,50,20,0
2026-07-25,S001,P0009,55,20,0
2026-07-25,S001,P0010,62,20,0
2026-07-25,S002,P0001,95,20,0
2026-07-25,S002,P0002,79,20,0
2026-07-25,S002,P0003,52,20,0
2026-07-25,S002,P0004,44,20,0
2026-07-25,S002,P0005,76,20,0
2026-07-25,S002,P0006,43,20,0
2026-07-25,S002,P0007,95,20,0
2026-07-25,S002,P0008,88,20,0
2026-07-25,S002,P0009,101,20,0
2026-07-25,S002,P0010,96,20,0
2026-07-25,S003,P0001,22,20,0
2026-07-25,S003,P0002,63,20,0
2026-07-25,S003,P0003,79,20,0
2026-07-25,S003,P0004,60,20,0
2026-07-25,S003,P0005,83,20,0
2026-07-25,S003,P0006,41,20,0
2026-07-25,S003,P0007,103,20,0
2026-07-25,S003,P0008,53,20,0
2026-07-25,S003,P0009,80,20,0
2026-07-25,S003,P0010,103,20,0
2026-07-25,S004,P0001,90,20,0
2026-07-25,S004,P0002,24,20,0
2026-07-25,S004,P0003,79,20,0
2026-07-25,S004,P0004,56,20,0
2026-07-25,S004,P0005,83,20,0
2026-07-25,S004,P0006,72,20,0
2026-07-25,S004,P0007,72,20,0
2026-07-25,S004,P0008,60,20,0
2026-07-25,S004,P0009,41,20,0
2026-07-25,S004,P0010,105,20,0
2026-07-25,S005,P0001,47,20,0
2026-07-25,S005,P0002,56,20,0
2026-07-25,S005,P0003,100,20,0
2026-07-25,S005,P0004,37,20,0
2026-07-25,S005,P0005,92,20,0
2026-07-25,S005,P0006,107,20,0
2026-07-25,S005,P0007,65,20,0
2026-07-25,S005,P0008,20,20,0
2026-07-25,S005,P0009,100,20,0
2026-07-25,S005,P0010,30,20,0
2026-07-26,S001,P0001,117,20,0
2026-07-26,S001,P0002,68,20,0
2026-07-26,S001,P0003,23,20,0
2026-07-26,S001,P0004,55,20,0
2026-07-26,S001,P0005,51,20,0
2026-07-26,S001,P0006,30,20,0
2026-07-26,S001,P0007,57,20,0
2026-07-26,S001,P0008,48,20,0
2026-07-26,S001,P0009,53,20,0
2026-07-26,S001,P0010,61,20,0
2026-07-26,S002,P0001,92,20,0
2026-07-26,S002,P0002,75,20,0
2026-07-26,S002,P0003,50,20,0
2026-07-26,S002,P0004,42,20,0
2026-07-26,S002,P0005,74,20,0
2026-07-26,S002,P0006,43,20,0
2026-07-26,S002,P0007,95,20,0
2026-07-26,S002,P0008,87,20,0
2026-07-26,S002,P0009,101,20,0
2026-07-26,S002,P0010,94,20,0
2026-07-26,S003,P0001,21,20,0
2026-07-26,S003,P0002,61,20,0
2026-07-26,S003,P0003,77,20,0
2026-07-26,S003,P0004,59,20,0
2026-07-26,S003,P0005,80,20,0
2026-07-26,S003,P0006,41,20,0
2026-07-26,S003,P0007,103,20,0
2026-07-26,S003,P0008,51,20,0
2026-07-26,S003,P0009,78,20,0
2026-07-26,S003,P0010,101,20,0
2026-07-26,S004,P0001,90,20,0
2026-07-26,S004,P0002,22,20,0
2026-07-26,S004,P0003,78,20,0
2026-07-26,S004,P0004,53,20,0
2026-07-26,S004,P0005,82,20,0
2026-07-26,S004,P0006,72,20,0
2026-07-26,S004,P0007,71,20,0
2026-07-26,S004,P0008,59,20,0
2026-07-26,S004,P0009,39,20,0
2026-07-26,S004,P0010,104,20,0
2026-07-26,S005,P0001,44,20,0
2026-07-26,S005,P0002,54,20,0
2026-07-26,S005,P0003,97,20,0
2026-07-26,S005,P0004,35,20,0
2026-07-26,S005,P0005,92,20,0
2026-07-26,S005,P0006,107,20,0
2026-07-26,S005,P0007,65,20,0
2026-07-26,S005,P0008,20,20,0
2026-07-26,S005,P0009,98,20,0
2026-07-26,S005,P0010,29,20,0
2026-07-27,S001,P0001,117,20,0
2026-07-27,S001,P0002,68,20,0
2026-07-27,S001,P0003,23,20,0
2026-07-27,S001,P0004,55,20,0
2026-07-27,S001,P0005,50,20,0
2026-07-27,S001,P0006,29,20,0
2026-07-27,S001,P0007,57,20,0
2026-07-27,S001,P0008,44,20,0
2026-07-27,S001,P0009,51,20,0
2026-07-27,S001,P0010,59,20,0
2026-07-27,S002,P0001,92,20,0
2026-07-27,S002,P0002,72,20,0
2026-07-27,S002,P0003,49,20,0
2026-07-27,S002,P0004,42,20,0
2026-07-27,S002,P0005,72,20,0
2026-07-27,S002,P0006,42,20,0
2026-07-27,S002,P0007,95,20,0
2026-07-27,S002,P0008,87,20,0
2026-07-27,S002,P0009,100,20,0
2026-07-27,S002,P0010,93,20,0
2026-07-27,S003,P0001,20,20,0
2026-07-27,S003,P0002,60,20,0
2026-07-27,S003,P0003,74,20,0
2026-07-27,S003,P0004,59,20,0
2026-07-27,S003,P0005,77,20,0
2026-07-27,S003,P0006,40,20,0
2026-07-27,S003,P0007,103,20,0
2026-07-27,S003,P0008,50,20,0
2026-07-27,S003,P0009,75,20,0
2026-07-27,S003,P0010,101,20,0
2026-07-27,S004,P0001,89,20,0
2026-07-27,S004,P0002,22,20,0
2026-07-27,S004,P0003,76,20,0
2026-07-27,S004,P0004,49,20,0
2026-07-27,S004,P0005,77,20,0
2026-07-27,S004,P0006,72,20,0
2026-07-27,S004,P0007,71,20,0
2026-07-27,S004,P0008,59,20,0
2026-07-27,S004,P0009,38,20,0
2026-07-27,S004,P0010,104,20,0
2026-07-27,S005,P0001,43,20,0
2026-07-27,S005,P0002,53,20,0
2026-07-27,S005,P0003,95,20,0
2026-07-27,S005,P0004,32,20,0
2026-07-27,S005,P0005,90,20,0
2026-07-27,S005,P0006,106,20,0
2026-07-27,S005,P0007,64,20,0
2026-07-27,S005,P0008,20,20,0
2026-07-27,S005,P0009,95,20,0
2026-07-27,S005,P0010,24,20,0
2026-07-28,S001,P0001,115,20,0
2026-07-28,S001,P0002,65,20,0
2026-07-28,S001,P0003,22,20,0
2026-07-28,S001,P0004,53,20,0
2026-07-28,S001,P0005,49,20,0
2026-07-28,S001,P0006,28,20,0
2026-07-28,S001,P0007,57,20,0
2026-07-28,S001,P0008,41,20,0
2026-07-28,S001,P0009,48,20,0
2026-07-28,S001,P0010,58,20,0
2026-07-28,S002,P0001,88,20,0
2026-07-28,S002,P0002,71,20,0
2026-07-28,S002,P0003,49,20,0
2026-07-28,S002,P0004,40,20,0
2026-07-28,S002,P0005,70,20,0
2026-07-28,S002,P0006,41,20,0
2026-07-28,S002,P0007,93,20,0
2026-07-28,S002,P0008,87,20,0
2026-07-28,S002,P0009,98,20,0
2026-07-28,S002,P0010,92,20,0
2026-07-28,S003,P0001,119,20,0
2026-07-28,S003,P0002,59,20,0
2026-07-28,S003,P0003,74,20,0
2026-07-28,S003,P0004,58,20,0
2026-07-28,S003,P0005,76,20,0
2026-07-28,S003,P0006,36,20,0
2026-07-28,S003,P0007,102,20,0
2026-07-28,S003,P0008,47,20,0
2026-07-28,S003,P0009,73,20,0
2026-07-28,S003,P0010,101,20,0
2026-07-28,S004,P0001,88,20,0
2026-07-28,S004,P0002,21,20,0
2026-07-28,S004,P0003,74,20,0
2026-07-28,S004,P0004,49,20,0
2026-07-28,S004,P0005,77,20,0
2026-07-28,S004,P0006,72,20,0
2026-07-28,S004,P0007,69,20,0
2026-07-28,S004,P0008,58,20,0
2026-07-28,S004,P0009,37,20,0
2026-07-28,S004,P0010,104,20,0
2026-07-28,S005,P0001,43,20,0
2026-07-28,S005,P0002,50,20,0
2026-07-28,S005,P0003,95,20,0
2026-07-28,S005,P0004,32,20,0
2026-07-28,S005,P0005,89,20,0
2026-07-28,S005,P0006,106,20,0
2026-07-28,S005,P0007,63,20,0
2026-07-28,S005,P0008,119,20,0
2026-07-28,S005,P0009,94,20,0
2026-07-28,S005,P0010,20,20,0
2026-07-29,S001,P0001,113,20,0
2026-07-29,S001,P0002,63,20,0
2026-07-29,S001,P0003,21,20,0
2026-07-29,S001,P0004,52,20,0
2026-07-29,S001,P0005,47,20,0
2026-07-29,S001,P0006,28,20,0
2026-07-29,S001,P0007,57,20,0
2026-07-29,S001,P0008,39,20,0
2026-07-29,S001,P0009,47,20,0
2026-07-29,S001,P0010,57,20,0
2026-07-29,S002,P0001,88,20,0
2026-07-29,S002,P0002,68,20,0
2026-07-29,S002,P0003,46,20,0
2026-07-29,S002,P0004,40,20,0
2026-07-29,S002,P0005,66,20,0
2026-07-29,S002,P0006,41,20,0
2026-07-29,S002,P0007,93,20,0
2026-07-29,S002,P0008,86,20,0
2026-07-29,S002,P0009,97,20,0
2026-07-29,S002,P0010,89,20,0
2026-07-29,S003,P0001,119,20,0
2026-07-29,S003,P0002,58,20,0
2026-07-29,S003,P0003,73,20,0
2026-07-29,S003,P0004,54,20,0
2026-07-29,S003,P0005,76,20,0
2026-07-29,S003,P0006,35,20,0
2026-07-29,S003,P0007,101,20,0
2026-07-29,S003,P0008,43,20,0
2026-07-29,S003,P0009,73,20,0
2026-07-29,S003,P0010,100,20,0
2026-07-29,S004,P0001,86,20,0
2026-07-29,S004,P0002,20,20,0
2026-07-29,S004,P0003,73,20,0
2026-07-29,S004,P0004,48,20,0
2026-07-29,S004,P0005,76,20,0
2026-07-29,S004,P0006,72,20,0
2026-07-29,S004,P0007,69,20,0
2026-07-29,S004,P0008,57,20,0
2026-07-29,S004,P0009,36,20,0
2026-07-29,S004,P0010,101,20,0
2026-07-29,S005,P0001,42,20,0
2026-07-29,S005,P0002,49,20,0
2026-07-29,S005,P0003,92,20,0
2026-07-29,S005,P0004,31,20,0
2026-07-29,S005,P0005,86,20,0
2026-07-29,S005,P0006,103,20,0
2026-07-29,S005,P0007,61,20,0
2026-07-29,S005,P0008,119,20,0
2026-07-29,S005,P0009,93,20,0
2026-07-29,S005,P0010,20,20,0
2026-07-30,S001,P0001,111,20,0
2026-07-30,S001,P0002,60,20,0
2026-07-30,S001,P0003,21,20,0
2026-07-30,S001,P0004,52,20,0
2026-07-30,S001,P0005,46,20,0
2026-07-30,S001,P0006,27,20,0
2026-07-30,S001,P0007,57,20,0
2026-07-30,S001,P0008,39,20,0
2026-07-30,S001,P0009,45,20,0
2026-07-30,S001,P0010,55,20,0
2026-07-30,S002,P0001,86,20,0
2026-07-30,S002,P0002,67,20,0
2026-07-30,S002,P0003,45,20,0
2026-07-30,S002,P0004,40,20,0
2026-07-30,S002,P0005,66,20,0
2026-07-30,S002,P0006,41,20,0
2026-07-30,S002,P0007,93,20,0
2026-07-30,S002,P0008,84,20,0
2026-07-30,S002,P0009,93,20,0
2026-07-30,S002,P0010,85,20,0
2026-07-30,S003,P0001,118,20,0
2026-07-30,S003,P0002,58,20,0
2026-07-30,S003,P0003,72,20,0
2026-07-30,S003,P0004,52,20,0
2026-07-30,S003,P0005,71,20,0
2026-07-30,S003,P0006,34,20,0
2026-07-30,S003,P0007,100,20,0
2026-07-30,S003,P0008,42,20,0
2026-07-30,S003,P0009,71,20,0
2026-07-30,S003,P0010,97,20,0
2026-07-30,S004,P0001,83,20,0
2026-07-30,S004,P0002,118,20,0
2026-07-30,S004,P0003,73,20,0
2026-07-30,S004,P0004,47,20,0
2026-07-30,S004,P0005,75,20,0
2026-07-30,S004,P0006,72,20,0
2026-07-30,S004,P0007,68,20,0
2026-07-30,S004,P0008,56,20,0
2026-07-30,S004,P0009,33,20,0
2026-07-30,S004,P0010,98,20,0
2026-07-30,S005,P0001,42,20,0
2026-07-30,S005,P0002,48,20,0
2026-07-30,S005,P0003,91,20,0
2026-07-30,S005,P0004,31,20,0
2026-07-30,S005,P0005,85,20,0
2026-07-30,S005,P0006,103,20,0
2026-07-30,S005,P0007,60,20,0
2026-07-30,S005,P0008,118,20,0
2026-07-30,S005,P0009,91,20,0
2026-07-30,S005,P0010,119,20,0
2026-07-31,S001,P0001,109,20,0
2026-07-31,S001,P0002,59,20,0
2026-07-31,S001,P0003,119,20,0
2026-07-31,S001,P0004,50,20,0
2026-07-31,S001,P0005,46,20,0
2026-07-31,S001,P0006,26,20,0
2026-07-31,S001,P0007,57,20,0
2026-07-31,S001,P0008,37,20,0
2026-07-31,S001,P0009,45,20,0
2026-07-31,S001,P0010,54,20,0
2026-07-31,S002,P0001,85,20,0
2026-07-31,S002,P0002,62,20,0
2026-07-31,S002,P0003,43,20,0
2026-07-31,S002,P0004,37,20,0
2026-07-31,S002,P0005,64,20,0
2026-07-31,S002,P0006,41,20,0
2026-07-31,S002,P0007,92,20,0
2026-07-31,S002,P0008,82,20,0
2026-07-31,S002,P0009,91,20,0
2026-07-31,S002,P0010,83,20,0
2026-07-31,S003,P0001,116,20,0
2026-07-31,S003,P0002,54,20,0
2026-07-31,S003,P0003,72,20,0
2026-07-31,S003,P0004,52,20,0
2026-07-31,S003,P0005,70,20,0
2026-07-31,S003,P0006,34,20,0
2026-07-31,S003,P0007,100,20,0
2026-07-31,S003,P0008,40,20,0
2026-07-31,S003,P0009,69,20,0
2026-07-31,S003,P0010,95,20,0
2026-07-31,S004,P0001,82,20,0
2026-07-31,S004,P0002,115,20,0
2026-07-31,S004,P0003,73,20,0
2026-07-31,S004,P0004,46,20,0
2026-07-31,S004,P0005,72,20,0
2026-07-31,S004,P0006,72,20,0
2026-07-31,S004,P0007,67,20,0
2026-07-31,S004,P0008,53,20,0
2026-07-31,S004,P0009,30,20,0
2026-07-31,S004,P0010,98,20,0
2026-07-31,S005,P0001,39,20,0
2026-07-31,S005,P0002,48,20,0
2026-07-31,S005,P0003,89,20,0
2026-07-31,S005,P0004,31,20,0
2026-07-31,S005,P0005,84,20,0
2026-07-31,S005,P0006,103,20,0
2026-07-31,S005,P0007,60,20,0
2026-07-31,S005,P0008,117,20,0
2026-07-31,S005,P0009,90,20,0
2026-07-31,S005,P0010,118,20,0
2026-08-01,S001,P0001,108,20,0
2026-08-01,S001,P0002,58,20,0
2026-08-01,S001,P0003,118,20,0
2026-08-01,S001,P0004,50,20,0
2026-08-01,S001,P0005,45,20,0
2026-08-01,S001,P0006,25,20,0
2026-08-01,S001,P0007,57,20,0
2026-08-01,S001,P0008,37,20,0
2026-08-01,S001,P0009,44,20,0
2026-08-01,S001,P0010,53,20,0
2026-08-01,S002,P0001,84,20,0
2026-08-01,S002,P0002,60,20,0
2026-08-01,S002,P0003,43,20,0
2026-08-01,S002,P0004,35,20,0
2026-08-01,S002,P0005,62,20,0
2026-08-01,S002,P0006,41,20,0
2026-08-01,S002,P0007,92,20,0
2026-08-01,S002,P0008,81,20,0
2026-08-01,S002,P0009,91,20,0
2026-08-01,S002,P0010,81,20,0
2026-08-01,S003,P0001,109,20,0
2026-08-01,S003,P0002,54,20,0
2026-08-01,S003,P0003,72,20,0
2026-08-01,S003,P0004,52,20,0
2026-08-01,S003,P0005,64,20,0
2026-08-01,S003,P0006,34,20,0
2026-08-01,S003,P0007,100,20,0
2026-08-01,S003,P0008,40,20,0
2026-08-01,S003,P0009,66,20,0
2026-08-01,S003,P0010,95,20,0
2026-08-01,S004,P0001,81,20,0
2026-08-01,S004,P0002,114,20,0
2026-08-01,S004,P0003,71,20,0
2026-08-01,S004,P0004,45,20,0
2026-08-01,S004,P0005,68,20,0
2026-08-01,S004,P0006,72,20,0
2026-08-01,S004,P0007,66,20,0
2026-08-01,S004,P0008,51,20,0
2026-08-01,S004,P0009,29,20,0
2026-08-01,S004,P0010,95,20,0
2026-08-01,S005,P0001,37,20,0
2026-08-01,S005,P0002,45,20,0
2026-08-01,S005,P0003,88,20,0
2026-08-01,S005,P0004,30,20,0
2026-08-01,S005,P0005,78,20,0
2026-08-01,S005,P0006,103,20,0
2026-08-01,S005,P0007,60,20,0
2026-08-01,S005,P0008,114,20,0
2026-08-01,S005,P0009,89,20,0
2026-08-01,S005,P0010,117,20,0
2026-08-02,S001,P0001,106,20,0
2026-08-02,S001,P0002,58,20,0
2026-08-02,S001,P0003,116,20,0
2026-08-02,S001,P0004,49,20,0
2026-08-02,S001,P0005,43,20,0
2026-08-02,S001,P0006,25,20,0
2026-08-02,S001,P0007,55,20,0
2026-08-02,S001,P0008,36,20,0
2026-08-02,S001,P0009,42,20,0
2026-08-02,S001,P0010,52,20,0
2026-08-02,S002,P0001,84,20,0
2026-08-02,S002,P0002,58,20,0
2026-08-02,S002,P0003,42,20,0
2026-08-02,S002,P0004,35,20,0
2026-08-02,S002,P0005,59,20,0
2026-08-02,S002,P0006,39,20,0
2026-08-02,S002,P0007,92,20,0
2026-08-02,S002,P0008,79,20,0
2026-08-02,S002,P0009,87,20,0
2026-08-02,S002,P0010,81,20,0
2026-08-02,S003,P0001,109,20,0
2026-08-02,S003,P0002,53,20,0
2026-08-02,S003,P0003,71,20,0
2026-08-02,S003,P0004,51,20,0
2026-08-02,S003,P0005,62,20,0
2026-08-02,S003,P0006,32,20,0
2026-08-02,S003,P0007,98,20,0
2026-08-02,S003,P0008,40,20,0
2026-08-02,S003,P0009,65,20,0
2026-08-02,S003,P0010,92,20,0
2026-08-02,S004,P0001,80,20,0
2026-08-02,S004,P0002,113,20,0
2026-08-02,S004,P0003,70,20,0
2026-08-02,S004,P0004,44,20,0
2026-08-02,S004,P0005,65,20,0
2026-08-02,S004,P0006,72,20,0
2026-08-02,S004,P0007,64,20,0
2026-08-02,S004,P0008,51,20,0
2026-08-02,S004,P0009,29,20,0
2026-08-02,S004,P0010,93,20,0
2026-08-02,S005,P0001,35,20,0
2026-08-02,S005,P0002,43,20,0
2026-08-02,S005,P0003,88,20,0
2026-08-02,S005,P0004,28,20,0
2026-08-02,S005,P0005,71,20,0
2026-08-02,S005,P0006,101,20,0
2026-08-02,S005,P0007,57,20,0
2026-08-02,S005,P0008,113,20,0
2026-08-02,S005,P0009,89,20,0
2026-08-02,S005,P0010,117,20,0
2026-08-03,S001,P0001,106,20,0
2026-08-03,S001,P0002,58,20,0
2026-08-03,S001,P0003,114,20,0
2026-08-03,S001,P0004,47,20,0
2026-08-03,S001,P0005,41,20,0
2026-08-03,S001,P0006,24,20,0
2026-08-03,S001,P0007,55,20,0
2026-08-03,S001,P0008,35,20,0
2026-08-03,S001,P0009,38,20,0
2026-08-03,S001,P0010,52,20,0
2026-08-03,S002,P0001,84,20,0
2026-08-03,S002,P0002,54,20,0
2026-08-03,S002,P0003,41,20,0
2026-08-03,S002,P0004,35,20,0
2026-08-03,S002,P0005,53,20,0
2026-08-03,S002,P0006,39,20,0
2026-08-03,S002,P0007,92,20,0
2026-08-03,S002,P0008,79,20,0
2026-08-03,S002,P0009,86,20,0
2026-08-03,S002,P0010,79,20,0
2026-08-03,S003,P0001,108,20,0
2026-08-03,S003,P0002,53,20,0
2026-08-03,S003,P0003,70,20,0
2026-08-03,S003,P0004,48,20,0
2026-08-03,S003,P0005,59,20,0
2026-08-03,S003,P0006,31,20,0
2026-08-03,S003,P0007,98,20,0
2026-08-03,S003,P0008,39,20,0
2026-08-03,S003,P0009,62,20,0
2026-08-03,S003,P0010,91,20,0
2026-08-03,S004,P0001,76,20,0
2026-08-03,S004,P0002,112,20,0
2026-08-03,S004,P0003,69,20,0
2026-08-03,S004,P0004,43,20,0
2026-08-03,S004,P0005,62,20,0
2026-08-03,S004,P0006,71,20,0
2026-08-03,S004,P0007,63,20,0
2026-08-03,S004,P0008,51,20,0
2026-08-03,S004,P0009,26,20,0
2026-08-03,S004,P0010,93,20,0
2026-08-03,S005,P0001,35,20,0
2026-08-03,S005,P0002,43,20,0
2026-08-03,S005,P0003,86,20,0
2026-08-03,S005,P0004,27,20,0
2026-08-03,S005,P0005,67,20,0
2026-08-03,S005,P0006,99,20,0
2026-08-03,S005,P0007,56,20,0
2026-08-03,S005,P0008,112,20,0
2026-08-03,S005,P0009,88,20,0
2026-08-03,S005,P0010,116,20,0
2026-08-04,S001,P0001,106,20,0
2026-08-04,S001,P0002,57,20,0
2026-08-04,S001,P0003,113,20,0
2026-08-04,S001,P0004,45,20,0
2026-08-04,S001,P0005,39,20,0
2026-08-04,S001,P0006,24,20,0
2026-08-04,S001,P0007,50,20,0
2026-08-04,S001,P0008,34,20,0
2026-08-04,S001,P0009,37,20,0
2026-08-04,S001,P0010,49,20,0
2026-08-04,S002,P0001,82,20,0
2026-08-04,S002,P0002,53,20,0
2026-08-04,S002,P0003,40,20,0
2026-08-04,S002,P0004,33,20,0
2026-08-04,S002,P0005,51,20,0
2026-08-04,S002,P0006,39,20,0
2026-08-04,S002,P0007,92,20,0
2026-08-04,S002,P0008,79,20,0
2026-08-04,S002,P0009,83,20,0
2026-08-04,S002,P0010,77,20,0
2026-08-04,S003,P0001,106,20,0
2026-08-04,S003,P0002,51,20,0
2026-08-04,S003,P0003,69,20,0
2026-08-04,S003,P0004,48,20,0
2026-08-04,S003,P0005,56,20,0
2026-08-04,S003,P0006,31,20,0
2026-08-04,S003,P0007,97,20,0
2026-08-04,S003,P0008,37,20,0
2026-08-04,S003,P0009,61,20,0
2026-08-04,S003,P0010,86,20,0
2026-08-04,S004,P0001,74,20,0
2026-08-04,S004,P0002,110,20,0
2026-08-04,S004,P0003,67,20,0
2026-08-04,S004,P0004,42,20,0
2026-08-04,S004,P0005,58,20,0
2026-08-04,S004,P0006,70,20,0
2026-08-04,S004,P0007,61,20,0
2026-08-04,S004,P0008,49,20,0
2026-08-04,S004,P0009,25,20,0
2026-08-04,S004,P0010,92,20,0
2026-08-04,S005,P0001,34,20,0
2026-08-04,S005,P0002,41,20,0
2026-08-04,S005,P0003,86,20,0
2026-08-04,S005,P0004,26,20,0
2026-08-04,S005,P0005,65,20,0
2026-08-04,S005,P0006,98,20,0
2026-08-04,S005,P0007,56,20,0
2026-08-04,S005,P0008,109,20,0
2026-08-04,S005,P0009,82,20,0
2026-08-04,S005,P0010,116,20,0
2026-08-05,S001,P0001,104,20,0
2026-08-05,S001,P0002,55,20,0
2026-08-05,S001,P0003,112,20,0
2026-08-05,S001,P0004,44,20,0
2026-08-05,S001,P0005,37,20,0
2026-08-05,S001,P0006,22,20,0
2026-08-05,S001,P0007,48,20,0
2026-08-05,S001,P0008,31,20,0
2026-08-05,S001,P0009,35,20,0
2026-08-05,S001,P0010,49,20,0
2026-08-05,S002,P0001,80,20,0
2026-08-05,S002,P0002,51,20,0
2026-08-05,S002,P0003,39,20,0
2026-08-05,S002,P0004,31,20,0
2026-08-05,S002,P0005,48,20,0
2026-08-05,S002,P0006,38,20,0
2026-08-05,S002,P0007,90,20,0
2026-08-05,S002,P0008,77,20,0
2026-08-05,S002,P0009,79,20,0
2026-08-05,S002,P0010,75,20,0
2026-08-05,S003,P0001,105,20,0
2026-08-05,S003,P0002,51,20,0
2026-08-05,S003,P0003,69,20,0
2026-08-05,S003,P0004,47,20,0
2026-08-05,S003,P0005,55,20,0
2026-08-05,S003,P0006,30,20,0
2026-08-05,S003,P0007,96,20,0
2026-08-05,S003,P0008,36,20,0
2026-08-05,S003,P0009,59,20,0
2026-08-05,S003,P0010,80,20,0
2026-08-05,S004,P0001,71,20,0
2026-08-05,S004,P0002,110,20,0
2026-08-05,S004,P0003,64,20,0
2026-08-05,S004,P0004,41,20,0
2026-08-05,S004,P0005,55,20,0
2026-08-05,S004,P0006,69,20,0
2026-08-05,S004,P0007,60,20,0
2026-08-05,S004,P0008,48,20,0
2026-08-05,S004,P0009,23,20,0
2026-08-05,S004,P0010,91,20,0
2026-08-05,S005,P0001,33,20,0
2026-08-05,S005,P0002,39,20,0
2026-08-05,S005,P0003,85,20,0
2026-08-05,S005,P0004,24,20,0
2026-08-05,S005,P0005,65,20,0
2026-08-05,S005,P0006,97,20,0
2026-08-05,S005,P0007,55,20,0
2026-08-05,S005,P0008,107,20,0
2026-08-05,S005,P0009,81,20,0
2026-08-05,S005,P0010,114,20,0
2026-08-06,S001,P0001,101,20,0
2026-08-06,S001,P0002,54,20,0
2026-08-06,S001,P0003,109,20,0
2026-08-06,S001,P0004,44,20,0
2026-08-06,S001,P0005,30,20,0
2026-08-06,S001,P0006,21,20,0
2026-08-06,S001,P0007,48,20,0
2026-08-06,S001,P0008,28,20,0
2026-08-06,S001,P0009,35,20,0
2026-08-06,S001,P0010,46,20,0
2026-08-06,S002,P0001,78,20,0
2026-08-06,S002,P0002,51,20,0
2026-08-06,S002,P0003,35,20,0
2026-08-06,S002,P0004,30,20,0
2026-08-06,S002,P0005,47,20,0
2026-08-06,S002,P0006,37,20,0
2026-08-06,S002,P0007,89,20,0
2026-08-06,S002,P0008,76,20,0
2026-08-06,S002,P0009,75,20,0
2026-08-06,S002,P0010,73,20,0
2026-08-06,S003,P0001,105,20,0
2026-08-06,S003,P0002,48,20,0
2026-08-06,S003,P0003,68,20,0
2026-08-06,S003,P0004,47,20,0
2026-08-06,S003,P0005,49,20,0
2026-08-06,S003,P0006,29,20,0
2026-08-06,S003,P0007,95,20,0
2026-08-06,S003,P0008,34,20,0
2026-08-06,S003,P0009,55,20,0
2026-08-06,S003,P0010,79,20,0
2026-08-06,S004,P0001,71,20,0
2026-08-06,S004,P0002,108,20,0
2026-08-06,S004,P0003,63,20,0
2026-08-06,S004,P0004,39,20,0
2026-08-06,S004,P0005,54,20,0
2026-08-06,S004,P0006,68,20,0
2026-08-06,S004,P0007,59,20,0
2026-08-06,S004,P0008,46,20,0
2026-08-06,S004,P0009,20,20,0
2026-08-06,S004,P0010,88,20,0
2026-08-06,S005,P0001,33,20,0
2026-08-06,S005,P0002,39,20,0
2026-08-06,S005,P0003,85,20,0
2026-08-06,S005,P0004,24,20,0
2026-08-06,S005,P0005,63,20,0
2026-08-06,S005,P0006,97,20,0
2026-08-06,S005,P0007,54,20,0
2026-08-06,S005,P0008,106,20,0
2026-08-06,S005,P0009,80,20,0
2026-08-06,S005,P0010,113,20,0
2026-08-07,S001,P0001,99,20,0
2026-08-07,S001,P0002,53,20,0
2026-08-07,S001,P0003,107,20,0
2026-08-07,S001,P0004,42,20,0
2026-08-07,S001,P0005,29,20,0
2026-08-07,S001,P0006,20,20,0
2026-08-07,S001,P0007,46,20,0
2026-08-07,S001,P0008,28,20,0
2026-08-07,S001,P0009,35,20,0
2026-08-07,S001,P0010,44,20,0
2026-08-07,S002,P0001,76,20,0
2026-08-07,S002,P0002,50,20,0
2026-08-07,S002,P0003,33,20,0
2026-08-07,S002,P0004,27,20,0
2026-08-07,S002,P0005,42,20,0
2026-08-07,S002,P0006,37,20,0
2026-08-07,S002,P0007,89,20,0
2026-08-07,S002,P0008,74,20,0
2026-08-07,S002,P0009,74,20,0
2026-08-07,S002,P0010,72,20,0
2026-08-07,S003,P0001,102,20,0
2026-08-07,S003,P0002,47,20,0
2026-08-07,S003,P0003,66,20,0
2026-08-07,S003,P0004,45,20,0
2026-08-07,S003,P0005,48,20,0
2026-08-07,S003,P0006,28,20,0
2026-08-07,S003,P0007,93,20,0
2026-08-07,S003,P0008,31,20,0
2026-08-07,S003,P0009,52,20,0
2026-08-07,S003,P0010,77,20,0
2026-08-07,S004,P0001,69,20,0
2026-08-07,S004,P0002,103,20,0
2026-08-07,S004,P0003,63,20,0
2026-08-07,S004,P0004,39,20,0
2026-08-07,S004,P0005,51,20,0
2026-08-07,S004,P0006,66,20,0
2026-08-07,S004,P0007,57,20,0
2026-08-07,S004,P0008,45,20,0
2026-08-07,S004,P0009,119,20,0
2026-08-07,S004,P0010,88,20,0
2026-08-07,S005,P0001,33,20,0
2026-08-07,S005,P0002,36,20,0
2026-08-07,S005,P0003,81,20,0
2026-08-07,S005,P0004,23,20,0
2026-08-07,S005,P0005,60,20,0
2026-08-07,S005,P0006,96,20,0
2026-08-07,S005,P0007,54,20,0
2026-08-07,S005,P0008,103,20,0
2026-08-07,S005,P0009,77,20,0
2026-08-07,S005,P0010,112,20,0
2026-08-08,S001,P0001,99,20,0
2026-08-08,S001,P0002,52,20,0
2026-08-08,S001,P0003,106,20,0
2026-08-08,S001,P0004,41,20,0
2026-08-08,S001,P0005,27,20,0
2026-08-08,S001,P0006,119,20,0
2026-08-08,S001,P0007,46,20,0
2026-08-08,S001,P0008,28,20,0
2026-08-08,S001,P0009,32,20,0
2026-08-08,S001,P0010,44,20,0
2026-08-08,S002,P0001,73,20,0
2026-08-08,S002,P0002,50,20,0
2026-08-08,S002,P0003,32,20,0
2026-08-08,S002,P0004,25,20,0
2026-08-08,S002,P0005,40,20,0
2026-08-08,S002,P0006,36,20,0
2026-08-08,S002,P0007,87,20,0
2026-08-08,S002,P0008,73,20,0
2026-08-08,S002,P0009,72,20,0
2026-08-08,S002,P0010,70,20,0
2026-08-08,S003,P0001,100,20,0
2026-08-08,S003,P0002,47,20,0
2026-08-08,S003,P0003,65,20,0
2026-08-08,S003,P0004,44,20,0
2026-08-08,S003,P0005,45,20,0
2026-08-08,S003,P0006,27,20,0
2026-08-08,S003,P0007,93,20,0
2026-08-08,S003,P0008,30,20,0
2026-08-08,S003,P0009,51,20,0
2026-08-08,S003,P0010,75,20,0
2026-08-08,S004,P0001,67,20,0
2026-08-08,S004,P0002,101,20,0
2026-08-08,S004,P0003,62,20,0
2026-08-08,S004,P0004,39,20,0
2026-08-08,S004,P0005,51,20,0
2026-08-08,S004,P0006,66,20,0
2026-08-08,S004,P0007,57,20,0
2026-08-08,S004,P0008,43,20,0
2026-08-08,S004,P0009,117,20,0
2026-08-08,S004,P0010,87,20,0
2026-08-08,S005,P0001,33,20,0
2026-08-08,S005,P0002,36,20,0
2026-08-08,S005,P0003,80,20,0
2026-08-08,S005,P0004,22,20,0
2026-08-08,S005,P0005,57,20,0
2026-08-08,S005,P0006,96,20,0
2026-08-08,S005,P0007,54,20,0
2026-08-08,S005,P0008,102,20,0
2026-08-08,S005,P0009,77,20,0
2026-08-08,S005,P0010,110,20,0
2026-08-09,S001,P0001,97,20,0
2026-08-09,S001,P0002,49,20,0
2026-08-09,S001,P0003,104,20,0
2026-08-09,S001,P0004,39,20,0
2026-08-09,S001,P0005,25,20,0
2026-08-09,S001,P0006,119,20,0
2026-08-09,S001,P0007,46,20,0
2026-08-09,S001,P0008,27,20,0
2026-08-09,S001,P0009,29,20,0
2026-08-09,S001,P0010,42,20,0
2026-08-09,S002,P0001,73,20,0
2026-08-09,S002,P0002,49,20,0
2026-08-09,S002,P0003,29,20,0
2026-08-09,S002,P0004,24,20,0
2026-08-09,S002,P0005,38,20,0
2026-08-09,S002,P0006,33,20,0
2026-08-09,S002,P0007,87,20,0
2026-08-09,S002,P0008,72,20,0
2026-08-09,S002,P0009,72,20,0
2026-08-09,S002,P0010,68,20,0
2026-08-09,S003,P0001,98,20,0
2026-08-09,S003,P0002,46,20,0
2026-08-09,S003,P0003,64,20,0
2026-08-09,S003,P0004,39,20,0
2026-08-09,S003,P0005,43,20,0
2026-08-09,S003,P0006,27,20,0
2026-08-09,S003,P0007,91,20,0
2026-08-09,S003,P0008,29,20,0
2026-08-09,S003,P0009,49,20,0
2026-08-09,S003,P0010,75,20,0
2026-08-09,S004,P0001,66,20,0
2026-08-09,S004,P0002,100,20,0
2026-08-09,S004,P0003,61,20,0
2026-08-09,S004,P0004,37,20,0
2026-08-09,S004,P0005,48,20,0
2026-08-09,S004,P0006,66,20,0
2026-08-09,S004,P0007,57,20,0
2026-08-09,S004,P0008,40,20,0
2026-08-09,S004,P0009,117,20,0
2026-08-09,S004,P0010,86,20,0
2026-08-09,S005,P0001,30,20,0
2026-08-09,S005,P0002,35,20,0
2026-08-09,S005,P0003,80,20,0
2026-08-09,S005,P0004,20,20,0
2026-08-09,S005,P0005,55,20,0
2026-08-09,S005,P0006,95,20,0
2026-08-09,S005,P0007,53,20,0
2026-08-09,S005,P0008,101,20,0
2026-08-09,S005,P0009,77,20,0
2026-08-09,S005,P0010,109,20,0
2026-08-10,S001,P0001,95,20,0
2026-08-10,S001,P0002,47,20,0
2026-08-10,S001,P0003,103,20,0
2026-08-10,S001,P0004,38,20,0
2026-08-10,S001,P0005,22,20,0
2026-08-10,S001,P0006,118,20,0
2026-08-10,S001,P0007,45,20,0
2026-08-10,S001,P0008,22,20,0
2026-08-10,S001,P0009,27,20,0
2026-08-10,S001,P0010,40,20,0
2026-08-10,S002,P0001,73,20,0
2026-08-10,S002,P0002,48,20,0
2026-08-10,S002,P0003,29,20,0
2026-08-10,S002,P0004,21,20,0
2026-08-10,S002,P0005,32,20,0
2026-08-10,S002,P0006,32,20,0
2026-08-10,S002,P0007,86,20,0
2026-08-10,S002,P0008,70,20,0
2026-08-10,S002,P0009,70,20,0
2026-08-10,S002,P0010,67,20,0
2026-08-10,S003,P0001,98,20,0
2026-08-10,S003,P0002,44,20,0
2026-08-10,S003,P0003,63,20,0
2026-08-10,S003,P0004,38,20,0
2026-08-10,S003,P0005,41,20,0
2026-08-10,S003,P0006,27,20,0
2026-08-10,S003,P0007,91,20,0
2026-08-10,S003,P0008,28,20,0
2026-08-10,S003,P0009,45,20,0
2026-08-10,S003,P0010,75,20,0
2026-08-10,S004,P0001,65,20,0
2026-08-10,S004,P0002,100,20,0
2026-08-10,S004,P0003,61,20,0
2026-08-10,S004,P0004,36,20,0
2026-08-10,S004,P0005,45,20,0
2026-08-10,S004,P0006,66,20,0
2026-08-10,S004,P0007,57,20,0
2026-08-10,S004,P0008,39,20,0
2026-08-10,S004,P0009,116,20,0
2026-08-10,S004,P0010,84,20,0
2026-08-10,S005,P0001,29,20,0
2026-08-10,S005,P0002,32,20,0
2026-08-10,S005,P0003,80,20,0
2026-08-10,S005,P0004,119,20,0
2026-08-10,S005,P0005,52,20,0
2026-08-10,S005,P0006,94,20,0
2026-08-10,S005,P0007,51,20,0
2026-08-10,S005,P0008,100,20,0
2026-08-10,S005,P0009,76,20,0
2026-08-10,S005,P0010,108,20,0
2026-08-11,S001,P0001,94,20,0
2026-08-11,S001,P0002,44,20,0
2026-08-11,S001,P0003,103,20,0
2026-08-11,S001,P0004,37,20,0
2026-08-11,S001,P0005,117,20,0
2026-08-11,S001,P0006,118,20,0
2026-08-11,S001,P0007,41,20,0
2026-08-11,S001,P0008,21,20,0
2026-08-11,S001,P0009,26,20,0
2026-08-11,S001,P0010,40,20,0
2026-08-11,S002,P0001,72,20,0
2026-08-11,S002,P0002,44,20,0
2026-08-11,S002,P0003,27,20,0
2026-08-11,S002,P0004,118,20,0
2026-08-11,S002,P0005,30,20,0
2026-08-11,S002,P0006,32,20,0
2026-08-11,S002,P0007,86,20,0
2026-08-11,S002,P0008,69,20,0
2026-08-11,S002,P0009,69,20,0
2026-08-11,S002,P0010,67,20,0
2026-08-11,S003,P0001,96,20,0
2026-08-11,S003,P0002,44,20,0
2026-08-11,S003,P0003,60,20,0
2026-08-11,S003,P0004,37,20,0
2026-08-11,S003,P0005,36,20,0
2026-08-11,S003,P0006,27,20,0
2026-08-11,S003,P0007,91,20,0
2026-08-11,S003,P0008,26,20,0
2026-08-11,S003,P0009,43,20,0
2026-08-11,S003,P0010,73,20,0
2026-08-11,S004,P0001,65,20,0
2026-08-11,S004,P0002,98,20,0
2026-08-11,S004,P0003,61,20,0
2026-08-11,S004,P0004,34,20,0
2026-08-11,S004,P0005,43,20,0
2026-08-11,S004,P0006,65,20,0
2026-08-11,S004,P0007,57,20,0
2026-08-11,S004,P0008,36,20,0
2026-08-11,S004,P0009,114,20,0
2026-08-11,S004,P0010,82,20,0
2026-08-11,S005,P0001,27,20,0
2026-08-11,S005,P0002,30,20,0
2026-08-11,S005,P0003,77,20,0
2026-08-11,S005,P0004,118,20,0
2026-08-11,S005,P0005,52,20,0
2026-08-11,S005,P0006,94,20,0
2026-08-11,S005,P0007,48,20,0
2026-08-11,S005,P0008,98,20,0
2026-08-11,S005,P0009,76,20,0
2026-08-11,S005,P0010,107,20,0
2026-08-12,S001,P0001,90,20,0
2026-08-12,S001,P0002,41,20,0
2026-08-12,S001,P0003,102,20,0
2026-08-12,S001,P0004,35,20,0
2026-08-12,S001,P0005,110,20,0
2026-08-12,S001,P0006,114,20,0
2026-08-12,S001,P0007,40,20,0
2026-08-12,S001,P0008,119,20,0
2026-08-12,S001,P0009,24,20,0
2026-08-12,S001,P0010,39,20,0
2026-08-12,S002,P0001,72,20,0
2026-08-12,S002,P0002,41,20,0
2026-08-12,S002,P0003,26,20,0
2026-08-12,S002,P0004,117,20,0
2026-08-12,S002,P0005,30,20,0
2026-08-12,S002,P0006,32,20,0
2026-08-12,S002,P0007,84,20,0
2026-08-12,S002,P0008,68,20,0
2026-08-12,S002,P0009,66,20,0
2026-08-12,S002,P0010,65,20,0
2026-08-12,S003,P0001,93,20,0
2026-08-12,S003,P0002,43,20,0
2026-08-12,S003,P0003,59,20,0
2026-08-12,S003,P0004,36,20,0
2026-08-12,S003,P0005,35,20,0
2026-08-12,S003,P0006,27,20,0
2026-08-12,S003,P0007,91,20,0
2026-08-12,S003,P0008,24,20,0
2026-08-12,S003,P0009,42,20,0
2026-08-12,S003,P0010,72,20,0
2026-08-12,S004,P0001,64,20,0
2026-08-12,S004,P0002,98,20,0
2026-08-12,S004,P0003,59,20,0
2026-08-12,S004,P0004,34,20,0
2026-08-12,S004,P0005,40,20,0
2026-08-12,S004,P0006,63,20,0
2026-08-12,S004,P0007,56,20,0
2026-08-12,S004,P0008,35,20,0
2026-08-12,S004,P0009,113,20,0
2026-08-12,S004,P0010,82,20,0
2026-08-12,S005,P0001,26,20,0
2026-08-12,S005,P0002,25,20,0
2026-08-12,S005,P0003,73,20,0
2026-08-12,S005,P0004,116,20,0
2026-08-12,S005,P0005,50,20,0
2026-08-12,S005,P0006,94,20,0
2026-08-12,S005,P0007,47,20,0
2026-08-12,S005,P0008,96,20,0
2026-08-12,S005,P0009,76,20,0
2026-08-12,S005,P0010,105,20,0
2026-08-13,S001,P0001,90,20,0
2026-08-13,S001,P0002,39,20,0
2026-08-13,S001,P0003,102,20,0
2026-08-13,S001,P0004,33,20,0
2026-08-13,S001,P0005,107,20,0
2026-08-13,S001,P0006,113,20,0
2026-08-13,S001,P0007,40,20,0
2026-08-13,S001,P0008,117,20,0
2026-08-13,S001,P0009,22,20,0
2026-08-13,S001,P0010,35,20,0
2026-08-13,S002,P0001,69,20,0
2026-08-13,S002,P0002,40,20,0
2026-08-13,S002,P0003,25,20,0
2026-08-13,S002,P0004,117,20,0
2026-08-13,S002,P0005,29,20,0
2026-08-13,S002,P0006,32,20,0
2026-08-13,S002,P0007,84,20,0
2026-08-13,S002,P0008,66,20,0
2026-08-13,S002,P0009,64,20,0
2026-08-13,S002,P0010,64,20,0
2026-08-13,S003,P0001,93,20,0
2026-08-13,S003,P0002,39,20,0
2026-08-13,S003,P0003,59,20,0
2026-08-13,S003,P0004,35,20,0
2026-08-13,S003,P0005,35,20,0
2026-08-13,S003,P0006,27,20,0
2026-08-13,S003,P0007,90,20,0
2026-08-13,S003,P0008,22,20,0
2026-08-13,S003,P0009,41,20,0
2026-08-13,S003,P0010,71,20,0
2026-08-13,S004,P0001,63,20,0
2026-08-13,S004,P0002,98,20,0
2026-08-13,S004,P0003,59,20,0
2026-08-13,S004,P0004,33,20,0
2026-08-13,S004,P0005,40,20,0
2026-08-13,S004,P0006,62,20,0
2026-08-13,S004,P0007,55,20,0
2026-08-13,S004,P0008,32,20,0
2026-08-13,S004,P0009,112,20,0
2026-08-13,S004,P0010,80,20,0
2026-08-13,S005,P0001,25,20,0
2026-08-13,S005,P0002,23,20,0
2026-08-13,S005,P0003,71,20,0
2026-08-13,S005,P0004,114,20,0
2026-08-13,S005,P0005,45,20,0
2026-08-13,S005,P0006,92,20,0
2026-08-13,S005,P0007,45,20,0
2026-08-13,S005,P0008,93,20,0
2026-08-13,S005,P0009,72,20,0
2026-08-13,S005,P0010,104,20,0
2026-08-14,S001,P0001,90,20,0
2026-08-14,S001,P0002,38,20,0
2026-08-14,S001,P0003,101,20,0
2026-08-14,S001,P0004,31,20,0
2026-08-14,S001,P0005,103,20,0
2026-08-14,S001,P0006,113,20,0
2026-08-14,S001,P0007,39,20,0
2026-08-14,S001,P0008,117,20,0
2026-08-14,S001,P0009,118,20,0
2026-08-14,S001,P0010,35,20,0
2026-08-14,S002,P0001,67,20,0
2026-08-14,S002,P0002,37,20,0
2026-08-14,S002,P0003,25,20,0
2026-08-14,S002,P0004,116,20,0
2026-08-14,S002,P0005,25,20,0
2026-08-14,S002,P0006,32,20,0
2026-08-14,S002,P0007,83,20,0
2026-08-14,S002,P0008,66,20,0
2026-08-14,S002,P0009,64,20,0
2026-08-14,S002,P0010,63,20,0
2026-08-14,S003,P0001,93,20,0
2026-08-14,S003,P0002,38,20,0
2026-08-14,S003,P0003,57,20,0
2026-08-14,S003,P0004,33,20,0
2026-08-14,S003,P0005,33,20,0
2026-08-14,S003,P0006,26,20,0
2026-08-14,S003,P0007,88,20,0
2026-08-14,S003,P0008,20,20,0
2026-08-14,S003,P0009,40,20,0
2026-08-14,S003,P0010,71,20,0
2026-08-14,S004,P0001,63,20,0
2026-08-14,S004,P0002,97,20,0
2026-08-14,S004,P0003,57,20,0
2026-08-14,S004,P0004,33,20,0
2026-08-14,S004,P0005,37,20,0
2026-08-14,S004,P0006,61,20,0
2026-08-14,S004,P0007,54,20,0
2026-08-14,S004,P0008,31,20,0
2026-08-14,S004,P0009,112,20,0
2026-08-14,S004,P0010,78,20,0
2026-08-14,S005,P0001,24,20,0
2026-08-14,S005,P0002,20,20,0
2026-08-14,S005,P0003,69,20,0
2026-08-14,S005,P0004,112,20,0
2026-08-14,S005,P0005,43,20,0
2026-08-14,S005,P0006,92,20,0
2026-08-14,S005,P0007,44,20,0
2026-08-14,S005,P0008,93,20,0
2026-08-14,S005,P0009,71,20,0
2026-08-14,S005,P0010,104,20,0
2026-08-15,S001,P0001,87,20,0
2026-08-15,S001,P0002,36,20,0
2026-08-15,S001,P0003,100,20,0
2026-08-15,S001,P0004,30,20,0
2026-08-15,S001,P0005,101,20,0
2026-08-15,S001,P0006,112,20,0
2026-08-15,S001,P0007,38,20,0
2026-08-15,S001,P0008,116,20,0
2026-08-15,S001,P0009,118,20,0
2026-08-15,S001,P0010,32,20,0
2026-08-15,S002,P0001,65,20,0
2026-08-15,S002,P0002,33,20,0
2026-08-15,S002,P0003,23,20,0
2026-08-15,S002,P0004,114,20,0
2026-08-15,S002,P0005,21,20,0
2026-08-15,S002,P0006,32,20,0
2026-08-15,S002,P0007,82,20,0
2026-08-15,S002,P0008,66,20,0
2026-08-15,S002,P0009,64,20,0
2026-08-15,S002,P0010,61,20,0
2026-08-15,S003,P0001,91,20,0
2026-08-15,S003,P0002,35,20,0
2026-08-15,S003,P0003,53,20,0
2026-08-15,S003,P0004,33,20,0
2026-08-15,S003,P0005,28,20,0
2026-08-15,S003,P0006,24,20,0
2026-08-15,S003,P0007,88,20,0
2026-08-15,S003,P0008,119,20,0
2026-08-15,S003,P0009,38,20,0
2026-08-15,S003,P0010,71,20,0
2026-08-15,S004,P0001,63,20,0
2026-08-15,S004,P0002,92,20,0
2026-08-15,S004,P0003,55,20,0
2026-08-15,S004,P0004,32,20,0
2026-08-15,S004,P0005,35,20,0
2026-08-15,S004,P0006,61,20,0
2026-08-15,S004,P0007,52,20,0
2026-08-15,S004,P0008,27,20,0
2026-08-15,S004,P0009,111,20,0
2026-08-15,S004,P0010,77,20,0
2026-08-15,S005,P0001,22,20,0
2026-08-15,S005,P0002,20,20,0
2026-08-15,S005,P0003,69,20,0
2026-08-15,S005,P0004,112,20,0
2026-08-15,S005,P0005,40,20,0
2026-08-15,S005,P0006,92,20,0
2026-08-15,S005,P0007,43,20,0
2026-08-15,S005,P0008,93,20,0
2026-08-15,S005,P0009,70,20,0
2026-08-15,S005,P0010,104,20,0
2026-08-16,S001,P0001,85,20,0
2026-08-16,S001,P0002,36,20,0
2026-08-16,S001,P0003,99,20,0
2026-08-16,S001,P0004,30,20,0
2026-08-16,S001,P0005,93,20,0
2026-08-16,S001,P0006,112,20,0
2026-08-16,S001,P0007,36,20,0
2026-08-16,S001,P0008,113,20,0
2026-08-16,S001,P0009,115,20,0
2026-08-16,S001,P0010,32,20,0
2026-08-16,S002,P0001,64,20,0
2026-08-16,S002,P0002,32,20,0
2026-08-16,S002,P0003,22,20,0
2026-08-16,S002,P0004,112,20,0
2026-08-16,S002,P0005,117,20,0
2026-08-16,S002,P0006,31,20,0
2026-08-16,S002,P0007,80,20,0
2026-08-16,S002,P0008,66,20,0
2026-08-16,S002,P0009,63,20,0
2026-08-16,S002,P0010,60,20,0
2026-08-16,S003,P0001,90,20,0
2026-08-16,S003,P0002,33,20,0
2026-08-16,S003,P0003,51,20,0
2026-08-16,S003,P0004,30,20,0
2026-08-16,S003,P0005,23,20,0
2026-08-16,S003,P0006,24,20,0
2026-08-16,S003,P0007,87,20,0
2026-08-16,S003,P0008,118,20,0
2026-08-16,S003,P0009,36,20,0
2026-08-16,S003,P0010,67,20,0
2026-08-16,S004,P0001,61,20,0
2026-08-16,S004,P0002,92,20,0
2026-08-16,S004,P0003,54,20,0
2026-08-16,S004,P0004,32,20,0
2026-08-16,S004,P0005,33,20,0
2026-08-16,S004,P0006,61,20,0
2026-08-16,S004,P0007,52,20,0
2026-08-16,S004,P0008,23,20,0
2026-08-16,S004,P0009,109,20,0
2026-08-16,S004,P0010,75,20,0
2026-08-16,S005,P0001,117,20,0
2026-08-16,S005,P0002,119,20,0
2026-08-16,S005,P0003,66,20,0
2026-08-16,S005,P0004,110,20,0
2026-08-16,S005,P0005,35,20,0
2026-08-16,S005,P0006,91,20,0
2026-08-16,S005,P0007,41,20,0
2026-08-16,S005,P0008,93,20,0
2026-08-16,S005,P0009,63,20,0
2026-08-16,S005,P0010,104,20,0
2026-08-17,S001,P0001,83,20,0
2026-08-17,S001,P0002,36,20,0
2026-08-17,S001,P0003,98,20,0
2026-08-17,S001,P0004,30,20,0
2026-08-17,S001,P0005,92,20,0
2026-08-17,S001,P0006,112,20,0
2026-08-17,S001,P0007,36,20,0
2026-08-17,S001,P0008,112,20,0
2026-08-17,S001,P0009,113,20,0
2026-08-17,S001,P0010,31,20,0
2026-08-17,S002,P0001,59,20,0
2026-08-17,S002,P0002,32,20,0
2026-08-17,S002,P0003,22,20,0
2026-08-17,S002,P0004,111,20,0
2026-08-17,S002,P0005,113,20,0
2026-08-17,S002,P0006,31,20,0
2026-08-17,S002,P0007,79,20,0
2026-08-17,S002,P0008,64,20,0
2026-08-17,S002,P0009,61,20,0
2026-08-17,S002,P0010,59,20,0
2026-08-17,S003,P0001,89,20,0
2026-08-17,S003,P0002,32,20,0
2026-08-17,S003,P0003,50,20,0
2026-08-17,S003,P0004,30,20,0
2026-08-17,S003,P0005,21,20,0
2026-08-17,S003,P0006,24,20,0
2026-08-17,S003,P0007,85,20,0
2026-08-17,S003,P0008,117,20,0
2026-08-17,S003,P0009,34,20,0
2026-08-17,S003,P0010,64,20,0
2026-08-17,S004,P0001,61,20,0
2026-08-17,S004,P0002,92,20,0
2026-08-17,S004,P0003,52,20,0
2026-08-17,S004,P0004,31,20,0
2026-08-17,S004,P0005,31,20,0
2026-08-17,S004,P0006,61,20,0
2026-08-17,S004,P0007,52,20,0
2026-08-17,S004,P0008,20,20,0
2026-08-17,S004,P0009,108,20,0
2026-08-17,S004,P0010,73,20,0
2026-08-17,S005,P0001,115,20,0
2026-08-17,S005,P0002,118,20,0
2026-08-17,S005,P0003,64,20,0
2026-08-17,S005,P0004,109,20,0
2026-08-17,S005,P0005,32,20,0
2026-08-17,S005,P0006,89,20,0
2026-08-17,S005,P0007,40,20,0
2026-08-17,S005,P0008,91,20,0
2026-08-17,S005,P0009,62,20,0
2026-08-17,S005,P0010,101,20,0
2026-08-18,S001,P0001,80,20,0
2026-08-18,S001,P0002,36,20,0
2026-08-18,S001,P0003,98,20,0
2026-08-18,S001,P0004,29,20,0
2026-08-18,S001,P0005,88,20,0
2026-08-18,S001,P0006,110,20,0
2026-08-18,S001,P0007,36,20,0
2026-08-18,S001,P0008,111,20,0
2026-08-18,S001,P0009,111,20,0
2026-08-18,S001,P0010,29,20,0
2026-08-18,S002,P0001,58,20,0
2026-08-18,S002,P0002,30,20,0
2026-08-18,S002,P0003,21,20,0
2026-08-18,S002,P0004,111,20,0
2026-08-18,S002,P0005,111,20,0
2026-08-18,S002,P0006,29,20,0
2026-08-18,S002,P0007,77,20,0
2026-08-18,S002,P0008,63,20,0
2026-08-18,S002,P0009,61,20,0
2026-08-18,S002,P0010,58,20,0
2026-08-18,S003,P0001,86,20,0
2026-08-18,S003,P0002,31,20,0
2026-08-18,S003,P0003,49,20,0
2026-08-18,S003,P0004,30,20,0
2026-08-18,S003,P0005,21,20,0
2026-08-18,S003,P0006,21,20,0
2026-08-18,S003,P0007,85,20,0
2026-08-18,S003,P0008,114,20,0
2026-08-18,S003,P0009,32,20,0
2026-08-18,S003,P0010,64,20,0
2026-08-18,S004,P0001,59,20,0
2026-08-18,S004,P0002,92,20,0
2026-08-18,S004,P0003,52,20,0
2026-08-18,S004,P0004,28,20,0
2026-08-18,S004,P0005,30,20,0
2026-08-18,S004,P0006,61,20,0
2026-08-18,S004,P0007,50,20,0
2026-08-18,S004,P0008,20,20,0
2026-08-18,S004,P0009,108,20,0
2026-08-18,S004,P0010,72,20,0
2026-08-18,S005,P0001,115,20,0
2026-08-18,S005,P0002,116,20,0
2026-08-18,S005,P0003,61,20,0
2026-08-18,S005,P0004,109,20,0
2026-08-18,S005,P0005,26,20,0
2026-08-18,S005,P0006,88,20,0
2026-08-18,S005,P0007,40,20,0
2026-08-18,S005,P0008,90,20,0
2026-08-18,S005,P0009,62,20,0
2026-08-18,S005,P0010,99,20,0
2026-08-19,S001,P0001,79,20,0
2026-08-19,S001,P0002,32,20,0
2026-08-19,S001,P0003,97,20,0
2026-08-19,S001,P0004,29,20,0
2026-08-19,S001,P0005,87,20,0
2026-08-19,S001,P0006,109,20,0
2026-08-19,S001,P0007,34,20,0
2026-08-19,S001,P0008,111,20,0
2026-08-19,S001,P0009,109,20,0
2026-08-19,S001,P0010,27,20,0
2026-08-19,S002,P0001,58,20,0
2026-08-19,S002,P0002,25,20,0
2026-08-19,S002,P0003,21,20,0
2026-08-19,S002,P0004,110,20,0
2026-08-19,S002,P0005,108,20,0
2026-08-19,S002,P0006,27,20,0
2026-08-19,S002,P0007,76,20,0
2026-08-19,S002,P0008,62,20,0
2026-08-19,S002,P0009,60,20,0
2026-08-19,S002,P0010,56,20,0
2026-08-19,S003,P0001,84,20,0
2026-08-19,S003,P0002,28,20,0
2026-08-19,S003,P0003,49,20,0
2026-08-19,S003,P0004,29,20,0
2026-08-19,S003,P0005,21,20,0
2026-08-19,S003,P0006,20,20,0
2026-08-19,S003,P0007,83,20,0
2026-08-19,S003,P0008,113,20,0
2026-08-19,S003,P0009,29,20,0
2026-08-19,S003,P0010,63,20,0
2026-08-19,S004,P0001,57,20,0
2026-08-19,S004,P0002,90,20,0
2026-08-19,S004,P0003,52,20,0
2026-08-19,S004,P0004,28,20,0
2026-08-19,S004,P0005,29,20,0
2026-08-19,S004,P0006,61,20,0
2026-08-19,S004,P0007,50,20,0
2026-08-19,S004,P0008,118,20,0
2026-08-19,S004,P0009,105,20,0
2026-08-19,S004,P0010,71,20,0
2026-08-19,S005,P0001,114,20,0
2026-08-19,S005,P0002,115,20,0
2026-08-19,S005,P0003,61,20,0
2026-08-19,S005,P0004,107,20,0
2026-08-19,S005,P0005,23,20,0
2026-08-19,S005,P0006,87,20,0
2026-08-19,S005,P0007,40,20,0
2026-08-19,S005,P0008,90,20,0
2026-08-19,S005,P0009,61,20,0
2026-08-19,S005,P0010,96,20,0
2026-08-20,S001,P0001,78,20,0
2026-08-20,S001,P0002,30,20,0
2026-08-20,S001,P0003,96,20,0
2026-08-20,S001,P0004,28,20,0
2026-08-20,S001,P0005,86,20,0
2026-08-20,S001,P0006,108,20,0
2026-08-20,S001,P0007,34,20,0
2026-08-20,S001,P0008,108,20,0
2026-08-20,S001,P0009,106,20,0
2026-08-20,S001,P0010,26,20,0
2026-08-20,S002,P0001,58,20,0
2026-08-20,S002,P0002,24,20,0
2026-08-20,S002,P0003,20,20,0
2026-08-20,S002,P0004,110,20,0
2026-08-20,S002,P0005,104,20,0
2026-08-20,S002,P0006,26,20,0
2026-08-20,S002,P0007,74,20,0
2026-08-20,S002,P0008,60,20,0
2026-08-20,S002,P0009,57,20,0
2026-08-20,S002,P0010,54,20,0
2026-08-20,S003,P0001,82,20,0
2026-08-20,S003,P0002,25,20,0
2026-08-20,S003,P0003,47,20,0
2026-08-20,S003,P0004,27,20,0
2026-08-20,S003,P0005,20,20,0
2026-08-20,S003,P0006,20,20,0
2026-08-20,S003,P0007,81,20,0
2026-08-20,S003,P0008,112,20,0
2026-08-20,S003,P0009,26,20,0
2026-08-20,S003,P0010,63,20,0
2026-08-20,S004,P0001,55,20,0
2026-08-20,S004,P0002,90,20,0
2026-08-20,S004,P0003,51,20,0
2026-08-20,S004,P0004,26,20,0
2026-08-20,S004,P0005,27,20,0
2026-08-20,S004,P0006,61,20,0
2026-08-20,S004,P0007,49,20,0
2026-08-20,S004,P0008,117,20,0
2026-08-20,S004,P0009,102,20,0
2026-08-20,S004,P0010,70,20,0
2026-08-20,S005,P0001,112,20,0
2026-08-20,S005,P0002,112,20,0
2026-08-20,S005,P0003,59,20,0
2026-08-20,S005,P0004,107,20,0
2026-08-20,S005,P0005,22,20,0
2026-08-20,S005,P0006,86,20,0
2026-08-20,S005,P0007,39,20,0
2026-08-20,S005,P0008,89,20,0
2026-08-20,S005,P0009,61,20,0
2026-08-20,S005,P0010,95,20,0
2026-08-21,S001,P0001,75,20,0
2026-08-21,S001,P0002,30,20,0
2026-08-21,S001,P0003,95,20,0
2026-08-21,S001,P0004,28,20,0
2026-08-21,S001,P0005,86,20,0
2026-08-21,S001,P0006,108,20,0
2026-08-21,S001,P0007,34,20,0
2026-08-21,S001,P0008,108,20,0
2026-08-21,S001,P0009,103,20,0
2026-08-21,S001,P0010,24,20,0
2026-08-21,S002,P0001,57,20,0
2026-08-21,S002,P0002,23,20,0
2026-08-21,S002,P0003,118,20,0
2026-08-21,S002,P0004,110,20,0
2026-08-21,S002,P0005,103,20,0
2026-08-21,S002,P0006,26,20,0
2026-08-21,S002,P0007,74,20,0
2026-08-21,S002,P0008,58,20,0
2026-08-21,S002,P0009,55,20,0
2026-08-21,S002,P0010,54,20,0
2026-08-21,S003,P0001,79,20,0
2026-08-21,S003,P0002,22,20,0
2026-08-21,S003,P0003,47,20,0
2026-08-21,S003,P0004,27,20,0
2026-08-21,S003,P0005,117,20,0
2026-08-21,S003,P0006,20,20,0
2026-08-21,S003,P0007,81,20,0
2026-08-21,S003,P0008,112,20,0
2026-08-21,S003,P0009,26,20,0
2026-08-21,S003,P0010,63,20,0
2026-08-21,S004,P0001,55,20,0
2026-08-21,S004,P0002,90,20,0
2026-08-21,S004,P0003,48,20,0
2026-08-21,S004,P0004,25,20,0
2026-08-21,S004,P0005,25,20,0
2026-08-21,S004,P0006,60,20,0
2026-08-21,S004,P0007,48,20,0
2026-08-21,S004,P0008,117,20,0
2026-08-21,S004,P0009,100,20,0
2026-08-21,S004,P0010,70,20,0
2026-08-21,S005,P0001,111,20,0
2026-08-21,S005,P0002,110,20,0
2026-08-21,S005,P0003,59,20,0
2026-08-21,S005,P0004,107,20,0
2026-08-21,S005,P0005,21,20,0
2026-08-21,S005,P0006,84,20,0
2026-08-21,S005,P0007,39,20,0
2026-08-21,S005,P0008,88,20,0
2026-08-21,S005,P0009,59,20,0
2026-08-21,S005,P0010,94,20,0
2026-08-22,S001,P0001,74,20,0
2026-08-22,S001,P0002,28,20,0
2026-08-22,S001,P0003,93,20,0
2026-08-22,S001,P0004,26,20,0
2026-08-22,S001,P0005,84,20,0
2026-08-22,S001,P0006,108,20,0
2026-08-22,S001,P0007,34,20,0
2026-08-22,S001,P0008,107,20,0
2026-08-22,S001,P0009,103,20,0
2026-08-22,S001,P0010,22,20,0
2026-08-22,S002,P0001,57,20,0
2026-08-22,S002,P0002,21,20,0
2026-08-22,S002,P0003,116,20,0
2026-08-22,S002,P0004,108,20,0
2026-08-22,S002,P0005,100,20,0
2026-08-22,S002,P0006,26,20,0
2026-08-22,S002,P0007,73,20,0
2026-08-22,S002,P0008,57,20,0
2026-08-22,S002,P0009,54,20,0
2026-08-22,S002,P0010,53,20,0
2026-08-22,S003,P0001,79,20,0
2026-08-22,S003,P0002,21,20,0
2026-08-22,S003,P0003,46,20,0
2026-08-22,S003,P0004,27,20,0
2026-08-22,S003,P0005,114,20,0
2026-08-22,S003,P0006,118,20,0
2026-08-22,S003,P0007,78,20,0
2026-08-22,S003,P0008,112,20,0
2026-08-22,S003,P0009,24,20,0
2026-08-22,S003,P0010,61,20,0
2026-08-22,S004,P0001,53,20,0
2026-08-22,S004,P0002,88,20,0
2026-08-22,S004,P0003,44,20,0
2026-08-22,S004,P0004,22,20,0
2026-08-22,S004,P0005,25,20,0
2026-08-22,S004,P0006,60,20,0
2026-08-22,S004,P0007,47,20,0
2026-08-22,S004,P0008,116,20,0
2026-08-22,S004,P0009,100,20,0
2026-08-22,S004,P0010,68,20,0
2026-08-22,S005,P0001,109,20,0
2026-08-22,S005,P0002,108,20,0
2026-08-22,S005,P0003,58,20,0
2026-08-22,S005,P0004,107,20,0
2026-08-22,S005,P0005,20,20,0
2026-08-22,S005,P0006,84,20,0
2026-08-22,S005,P0007,39,20,0
2026-08-22,S005,P0008,88,20,0
2026-08-22,S005,P0009,58,20,0
2026-08-22,S005,P0010,92,20,0
2026-08-23,S001,P0001,73,20,0
2026-08-23,S001,P0002,22,20,0
2026-08-23,S001,P0003,92,20,0
2026-08-23,S001,P0004,24,20,0
2026-08-23,S001,P0005,80,20,0
2026-08-23,S001,P0006,108,20,0
2026-08-23,S001,P0007,33,20,0
2026-08-23,S001,P0008,106,20,0
2026-08-23,S001,P0009,95,20,0
2026-08-23,S001,P0010,20,20,0
2026-08-23,S002,P0001,57,20,0
2026-08-23,S002,P0002,20,20,0
2026-08-23,S002,P0003,116,20,0
2026-08-23,S002,P0004,108,20,0
2026-08-23,S002,P0005,95,20,0
2026-08-23,S002,P0006,26,20,0
2026-08-23,S002,P0007,72,20,0
2026-08-23,S002,P0008,56,20,0
2026-08-23,S002,P0009,53,20,0
2026-08-23,S002,P0010,52,20,0
2026-08-23,S003,P0001,77,20,0
2026-08-23,S003,P0002,21,20,0
2026-08-23,S003,P0003,45,20,0
2026-08-23,S003,P0004,26,20,0
2026-08-23,S003,P0005,113,20,0
2026-08-23,S003,P0006,116,20,0
2026-08-23,S003,P0007,77,20,0
2026-08-23,S003,P0008,111,20,0
2026-08-23,S003,P0009,20,20,0
2026-08-23,S003,P0010,61,20,0
2026-08-23,S004,P0001,52,20,0
2026-08-23,S004,P0002,88,20,0
2026-08-23,S004,P0003,44,20,0
2026-08-23,S004,P0004,22,20,0
2026-08-23,S004,P0005,21,20,0
2026-08-23,S004,P0006,59,20,0
2026-08-23,S004,P0007,46,20,0
2026-08-23,S004,P0008,115,20,0
2026-08-23,S004,P0009,98,20,0
2026-08-23,S004,P0010,67,20,0
2026-08-23,S005,P0001,108,20,0
2026-08-23,S005,P0002,106,20,0
2026-08-23,S005,P0003,58,20,0
2026-08-23,S005,P0004,105,20,0
2026-08-23,S005,P0005,116,20,0
2026-08-23,S005,P0006,84,20,0
2026-08-23,S005,P0007,37,20,0
2026-08-23,S005,P0008,86,20,0
2026-08-23,S005,P0009,58,20,0
2026-08-23,S005,P0010,91,20,0
2026-08-24,S001,P0001,72,20,0
2026-08-24,S001,P0002,119,20,0
2026-08-24,S001,P0003,91,20,0
2026-08-24,S001,P0004,24,20,0
2026-08-24,S001,P0005,80,20,0
2026-08-24,S001,P0006,107,20,0
2026-08-24,S001,P0007,33,20,0
2026-08-24,S001,P0008,105,20,0
2026-08-24,S001,P0009,94,20,0
2026-08-24,S001,P0010,20,20,0
2026-08-24,S002,P0001,56,20,0
2026-08-24,S002,P0002,20,20,0
2026-08-24,S002,P0003,115,20,0
2026-08-24,S002,P0004,107,20,0
2026-08-24,S002,P0005,92,20,0
2026-08-24,S002,P0006,25,20,0
2026-08-24,S002,P0007,72,20,0
2026-08-24,S002,P0008,54,20,0
2026-08-24,S002,P0009,51,20,0
2026-08-24,S002,P0010,51,20,0
2026-08-24,S003,P0001,76,20,0
2026-08-24,S003,P0002,117,20,0
2026-08-24,S003,P0003,43,20,0
2026-08-24,S003,P0004,24,20,0
2026-08-24,S003,P0005,110,20,0
2026-08-24,S003,P0006,116,20,0
2026-08-24,S003,P0007,77,20,0
2026-08-24,S003,P0008,111,20,0
2026-08-24,S003,P0009,119,20,0
2026-08-24,S003,P0010,60,20,0
2026-08-24,S004,P0001,51,20,0
2026-08-24,S004,P0002,85,20,0
2026-08-24,S004,P0003,42,20,0
2026-08-24,S004,P0004,22,20,0
2026-08-24,S004,P0005,119,20,0
2026-08-24,S004,P0006,58,20,0
2026-08-24,S004,P0007,45,20,0
2026-08-24,S004,P0008,115,20,0
2026-08-24,S004,P0009,94,20,0
2026-08-24,S004,P0010,65,20,0
2026-08-24,S005,P0001,103,20,0
2026-08-24,S005,P0002,105,20,0
2026-08-24,S005,P0003,57,20,0
2026-08-24,S005,P0004,104,20,0
2026-08-24,S005,P0005,115,20,0
2026-08-24,S005,P0006,84,20,0
2026-08-24,S005,P0007,37,20,0
2026-08-24,S005,P0008,84,20,0
2026-08-24,S005,P0009,56,20,0
2026-08-24,S005,P0010,91,20,0
2026-08-25,S001,P0001,71,20,0
2026-08-25,S001,P0002,117,20,0
2026-08-25,S001,P0003,90,20,0
2026-08-25,S001,P0004,22,20,0
2026-08-25,S001,P0005,75,20,0
2026-08-25,S001,P0006,106,20,0
2026-08-25,S001,P0007,32,20,0
2026-08-25,S001,P0008,103,20,0
2026-08-25,S001,P0009,92,20,0
2026-08-25,S001,P0010,119,20,0
2026-08-25,S002,P0001,56,20,0
2026-08-25,S002,P0002,20,20,0
2026-08-25,S002,P0003,113,20,0
2026-08-25,S002,P0004,107,20,0
2026-08-25,S002,P0005,89,20,0
2026-08-25,S002,P0006,25,20,0
2026-08-25,S002,P0007,72,20,0
2026-08-25,S002,P0008,51,20,0
2026-08-25,S002,P0009,50,20,0
2026-08-25,S002,P0010,50,20,0
2026-08-25,S003,P0001,75,20,0
2026-08-25,S003,P0002,116,20,0
2026-08-25,S003,P0003,38,20,0
2026-08-25,S003,P0004,24,20,0
2026-08-25,S003,P0005,107,20,0
2026-08-25,S003,P0006,115,20,0
2026-08-25,S003,P0007,76,20,0
2026-08-25,S003,P0008,110,20,0
2026-08-25,S003,P0009,117,20,0
2026-08-25,S003,P0010,59,20,0
2026-08-25,S004,P0001,47,20,0
2026-08-25,S004,P0002,84,20,0
2026-08-25,S004,P0003,42,20,0
2026-08-25,S004,P0004,20,20,0
2026-08-25,S004,P0005,119,20,0
2026-08-25,S004,P0006,58,20,0
2026-08-25,S004,P0007,44,20,0
2026-08-25,S004,P0008,115,20,0
2026-08-25,S004,P0009,91,20,0
2026-08-25,S004,P0010,65,20,0
2026-08-25,S005,P0001,102,20,0
2026-08-25,S005,P0002,105,20,0
2026-08-25,S005,P0003,55,20,0
2026-08-25,S005,P0004,103,20,0
2026-08-25,S005,P0005,110,20,0
2026-08-25,S005,P0006,83,20,0
2026-08-25,S005,P0007,36,20,0
2026-08-25,S005,P0008,83,20,0
2026-08-25,S005,P0009,55,20,0
2026-08-25,S005,P0010,89,20,0
2026-08-26,S001,P0001,70,20,0
2026-08-26,S001,P0002,115,20,0
2026-08-26,S001,P0003,85,20,0
2026-08-26,S001,P0004,21,20,0
2026-08-26,S001,P0005,73,20,0
2026-08-26,S001,P0006,105,20,0
2026-08-26,S001,P0007,32,20,0
2026-08-26,S001,P0008,102,20,0
2026-08-26,S001,P0009,87,20,0
2026-08-26,S001,P0010,117,20,0
2026-08-26,S002,P0001,55,20,0
2026-08-26,S002,P0002,119,20,0
2026-08-26,S002,P0003,113,20,0
2026-08-26,S002,P0004,106,20,0
2026-08-26,S002,P0005,89,20,0
2026-08-26,S002,P0006,25,20,0
2026-08-26,S002,P0007,72,20,0
2026-08-26,S002,P0008,49,20,0
2026-08-26,S002,P0009,47,20,0
2026-08-26,S002,P0010,48,20,0
2026-08-26,S003,P0001,72,20,0
2026-08-26,S003,P0002,115,20,0
2026-08-26,S003,P0003,38,20,0
2026-08-26,S003,P0004,23,20,0
2026-08-26,S003,P0005,103,20,0
2026-08-26,S003,P0006,115,20,0
2026-08-26,S003,P0007,74,20,0
2026-08-26,S003,P0008,108,20,0
2026-08-26,S003,P0009,114,20,0
2026-08-26,S003,P0010,57,20,0
2026-08-26,S004,P0001,43,20,0
2026-08-26,S004,P0002,83,20,0
2026-08-26,S004,P0003,40,20,0
2026-08-26,S004,P0004,118,20,0
2026-08-26,S004,P0005,117,20,0
2026-08-26,S004,P0006,56,20,0
2026-08-26,S004,P0007,42,20,0
2026-08-26,S004,P0008,113,20,0
2026-08-26,S004,P0009,91,20,0
2026-08-26,S004,P0010,65,20,0
2026-08-26,S005,P0001,100,20,0
2026-08-26,S005,P0002,103,20,0
2026-08-26,S005,P0003,54,20,0
2026-08-26,S005,P0004,102,20,0
2026-08-26,S005,P0005,107,20,0
2026-08-26,S005,P0006,82,20,0
2026-08-26,S005,P0007,36,20,0
2026-08-26,S005,P0008,83,20,0
2026-08-26,S005,P0009,53,20,0
2026-08-26,S005,P0010,88,20,0
2026-08-27,S001,P0001,69,20,0
2026-08-27,S001,P0002,111,20,0
2026-08-27,S001,P0003,84,20,0
2026-08-27,S001,P0004,21,20,0
2026-08-27,S001,P0005,71,20,0
2026-08-27,S001,P0006,104,20,0
2026-08-27,S001,P0007,32,20,0
2026-08-27,S001,P0008,102,20,0
2026-08-27,S001,P0009,83,20,0
2026-08-27,S001,P0010,114,20,0
2026-08-27,S002,P0001,54,20,0
2026-08-27,S002,P0002,118,20,0
2026-08-27,S002,P0003,111,20,0
2026-08-27,S002,P0004,104,20,0
2026-08-27,S002,P0005,87,20,0
2026-08-27,S002,P0006,25,20,0
2026-08-27,S002,P0007,72,20,0
2026-08-27,S002,P0008,46,20,0
2026-08-27,S002,P0009,45,20,0
2026-08-27,S002,P0010,47,20,0
2026-08-27,S003,P0001,72,20,0
2026-08-27,S003,P0002,114,20,0
2026-08-27,S003,P0003,38,20,0
2026-08-27,S003,P0004,23,20,0
2026-08-27,S003,P0005,101,20,0
2026-08-27,S003,P0006,114,20,0
2026-08-27,S003,P0007,73,20,0
2026-08-27,S003,P0008,107,20,0
2026-08-27,S003,P0009,114,20,0
2026-08-27,S003,P0010,56,20,0
2026-08-27,S004,P0001,42,20,0
2026-08-27,S004,P0002,82,20,0
2026-08-27,S004,P0003,38,20,0
2026-08-27,S004,P0004,117,20,0
2026-08-27,S004,P0005,114,20,0
2026-08-27,S004,P0006,54,20,0
2026-08-27,S004,P0007,42,20,0
2026-08-27,S004,P0008,110,20,0
2026-08-27,S004,P0009,88,20,0
2026-08-27,S004,P0010,63,20,0
2026-08-27,S005,P0001,100,20,0
2026-08-27,S005,P0002,101,20,0
2026-08-27,S005,P0003,53,20,0
2026-08-27,S005,P0004,101,20,0
2026-08-27,S005,P0005,107,20,0
2026-08-27,S005,P0006,82,20,0
2026-08-27,S005,P0007,36,20,0
2026-08-27,S005,P0008,79,20,0
2026-08-27,S005,P0009,51,20,0
2026-08-27,S005,P0010,88,20,0
2026-08-28,S001,P0001,69,20,0
2026-08-28,S001,P0002,109,20,0
2026-08-28,S001,P0003,82,20,0
2026-08-28,S001,P0004,118,20,0
2026-08-28,S001,P0005,69,20,0
2026-08-28,S001,P0006,104,20,0
2026-08-28,S001,P0007,32,20,0
2026-08-28,S001,P0008,101,20,0
2026-08-28,S001,P0009,81,20,0
2026-08-28,S001,P0010,113,20,0
2026-08-28,S002,P0001,52,20,0
2026-08-28,S002,P0002,117,20,0
2026-08-28,S002,P0003,110,20,0
2026-08-28,S002,P0004,104,20,0
2026-08-28,S002,P0005,87,20,0
2026-08-28,S002,P0006,24,20,0
2026-08-28,S002,P0007,71,20,0
2026-08-28,S002,P0008,43,20,0
2026-08-28,S002,P0009,44,20,0
2026-08-28,S002,P0010,47,20,0
2026-08-28,S003,P0001,72,20,0
2026-08-28,S003,P0002,112,20,0
2026-08-28,S003,P0003,38,20,0
2026-08-28,S003,P0004,23,20,0
2026-08-28,S003,P0005,100,20,0
2026-08-28,S003,P0006,114,20,0
2026-08-28,S003,P0007,73,20,0
2026-08-28,S003,P0008,106,20,0
2026-08-28,S003,P0009,111,20,0
2026-08-28,S003,P0010,55,20,0
2026-08-28,S004,P0001,41,20,0
2026-08-28,S004,P0002,80,20,0
2026-08-28,S004,P0003,38,20,0
2026-08-28,S004,P0004,117,20,0
2026-08-28,S004,P0005,110,20,0
2026-08-28,S004,P0006,54,20,0
2026-08-28,S004,P0007,41,20,0
2026-08-28,S004,P0008,110,20,0
2026-08-28,S004,P0009,86,20,0
2026-08-28,S004,P0010,62,20,0
2026-08-28,S005,P0001,100,20,0
2026-08-28,S005,P0002,98,20,0
2026-08-28,S005,P0003,53,20,0
2026-08-28,S005,P0004,100,20,0
2026-08-28,S005,P0005,105,20,0
2026-08-28,S005,P0006,79,20,0
2026-08-28,S005,P0007,35,20,0
2026-08-28,S005,P0008,78,20,0
2026-08-28,S005,P0009,50,20,0
2026-08-28,S005,P0010,87,20,0
2026-08-29,S001,P0001,68,20,0
2026-08-29,S001,P0002,106,20,0
2026-08-29,S001,P0003,82,20,0
2026-08-29,S001,P0004,118,20,0
2026-08-29,S001,P0005,68,20,0
2026-08-29,S001,P0006,104,20,0
2026-08-29,S001,P0007,32,20,0
2026-08-29,S001,P0008,101,20,0
2026-08-29,S001,P0009,79,20,0
2026-08-29,S001,P0010,109,20,0
2026-08-29,S002,P0001,50,20,0
2026-08-29,S002,P0002,114,20,0
2026-08-29,S002,P0003,109,20,0
2026-08-29,S002,P0004,103,20,0
2026-08-29,S002,P0005,83,20,0
2026-08-29,S002,P0006,24,20,0
2026-08-29,S002,P0007,71,20,0
2026-08-29,S002,P0008,42,20,0
2026-08-29,S002,P0009,43,20,0
2026-08-29,S002,P0010,44,20,0
2026-08-29,S003,P0001,72,20,0
2026-08-29,S003,P0002,112,20,0
2026-08-29,S003,P0003,38,20,0
2026-08-29,S003,P0004,23,20,0
2026-08-29,S003,P0005,96,20,0
2026-08-29,S003,P0006,114,20,0
2026-08-29,S003,P0007,71,20,0
2026-08-29,S003,P0008,105,20,0
2026-08-29,S003,P0009,109,20,0
2026-08-29,S003,P0010,54,20,0
2026-08-29,S004,P0001,41,20,0
2026-08-29,S004,P0002,79,20,0
2026-08-29,S004,P0003,36,20,0
2026-08-29,S004,P0004,116,20,0
2026-08-29,S004,P0005,108,20,0
2026-08-29,S004,P0006,51,20,0
2026-08-29,S004,P0007,41,20,0
2026-08-29,S004,P0008,110,20,0
2026-08-29,S004,P0009,85,20,0
2026-08-29,S004,P0010,60,20,0
2026-08-29,S005,P0001,99,20,0
2026-08-29,S005,P0002,96,20,0
2026-08-29,S005,P0003,53,20,0
2026-08-29,S005,P0004,96,20,0
2026-08-29,S005,P0005,101,20,0
2026-08-29,S005,P0006,79,20,0
2026-08-29,S005,P0007,35,20,0
2026-08-29,S005,P0008,77,20,0
2026-08-29,S005,P0009,48,20,0
2026-08-29,S005,P0010,87,20,0
2026-08-30,S001,P0001,67,20,0
2026-08-30,S001,P0002,103,20,0
2026-08-30,S001,P0003,80,20,0
2026-08-30,S001,P0004,117,20,0
2026-08-30,S001,P0005,66,20,0
2026-08-30,S001,P0006,102,20,0
2026-08-30,S001,P0007,31,20,0
2026-08-30,S001,P0008,101,20,0
2026-08-30,S001,P0009,75,20,0
2026-08-30,S001,P0010,107,20,0
2026-08-30,S002,P0001,49,20,0
2026-08-30,S002,P0002,112,20,0
2026-08-30,S002,P0003,106,20,0
2026-08-30,S002,P0004,103,20,0
2026-08-30,S002,P0005,81,20,0
2026-08-30,S002,P0006,23,20,0
2026-08-30,S002,P0007,70,20,0
2026-08-30,S002,P0008,40,20,0
2026-08-30,S002,P0009,41,20,0
2026-08-30,S002,P0010,42,20,0
2026-08-30,S003,P0001,72,20,0
2026-08-30,S003,P0002,112,20,0
2026-08-30,S003,P0003,38,20,0
2026-08-30,S003,P0004,23,20,0
2026-08-30,S003,P0005,92,20,0
2026-08-30,S003,P0006,113,20,0
2026-08-30,S003,P0007,70,20,0
2026-08-30,S003,P0008,103,20,0
2026-08-30,S003,P0009,106,20,0
2026-08-30,S003,P0010,53,20,0
2026-08-30,S004,P0001,40,20,0
2026-08-30,S004,P0002,79,20,0
2026-08-30,S004,P0003,34,20,0
2026-08-30,S004,P0004,114,20,0
2026-08-30,S004,P0005,106,20,0
2026-08-30,S004,P0006,50,20,0
2026-08-30,S004,P0007,41,20,0
2026-08-30,S004,P0008,108,20,0
2026-08-30,S004,P0009,85,20,0
2026-08-30,S004,P0010,59,20,0
2026-08-30,S005,P0001,95,20,0
2026-08-30,S005,P0002,95,20,0
2026-08-30,S005,P0003,52,20,0
2026-08-30,S005,P0004,96,20,0
2026-08-30,S005,P0005,100,20,0
2026-08-30,S005,P0006,78,20,0
2026-08-30,S005,P0007,34,20,0
2026-08-30,S005,P0008,76,20,0
2026-08-30,S005,P0009,47,20,0
2026-08-30,S005,P0010,87,20,0
2026-08-31,S001,P0001,64,20,0
2026-08-31,S001,P0002,101,20,0
2026-08-31,S001,P0003,79,20,0
2026-08-31,S001,P0004,117,20,0
2026-08-31,S001,P0005,63,20,0
2026-08-31,S001,P0006,101,20,0
2026-08-31,S001,P0007,31,20,0
2026-08-31,S001,P0008,99,20,0
2026-08-31,S001,P0009,72,20,0
2026-08-31,S001,P0010,104,20,0
2026-08-31,S002,P0001,47,20,0
2026-08-31,S002,P0002,112,20,0
2026-08-31,S002,P0003,106,20,0
2026-08-31,S002,P0004,103,20,0
2026-08-31,S002,P0005,75,20,0
2026-08-31,S002,P0006,23,20,0
2026-08-31,S002,P0007,69,20,0
2026-08-31,S002,P0008,39,20,0
2026-08-31,S002,P0009,39,20,0
2026-08-31,S002,P0010,42,20,0
2026-08-31,S003,P0001,71,20,0
2026-08-31,S003,P0002,111,20,0
2026-08-31,S003,P0003,37,20,0
2026-08-31,S003,P0004,23,20,0
2026-08-31,S003,P0005,89,20,0
2026-08-31,S003,P0006,112,20,0
2026-08-31,S003,P0007,70,20,0
2026-08-31,S003,P0008,103,20,0
2026-08-31,S003,P0009,102,20,0
2026-08-31,S003,P0010,50,20,0
2026-08-31,S004,P0001,36,20,0
2026-08-31,S004,P0002,78,20,0
2026-08-31,S004,P0003,33,20,0
2026-08-31,S004,P0004,114,20,0
2026-08-31,S004,P0005,105,20,0
2026-08-31,S004,P0006,50,20,0
2026-08-31,S004,P0007,41,20,0
2026-08-31,S004,P0008,106,20,0
2026-08-31,S004,P0009,82,20,0
2026-08-31,S004,P0010,57,20,0
2026-08-31,S005,P0001,94,20,0
2026-08-31,S005,P0002,92,20,0
2026-08-31,S005,P0003,52,20,0
2026-08-31,S005,P0004,93,20,0
2026-08-31,S005,P0005,99,20,0
2026-08-31,S005,P0006,77,20,0
2026-08-31,S005,P0007,33,20,0
2026-08-31,S005,P0008,76,20,0
2026-08-31,S005,P0009,45,20,0
2026-08-31,S005,P0010,85,20,0
